,ar_noaanum,ar_mcintoshcls,search_frm_name,search_instrument,search_observatory,sharp_noaa_ars,obs_instrument,obs_lastprocessingdate,obs_levelnum,obs_meanwavel,obs_observatory,obs_title,obs_wavelunit,event_coord1,event_coord2,boundbox_c1ll,boundbox_c1ur,hrc_bbox,hrc_boundcc,hrc_coord,hgc_bbox,hgc_boundcc,hgc_coord,hgc_x,hgc_y,hgs_bbox,hgs_boundcc,hgs_coord,hgs_x,hgs_y,hpc_bbox,hpc_boundcc,hpc_coord,hpc_geom,hpc_radius,hpc_x,hpc_y,hrc_a,hrc_bbox,hrc_boundcc,hrc_coord,hrc_r
0,11490.0,,HMI SHARP,HMI,SDO,11490,HMI,,,4.99999987369e-05,SDO,,cm,35.1435050964,-13.1001911163,27.3771095276,43.1742286682,"POLYGON((0.527739 236.595443,0.717206 245.972988,0.69308 258.502194,0.476747 253.361402,0.527739 236.595443))",,POINT(0.60369247987269 248.766542504975),"POLYGON((-59.7342 -17.385354,-43.93708 -17.385354,-43.93708 -8.376552,-59.7342 -8.376552,-59.7342 -17.385354))",,POINT(-51.967805 -13.100191),-51.967805,-13.100191,"POLYGON((27.37711 -17.385354,43.17423 -17.385354,43.17423 -8.376552,27.37711 -8.376552,27.37711 -17.385354))",,POINT(35.143505 -13.100191),35.143505,-13.100191,"POLYGON((416.6412 -274.7718,619.5 -276.1692,642.3 -130.6518,431.9868 -129.0978,416.6412 -274.7718))",,POINT(532.1604 -206.769),010300000001000000050000002063EE5A420A7A40D8F0F44A592C71C000000000005C8340BB270F0BB54271C066666666661284400D71AC8BDB5460C016FBCBEEC9FF7A409031772D212360C02063EE5A420A7A40D8F0F44A592C71C0,570.918655054430701,532.1604,-206.769,248.766542505,"POLYGON((0.527739 236.595443,0.717206 245.972988,0.69308 258.502194,0.476747 253.361402,0.527739 236.595443))",,POINT(0.60369247987269 248.766542504975),0.603692479873
1,11495.0,,HMI SHARP,HMI,SDO,11495,HMI,,,4.99999987369e-05,SDO,,cm,-21.0013065338,-13.0525350571,-27.5867137909,-15.7997837067,"POLYGON((0.52042 120.803069,0.373844 135.311328,0.314311 121.00279,0.486083 109.551564,0.52042 120.803069))",,POINT(0.412153776169319 121.717781383189),"POLYGON((-114.698025 -15.95559,-102.911093 -15.95559,-102.911093 -9.885482,-114.698025 -9.885482,-114.698025 -15.95559))",,POINT(-108.112617 -13.052535),-108.112617,-13.052535,"POLYGON((-27.586715 -15.95559,-15.799783 -15.95559,-15.799783 -9.885482,-27.586715 -9.885482,-27.586715 -15.95559))",,POINT(-21.001307 -13.052535),-21.001307,-13.052535,"POLYGON((-422.7378 -252.033,-248.6346 -251.3514,-254.7834 -153.1062,-433.188 -153.8388,-422.7378 -252.033))",,POINT(-331.5642 -204.9204),01030000000100000005000000D26F5F07CE6B7AC0931804560E816FC055C1A8A44E146FC0107A36AB3E6B6FC0F775E09C11D96FC0BADA8AFD652363C05EBA490C02137BC050FC1873D73A63C0D26F5F07CE6B7AC0931804560E816FC0,389.778384544089363,-331.5642,-204.9204,121.717781383,"POLYGON((0.52042 120.803069,0.373844 135.311328,0.314311 121.00279,0.486083 109.551564,0.52042 120.803069))",,POINT(0.412153776169319 121.717781383189),0.412153776169
2,11494.0,,HMI SHARP,HMI,SDO,"11494,11502",HMI,,,4.99999987369e-05,SDO,,cm,-72.9998016357,-15.9961719513,-78.036605835,-68.6122131348,"POLYGON((0.980641 108.528784,0.938358 109.303026,0.935721 104.532866,0.9799 103.956222,0.980641 108.528784))",,POINT(0.960051361335562 106.508517456588),"POLYGON((-165.147916 -18.272443,-155.723524 -18.272443,-155.723524 -13.789169,-165.147916 -13.789169,-165.147916 -18.272443))",,POINT(-160.11111 -15.996172),-160.11111,-15.996172,"POLYGON((-78.036606 -18.272443,-68.612214 -18.272443,-68.612214 -13.789169,-78.036606 -13.789169,-78.036606 -18.272443))",,POINT(-72.9998 -15.996172),-72.9998,-15.996172,"POLYGON((-879.33 -294.711,-837.528 -293.3478,-856.608 -222.0582,-899.346 -223.5024,-879.33 -294.711))",,POINT(-870.504 -257.9958),01030000000100000005000000713D0AD7A37A8BC04C378941606B72C04E621058392C8AC0C898BB96905572C0BE9F1A2FDDC48AC012143FC6DCC16BC054E3A59BC41A8CC055302AA913F06BC0713D0AD7A37A8BC04C378941606B72C0,907.931190583096964,-870.504,-257.9958,106.508517457,"POLYGON((0.980641 108.528784,0.938358 109.303026,0.935721 104.532866,0.9799 103.956222,0.980641 108.528784))",,POINT(0.960051361335562 106.508517456588),0.960051361336
3,11499.0,,HMI SHARP,HMI,SDO,"11493,11496,11498,11499,11501",HMI,,,4.99999987369e-05,SDO,,cm,-69.7380065918,13.9471740723,-89.7634811401,-57.9776000977,"POLYGON((1.000013 86.113192,0.851149 85.028095,0.868521 68.053875,1.000002 71.437466,1.000013 86.113192))",,POINT(0.944220905332937 74.9546315744232),"POLYGON((-176.874789 3.884391,-145.088911 3.884391,-145.088911 18.560997,-176.874789 18.560997,-176.874789 3.884391))",,POINT(-156.84932 13.947174),-156.84932,13.947174,"POLYGON((-89.763479 3.884391,-57.977601 3.884391,-57.977601 18.560997,-89.763479 18.560997,-89.763479 3.884391))",,POINT(-69.73801 13.947174),-69.73801,13.947174,"POLYGON((-943.548 64.1064,-801.912 69.762,-761.85 306.9744,-896.514 301.0578,-943.548 64.1064))",,POINT(-862.35 231.798),01030000000100000005000000AAF1D24D627C8DC0D712F241CF0650409EEFA7C64B0F89C054E3A59BC4705140CDCCCCCCCCCE87C08F537424972F7340273108AC1C048CC0575BB1BFECD07240AAF1D24D627C8DC0D712F241CF065040,892.960153256571743,-862.35,231.798,74.9546315744,"POLYGON((1.000013 86.113192,0.851149 85.028095,0.868521 68.053875,1.000002 71.437466,1.000013 86.113192))",,POINT(0.944220905332937 74.9546315744232),0.944220905333
4,11497.0,,HMI SHARP,HMI,SDO,11497,HMI,,,4.99999987369e-05,SDO,,cm,-49.0702514648,-21.8875617981,-53.1612815857,-44.7958488464,"POLYGON((0.834882 118.310537,0.75838 121.38982,0.744378 116.895218,0.825913 114.135532,0.834882 118.310537))",,POINT(0.793089407110317 117.570686224398),"POLYGON((-140.272591 -23.642681,-131.907159 -23.642681,-131.907159 -20.064633,-140.272591 -20.064633,-140.272591 -23.642681))",,POINT(-136.18156 -21.887562),-136.18156,-21.887562,"POLYGON((-53.161281 -23.642681,-44.795849 -23.642681,-44.795849 -20.064633,-53.161281 -20.064633,-53.161281 -23.642681))",,POINT(-49.07025 -21.887562),-49.07025,-21.887562,"POLYGON((-695.118 -374.4474,-612.24 -373.5636,-627.822 -318.4464,-712.794 -319.3788,-695.118 -374.4474))",,POINT(-664.86 -347.1474),010300000001000000050000006DE7FBA9F1B885C0B003E78C286777C052B81E85EB2183C069006F81045977C07F6ABC74939E83C0F38E537424E773C03108AC1C5A4686C099BB96900FF673C06DE7FBA9F1B885C0B003E78C286777C0,750.033423873069864,-664.86,-347.1474,117.570686224,"POLYGON((0.834882 118.310537,0.75838 121.38982,0.744378 116.895218,0.825913 114.135532,0.834882 118.310537))",,POINT(0.793089407110317 117.570686224398),0.79308940711
5,11488.0,,HMI SHARP,HMI,SDO,11488,HMI,,,4.99999987369e-05,SDO,,cm,67.348274231,11.6665449142,62.0264015198,72.2822952271,"POLYGON((0.889384 281.03812,0.955773 280.145483,0.95755 284.91754,0.89372 286.140767,0.889384 281.03812))",,POINT(0.928659329018447 282.862419888094),"POLYGON((-25.084907 9.486645,-14.829013 9.486645,-14.829013 14.058955,-25.084907 14.058955,-25.084907 9.486645))",,POINT(-19.763036 11.666545),-19.763036,11.666545,"POLYGON((62.026403 9.486645,72.282297 9.486645,72.282297 14.058955,62.026403 14.058955,62.026403 9.486645))",,POINT(67.348274 11.666545),67.348274,11.666545,"POLYGON((825.54 161.0388,889.752 159.2178,875.046 233.1186,811.884 234.9642,825.54 161.0388))",,POINT(856.206 195.5064),01030000000100000005000000B81E85EB51CC8940B7627FD93D216440BC74931804CE8B4034A2B437F8E66340EE7C3F355E588B40C7293A92CB236D40508D976E125F8940B459F5B9DA5E6D40B81E85EB51CC8940B7627FD93D216440,878.243398424924067,856.206,195.5064,282.862419888,"POLYGON((0.889384 281.03812,0.955773 280.145483,0.95755 284.91754,0.89372 286.140767,0.889384 281.03812))",,POINT(0.928659329018447 282.862419888094),0.928659329018
6,11490.0,DSO,SWPC,nil,nil,,various,,,5e-05,various,,cm,36.0,-13.0,31.5,40.5,"POLYGON((0.555664 246.818229,0.671579 250.909915,0.670795 251.275818,0.554462 247.248998,0.555664 246.818229))",,POINT(0.614407483290904 249.316638160201),"POLYGON((-55.61131 -13.126051,-46.61131 -13.126051,-46.61131 -12.873949,-55.61131 -12.873949,-55.61131 -13.126051))",,POINT(-51.11131 -13),-51.11131,-13.0,"POLYGON((31.5 -13.126051,40.5 -13.126051,40.5 -12.873949,31.5 -12.873949,31.5 -13.126051))",,POINT(36 -13),36.0,-13.0,"POLYGON((483.0696 -206.862,600.192 -207.7188,600.804 -203.6436,483.5622 -202.7844,483.0696 -206.862))",,POINT(543.6012 -205.2294),01030000000100000005000000D3BCE3141D317E40DD24068195DB69C0A8C64B3789C18240AC8BDB6800F769C0DF4F8D976EC6824094F6065F987469C0FB5C6DC5FE387E40705F07CE195969C0D3BCE3141D317E40DD24068195DB69C0,581.051952294973376,543.6012,-205.2294,249.31663816,"POLYGON((0.555664 246.818229,0.671579 250.909915,0.670795 251.275818,0.554462 247.248998,0.555664 246.818229))",,POINT(0.614407483290904 249.316638160201),0.614407483291
7,11492.0,ESO,SWPC,nil,nil,,various,,,5e-05,various,,cm,11.0,-13.0,5.5,16.5,"POLYGON((0.236193 203.391784,0.352615 231.989836,0.350814 232.424048,0.233278 203.720906,0.236193 203.391784))",,POINT(0.285010900252375 220.935246766427),"POLYGON((-81.61131 -13.093756,-70.61131 -13.093756,-70.61131 -12.906244,-81.61131 -12.906244,-81.61131 -13.093756))",,POINT(-76.11131 -13),-76.11131,-13.0,"POLYGON((5.5 -13.093756,16.5 -13.093756,16.5 -12.906244,5.5 -12.906244,5.5 -13.093756))",,POINT(11 -13),11.0,-13.0,"POLYGON((88.6818 -205.0122,262.743 -205.3524,262.9422 -202.317,88.749 -201.9756,88.6818 -205.0122))",,POINT(176.6028 -203.6226),010300000001000000050000006B9A779CA22B56405C2041F163A069C0D9CEF753E36B704088635DDC46AB69C0A9A44E40136F7040A01A2FDD244A69C00E2DB29DEF2F564048BF7D1D383F69C06B9A779CA22B56405C2041F163A069C0,269.537960589227566,176.6028,-203.6226,220.935246766,"POLYGON((0.236193 203.391784,0.352615 231.989836,0.350814 232.424048,0.233278 203.720906,0.236193 203.391784))",,POINT(0.285010900252375 220.935246766427),0.285010900252
8,11495.0,CRO,SWPC,nil,nil,,various,,,5e-05,various,,cm,-19.0,-12.0,-20.5,-17.5,"POLYGON((0.397995 120.229949,0.356762 124.137731,0.354975 123.643773,0.396452 119.768287,0.397995 120.229949))",,POINT(0.376419851506805 121.829234698116),"POLYGON((-107.61131 -12.103132,-104.61131 -12.103132,-104.61131 -11.896868,-107.61131 -11.896868,-107.61131 -12.103132))",,POINT(-106.11131 -12),-106.11131,-12.0,"POLYGON((-20.5 -12.103132,-17.5 -12.103132,-17.5 -11.896868,-20.5 -11.896868,-20.5 -12.103132))",,POINT(-19 -12),-19.0,-12.0,"POLYGON((-325.2042 -189.501,-279.258 -189.3402,-279.4728 -185.9892,-325.4538 -186.15,-325.2042 -189.501))",,POINT(-302.4528 -187.7424),010300000001000000050000007E1D3867445374C079E9263108B067C0E3A59BC4207471C02D431CEBE2AA67C0C898BB96907771C08126C286A73F67C0CCEEC9C3425774C0CDCCCCCCCC4467C07E1D3867445374C079E9263108B067C0,355.984416773543558,-302.4528,-187.7424,121.829234698,"POLYGON((0.397995 120.229949,0.356762 124.137731,0.354975 123.643773,0.396452 119.768287,0.397995 120.229949))",,POINT(0.376419851506805 121.829234698116),0.376419851507
9,11493.0,DSO,SWPC,nil,nil,,various,,,5e-05,various,,cm,-64.0,15.0,-66.5,-61.5,"POLYGON((0.925607 73.548648,0.890724 72.822257,0.89092 72.638712,0.925742 73.371426,0.925607 73.548648))",,POINT(0.9090254671889 73.1171719946646),"POLYGON((-153.61131 14.917494,-148.61131 14.917494,-148.61131 15.082506,-153.61131 15.082506,-153.61131 14.917494))",,POINT(-151.11131 15),-151.11131,15.0,"POLYGON((-66.5 14.917494,-61.5 14.917494,-61.5 15.082506,-66.5 15.082506,-66.5 14.917494))",,POINT(-64 15),-64.0,15.0,"POLYGON((-839.52 247.902,-804.792 248.7822,-804.168 251.4144,-838.872 250.5342,-839.52 247.902))",,POINT(-822.624 249.663),010300000001000000050000005C8FC2F5283C8AC0BE9F1A2FDDFC6E4075931804562689C0CC5D4BC807196F40D34D6210582189C0CCEEC9C3426D6F40E5D022DBF9368AC0BE30992A18516F405C8FC2F5283C8AC0BE9F1A2FDDFC6E40,859.6754381422096,-822.624,249.663,73.1171719947,"POLYGON((0.925607 73.548648,0.890724 72.822257,0.89092 72.638712,0.925742 73.371426,0.925607 73.548648))",,POINT(0.9090254671889 73.1171719946646),0.909025467189
10,11494.0,HSX,SWPC,nil,nil,,various,,,5e-05,various,,cm,-69.0,-16.0,-70.5,-67.5,"POLYGON((0.947583 106.893987,0.930379 107.186352,0.93015 106.818168,0.947415 106.531993,0.947583 106.893987))",,POINT(0.939172868349689 106.850798449722),"POLYGON((-157.61131 -16.171887,-154.61131 -16.171887,-154.61131 -15.828113,-157.61131 -15.828113,-157.61131 -16.171887))",,POINT(-156.11131 -16),-156.11131,-16.0,"POLYGON((-70.5 -16.171887,-67.5 -16.171887,-67.5 -15.828113,-70.5 -15.828113,-70.5 -16.171887))",,POINT(-69 -16),-69.0,-16.0,"POLYGON((-857.466 -260.4198,-840.582 -259.9842,-842.028 -254.5146,-858.942 -254.952,-857.466 -260.4198))",,POINT(-850.05 -257.4678),010300000001000000050000007D3F355EBACB8AC0C66D3480B74670C02DB29DEFA7448AC092CB7F48BF3F70C04E62105839508AC0B1506B9A77D06FC0A8C64B3789D78AC05839B4C876DE6FC07D3F355EBACB8AC0C66D3480B74670C0,888.186168850224817,-850.05,-257.4678,106.85079845,"POLYGON((0.947583 106.893987,0.930379 107.186352,0.93015 106.818168,0.947415 106.531993,0.947583 106.893987))",,POINT(0.939172868349689 106.850798449722),0.93917286835
11,11490.0,,HMI SHARP,HMI,SDO,11490,HMI,,,4.99999987369e-05,SDO,,cm,37.2909049988,-13.1387367249,29.6765117645,45.3557128906,"POLYGON((0.55658 238.438242,0.741297 246.733935,0.719763 258.780301,0.510768 254.28007,0.55658 238.438242))",,POINT(0.631590154565138 249.635491804435),"POLYGON((-59.640399 -17.403699,-43.961195 -17.403699,-43.961195 -8.455783,-59.640399 -8.455783,-59.640399 -17.403699))",,POINT(-52.026005 -13.138737),-52.026005,-13.138737,"POLYGON((29.676511 -17.403699,45.355715 -17.403699,45.355715 -8.455783,29.676511 -8.455783,29.676511 -17.403699))",,POINT(37.290905 -13.138737),37.290905,-13.138737,"POLYGON((448.4916 -275.5014,644.028 -276.9102,667.662 -132.4392,464.9604 -130.869,448.4916 -275.5014))",,POINT(559.9554 -207.8508),010300000001000000050000006B2BF697DD077C406EA301BC053871C04E621058392084401B0DE02D904E71C09EEFA7C64BDD8440E78C28ED0D8E60C041F163CC5D0F7D402B8716D9CE5B60C06B2BF697DD077C406EA301BC053871C0,597.287204826790116,559.9554,-207.8508,249.635491804,"POLYGON((0.55658 238.438242,0.741297 246.733935,0.719763 258.780301,0.510768 254.28007,0.55658 238.438242))",,POINT(0.631590154565138 249.635491804435),0.631590154565
12,11497.0,,HMI SHARP,HMI,SDO,11497,HMI,,,4.99999987369e-05,SDO,,cm,-46.8388633728,-21.9175758362,-51.2019271851,-42.3044128418,"POLYGON((0.818408 119.09228,0.734461 122.720199,0.717921 117.91058,0.807897 114.655944,0.818408 119.09228))",,POINT(0.771826392003215 118.436878836111),"POLYGON((-140.518837 -23.767693,-131.621323 -23.767693,-131.621323 -20.025185,-140.518837 -20.025185,-140.518837 -23.767693))",,POINT(-136.155773 -21.917576),-136.155773,-21.917576,"POLYGON((-51.201927 -23.767693,-42.304413 -23.767693,-42.304413 -20.025185,-51.201927 -20.025185,-51.201927 -23.767693))",,POINT(-46.838863 -21.917576),-46.838863,-21.917576,"POLYGON((-676.314 -376.3122,-584.3562 -375.441,-599.9556 -317.802,-694.362 -318.7242,-676.314 -376.3122))",,POINT(-641.838 -347.5746),010300000001000000050000008D976E12832285C0FB5C6DC5FE8477C0AEB6627FD94282C0931804560E7777C076E09C11A5BF82C046B6F3FDD4DC73C037894160E5B285C0363CBD5296EB73C08D976E12832285C0FB5C6DC5FE8477C0,729.906926127681004,-641.838,-347.5746,118.436878836,"POLYGON((0.818408 119.09228,0.734461 122.720199,0.717921 117.91058,0.807897 114.655944,0.818408 119.09228))",,POINT(0.771826392003215 118.436878836111),0.771826392003
13,11499.0,,HMI SHARP,HMI,SDO,"11493,11496,11498,11499,11501",HMI,,,4.99999987369e-05,SDO,,cm,-67.4895324707,13.8908691406,-89.6810073853,-55.3902359009,"POLYGON((1.000013 86.096409,0.826618 84.844665,0.847258 67.266694,1.000005 71.281873,1.000013 86.096409))",,POINT(0.930978082715229 74.776990720673),"POLYGON((-178.997916 3.900341,-144.707144 3.900341,-144.707144 18.715655,-178.997916 18.715655,-178.997916 3.900341))",,POINT(-156.80644 13.890869),-156.80644,13.890869,"POLYGON((-89.681006 3.900341,-55.390234 3.900341,-55.390234 18.715655,-89.681006 18.715655,-89.681006 3.900341))",,POINT(-67.48953 13.890869),-67.48953,13.890869,"POLYGON((-943.506 64.3812,-778.56 70.2426,-738.996 309.6336,-895.674 303.4848,-943.506 64.3812))",,POINT(-849.522 231.1764),01030000000100000005000000355EBA490C7C8DC00E4FAF946518504014AE47E17A5488C09D8026C2868F51408716D9CEF71787C0EEEBC039235A734008AC1C5A64FD8BC09D11A5BDC1F77240355EBA490C7C8DC00E4FAF9465185040,880.414763847676454,-849.522,231.1764,74.7769907207,"POLYGON((1.000013 86.096409,0.826618 84.844665,0.847258 67.266694,1.000005 71.281873,1.000013 86.096409))",,POINT(0.930978082715229 74.776990720673),0.930978082715
14,11494.0,,HMI SHARP,HMI,SDO,"11494,11502",HMI,,,4.99999987369e-05,SDO,,cm,-70.7031555176,-15.9904289246,-75.6565475464,-66.3700942993,"POLYGON((0.972217 108.786501,0.925071 109.694035,0.921717 104.76025,0.971078 104.081403,0.972217 108.786501))",,POINT(0.94861092900423 106.691756423943),"POLYGON((-164.973457 -18.378066,-155.687003 -18.378066,-155.687003 -13.803186,-164.973457 -13.803186,-164.973457 -18.378066))",,POINT(-160.020066 -15.990429),-160.020066,-15.990429,"POLYGON((-75.656547 -18.378066,-66.370093 -18.378066,-66.370093 -13.803186,-75.656547 -13.803186,-75.656547 -18.378066))",,POINT(-70.703156 -15.990429),-70.703156,-15.990429,"POLYGON((-870.432 -296.0904,-823.656 -294.8148,-842.892 -222.0762,-890.742 -223.4316,-870.432 -296.0904))",,POINT(-859.29 -257.6646),01030000000100000005000000FA7E6ABC74338BC0EF384547728172C06891ED7C3FBD89C07E8CB96B096D72C04260E5D022578AC0917EFB3A70C26BC00E2DB29DEFD58BC0849ECDAACFED6BC0FA7E6ABC74338BC0EF384547728172C0,897.089934283714911,-859.29,-257.6646,106.691756424,"POLYGON((0.972217 108.786501,0.925071 109.694035,0.921717 104.76025,0.971078 104.081403,0.972217 108.786501))",,POINT(0.94861092900423 106.691756423943),0.948610929004
15,11495.0,,HMI SHARP,HMI,SDO,11495,HMI,,,4.99999987369e-05,SDO,,cm,-18.7522163391,-13.1131219864,-25.3136291504,-13.4643239975,"POLYGON((0.492374 123.098364,0.349917 140.049949,0.281478 125.055532,0.453077 110.997303,0.492374 123.098364))",,POINT(0.382559527432882 124.723880176474),"POLYGON((-114.63054 -16.087919,-102.781234 -16.087919,-102.781234 -9.859153,-114.63054 -9.859153,-114.63054 -16.087919))",,POINT(-108.069126 -13.113122),-108.069126,-13.113122,"POLYGON((-25.31363 -16.087919,-13.464324 -16.087919,-13.464324 -9.859153,-25.31363 -9.859153,-25.31363 -16.087919))",,POINT(-18.752216 -13.113122),-18.752216,-13.113122,"POLYGON((-390.0762 -254.2716,-212.4852 -253.6788,-217.9026 -152.892,-400.0182 -153.531,-390.0762 -254.2716))",,POINT(-297.351 -206.079),0103000000010000000500000048BF7D1D386178C0FFB27BF2B0C86FC09D8026C2868F6AC0CB10C7BAB8B56FC0D42B6519E23C6BC0068195438B1C63C0984C158C4A0079C0A245B6F3FD3063C048BF7D1D386178C0FFB27BF2B0C86FC0,361.781939076565834,-297.351,-206.079,124.723880176,"POLYGON((0.492374 123.098364,0.349917 140.049949,0.281478 125.055532,0.453077 110.997303,0.492374 123.098364))",,POINT(0.382559527432882 124.723880176474),0.382559527433
16,11490.0,,HMI SHARP,HMI,SDO,11490,HMI,,,4.99999987369e-05,SDO,,cm,39.4249458313,-13.1420488358,31.8455696106,47.511844635,"POLYGON((0.583336 240.055206,0.764169 247.479765,0.745097 259.057016,0.542175 255.061132,0.583336 240.055206))",,POINT(0.658535372309759 250.453368159603),"POLYGON((-59.67695 -17.367756,-44.010676 -17.367756,-44.010676 -8.507152,-59.67695 -8.507152,-59.67695 -17.367756))",,POINT(-52.097574 -13.142049),-52.097574,-13.142049,"POLYGON((31.84557 -17.367756,47.511844 -17.367756,47.511844 -8.507152,31.84557 -8.507152,31.84557 -17.367756))",,POINT(39.424946 -13.142049),39.424946,-13.142049,"POLYGON((478.0002 -275.3598,667.542 -276.7812,691.8 -133.758,495.387 -132.1722,478.0002 -275.3598))",,POINT(586.8642 -208.3572),010300000001000000050000005917B7D100E07D409D11A5BDC13571C07593180456DC84402A3A92CB7F4C71C066666666669E8540C74B378941B860C0D578E92631F67E40E10B93A9828560C05917B7D100E07D409D11A5BDC13571C0,622.753813343186266,586.8642,-208.3572,250.45336816,"POLYGON((0.583336 240.055206,0.764169 247.479765,0.745097 259.057016,0.542175 255.061132,0.583336 240.055206))",,POINT(0.658535372309759 250.453368159603),0.65853537231
17,11497.0,,HMI SHARP,HMI,SDO,11497,HMI,,,4.99999987369e-05,SDO,,cm,-44.5159683228,-21.9225997925,-49.1901435852,-39.6668930054,"POLYGON((0.800829 119.920083,0.7084 124.234988,0.689053 119.134507,0.788663 115.251584,0.800829 119.920083))",,POINT(0.748843901881395 119.399799816202),"POLYGON((-140.712665 -23.863056,-131.189415 -23.863056,-131.189415 -19.990338,-140.712665 -19.990338,-140.712665 -23.863056))",,POINT(-136.03849 -21.9226),-136.03849,-21.9226,"POLYGON((-49.190145 -23.863056,-39.666895 -23.863056,-39.666895 -19.990338,-49.190145 -19.990338,-49.190145 -23.863056))",,POINT(-44.51597 -21.9226),-44.51597,-21.9226,"POLYGON((-656.382 -377.7426,-553.8384 -376.8828,-569.1702 -317.2452,-674.544 -318.1584,-656.382 -377.7426))",,POINT(-616.956 -347.634),01030000000100000005000000931804560E8384C027A089B0E19B77C0BB270F0BB54E81C08A8EE4F21F8E77C03C4ED1915CC981C0ABCFD556ECD373C03108AC1C5A1485C0FB3A70CE88E273C0931804560E8384C027A089B0E19B77C0,708.155423542035805,-616.956,-347.634,119.399799816,"POLYGON((0.800829 119.920083,0.7084 124.234988,0.689053 119.134507,0.788663 115.251584,0.800829 119.920083))",,POINT(0.748843901881395 119.399799816202),0.748843901881
18,11494.0,,HMI SHARP,HMI,SDO,"11494,11502",HMI,,,4.99999987369e-05,SDO,,cm,-68.4929580688,-16.0485210419,-73.1698989868,-64.1592330933,"POLYGON((0.961793 108.961961,0.910682 109.987428,0.906634 105.01585,0.960188 104.241581,0.961793 108.961961))",,POINT(0.936327085356401 106.966696951578),"POLYGON((-164.692419 -18.360043,-155.681753 -18.360043,-155.681753 -13.817607,-164.692419 -13.817607,-164.692419 -18.360043))",,POINT(-160.01548 -16.048521),-160.01548,-16.048521,"POLYGON((-73.169899 -18.360043,-64.159233 -18.360043,-64.159233 -13.817607,-73.169899 -13.817607,-73.169899 -18.360043))",,POINT(-68.49296 -16.048521),-68.49296,-16.048521,"POLYGON((-860.178 -295.5444,-809.328 -294.3702,-828.096 -222.1332,-880.11 -223.3818,-860.178 -295.5444))",,POINT(-846.912 -258.3888),010300000001000000050000008195438B6CE18AC0143FC6DCB57872C0B4C876BE9F4A89C0ABCFD556EC6572C054E3A59BC4E089C0787AA52C43C46BC07B14AE47E1808BC09C33A2B437EC6BC08195438B6CE18AC0143FC6DCB57872C0,885.451696993935457,-846.912,-258.3888,106.966696952,"POLYGON((0.961793 108.961961,0.910682 109.987428,0.906634 105.01585,0.960188 104.241581,0.961793 108.961961))",,POINT(0.936327085356401 106.966696951578),0.936327085356
19,11495.0,,HMI SHARP,HMI,SDO,11495,HMI,,,4.99999987369e-05,SDO,,cm,-16.4691123962,-13.2040195465,-23.1029052734,-11.1353445053,"POLYGON((0.46477 125.478413,0.327406 145.311019,0.250596 130.300843,0.420902 112.735599,0.46477 125.478413))",,POINT(0.353692071298543 128.397748307394),"POLYGON((-114.625426 -16.129917,-102.657864 -16.129917,-102.657864 -9.868267,-114.625426 -9.868267,-114.625426 -16.129917))",,POINT(-107.991632 -13.20402),-107.991632,-13.20402,"POLYGON((-23.102906 -16.129917,-11.135344 -16.129917,-11.135344 -9.868267,-23.102906 -9.868267,-23.102906 -16.129917))",,POINT(-16.469112 -13.20402),-16.469112,-13.20402,"POLYGON((-357.9132 -255.0936,-176.2092 -254.583,-180.735 -153.279,-367.104 -153.831,-357.9132 -255.0936))",,POINT(-262.1334 -207.7476),01030000000100000005000000516B9A779C5E76C0FB5C6DC5FEE26FC058CA32C4B10666C02DB29DEFA7D26FC0EC51B81E859766C0B0726891ED2863C08B6CE7FBA9F176C03BDF4F8D973A63C0516B9A779C5E76C0FB5C6DC5FEE26FC0,334.474191383012396,-262.1334,-207.7476,128.397748307,"POLYGON((0.46477 125.478413,0.327406 145.311019,0.250596 130.300843,0.420902 112.735599,0.46477 125.478413))",,POINT(0.353692071298543 128.397748307394),0.353692071299
20,11499.0,,HMI SHARP,HMI,SDO,"11493,11496,11498,11499,11501",HMI,,,4.99999987369e-05,SDO,,cm,-65.291343689,13.9249391556,-89.7580871582,-52.7975502014,"POLYGON((1.00001 86.023391,0.800385 84.568569,0.824411 66.514218,1.000006 71.228134,1.00001 86.023391))",,POINT(0.91680832786206 74.4813820033125),"POLYGON((178.719392 3.974268,-144.320072 3.974268,-144.320072 18.770332,178.719392 18.770332,178.719392 3.974268))",,POINT(-156.81386 13.924939),-156.81386,13.924939,"POLYGON((-89.758088 3.974268,-52.797552 3.974268,-52.797552 18.770332,-89.758088 18.770332,-89.758088 3.974268))",,POINT(-65.29134 13.924939),-65.29134,13.924939,"POLYGON((-943.398 65.5818,-753.498 71.6436,-715.032 310.6938,-895.368 304.3176,-943.398 65.5818))",,POINT(-835.386 231.9654),0103000000010000000500000077BE9F1A2F7B8DC0053411363C655040448B6CE7FB8B87C029ED0DBE30E95140C74B3789415886C0705F07CE196B73406DE7FBA9F1FA8BC05BD3BCE31405734077BE9F1A2F7B8DC0053411363C655040,866.993492359175661,-835.386,231.9654,74.4813820033,"POLYGON((1.00001 86.023391,0.800385 84.568569,0.824411 66.514218,1.000006 71.228134,1.00001 86.023391))",,POINT(0.91680832786206 74.4813820033125),0.916808327862
21,11490.0,,HMI SHARP,HMI,SDO,11490,HMI,,,4.99999987369e-05,SDO,,cm,41.6112632751,-13.1605758667,34.0000839233,49.6065864563,"POLYGON((0.609767 241.470509,0.78564 248.123663,0.768724 259.313325,0.572679 255.759927,0.609767 241.470509))",,POINT(0.685451688287741 251.179607100802),"POLYGON((-59.728054 -17.343534,-44.121552 -17.343534,-44.121552 -8.54281,-59.728054 -8.54281,-59.728054 -17.343534))",,POINT(-52.116877 -13.160576),-52.116877,-13.160576,"POLYGON((34.000086 -17.343534,49.606588 -17.343534,49.606588 -8.54281,34.000086 -8.54281,34.000086 -17.343534))",,POINT(41.611263 -13.160576),41.611263,-13.160576,"POLYGON((506.6028 -275.4006,689.436 -276.8208,714.33 -134.802,524.9094 -133.2132,506.6028 -275.4006))",,POINT(613.536 -209.1084),0103000000010000000500000076E09C11A5A97F4071AC8BDB683671C0736891ED7C8B8540E9482EFF214D71C0713D0AD7A35286408B6CE7FBA9D960C0DCD78173466780403B70CE88D2A660C076E09C11A5A97F4071AC8BDB683671C0,648.191905415795873,613.536,-209.1084,251.179607101,"POLYGON((0.609767 241.470509,0.78564 248.123663,0.768724 259.313325,0.572679 255.759927,0.609767 241.470509))",,POINT(0.685451688287741 251.179607100802),0.685451688288
22,11495.0,,HMI SHARP,HMI,SDO,11495,HMI,,,4.99999987369e-05,SDO,,cm,-14.250576973,-13.2080421448,-20.7575511932,-8.879529953,"POLYGON((0.436354 128.449729,0.309101 151.208796,0.223199 136.815268,0.386766 114.963466,0.436354 128.449729))",,POINT(0.326085090296745 132.426697167659),"POLYGON((-114.485692 -16.213134,-102.60767 -16.213134,-102.60767 -9.890328,-114.485692 -9.890328,-114.485692 -16.213134))",,POINT(-107.978717 -13.208042),-107.978717,-13.208042,"POLYGON((-20.757552 -16.213134,-8.87953 -16.213134,-8.87953 -9.890328,-20.757552 -9.890328,-20.757552 -16.213134))",,POINT(-14.250577 -13.208042),-14.250577,-13.208042,"POLYGON((-323.1564 -256.5876,-140.7768 -256.1652,-144.444 -153.8994,-331.5732 -154.3578,-323.1564 -256.5876))",,POINT(-227.613 -208.0338),010300000001000000050000008351499D803274C013F241CF660970C00D71AC8BDB9861C0CA54C1A8A40270C091ED7C3F350E62C0B84082E2C73C63C01361C3D32BB974C04850FC18734B63C08351499D803274C013F241CF660970C0,308.359756958394314,-227.613,-208.0338,132.426697168,"POLYGON((0.436354 128.449729,0.309101 151.208796,0.223199 136.815268,0.386766 114.963466,0.436354 128.449729))",,POINT(0.326085090296745 132.426697167659),0.326085090297
23,11497.0,,HMI SHARP,HMI,SDO,11497,HMI,,,4.99999987369e-05,SDO,,cm,-42.3495025635,-21.9235935211,-47.3826942444,-37.1451873779,"POLYGON((0.784658 120.743384,0.68315 125.862077,0.660429 120.377698,0.770595 115.762804,0.784658 120.743384))",,POINT(0.726772348566321 120.389539193233),"POLYGON((-141.110833 -23.964749,-130.873327 -23.964749,-130.873327 -19.897451,-141.110833 -19.897451,-141.110833 -23.964749))",,POINT(-136.077643 -21.923594),-136.077643,-21.923594,"POLYGON((-47.382693 -23.964749,-37.145187 -23.964749,-37.145187 -19.897451,-47.382693 -19.897451,-47.382693 -23.964749))",,POINT(-42.349503 -21.923594),-42.349503,-21.923594,"POLYGON((-637.728 -379.3086,-523.5498 -378.459,-538.788 -315.8232,-656.274 -316.7298,-637.728 -379.3086))",,POINT(-592.8402 -347.6718),01030000000100000005000000E7FBA9F1D2ED83C0BBB88D06F0B477C0BADA8AFD655C80C0D34D621058A777C0FCA9F1D24DD680C01361C3D32BBD73C0D578E926318284C0EFC9C342ADCB73C0E7FBA9F1D2ED83C0BBB88D06F0B477C0,687.266457242953152,-592.8402,-347.6718,120.389539193,"POLYGON((0.784658 120.743384,0.68315 125.862077,0.660429 120.377698,0.770595 115.762804,0.784658 120.743384))",,POINT(0.726772348566321 120.389539193233),0.726772348566
24,11499.0,,HMI SHARP,HMI,SDO,"11493,11496,11498,11499,11501",HMI,,,4.99999987369e-05,SDO,,cm,-63.8006248474,13.8842515945,-88.5646362305,-50.1579818726,"POLYGON((0.999814 86.00068,0.771967 84.343341,0.800179 65.52013,0.999888 71.040595,0.999814 86.00068))",,POINT(0.906412742175112 74.3367278984177),"POLYGON((177.707223 3.983958,-143.886123 3.983958,-143.886123 18.941862,177.707223 18.941862,177.707223 3.983958))",,POINT(-157.528765 13.884252),-157.528765,13.884252,"POLYGON((-88.564637 3.983958,-50.157983 3.983958,-50.157983 18.941862,-88.564637 18.941862,-88.564637 3.983958))",,POINT(-63.800625 13.884252),-63.800625,13.884252,"POLYGON((-943.164 65.9412,-726.45 71.9544,-688.662 313.5492,-894.24 307.203,-943.164 65.9412))",,POINT(-825.312 231.414),010300000001000000050000005A643BDF4F798DC0B1BFEC9E3C7C50409A99999999B386C05BD3BCE314FD51409EEFA7C64B8585C0696FF085C998734052B81E85EBF18BC06891ED7C3F3373405A643BDF4F798DC0B1BFEC9E3C7C5040,857.141958335957383,-825.312,231.414,74.3367278984,"POLYGON((0.999814 86.00068,0.771967 84.343341,0.800179 65.52013,0.999888 71.040595,0.999814 86.00068))",,POINT(0.906412742175112 74.3367278984177),0.906412742175
25,11494.0,,HMI SHARP,HMI,SDO,"11494,11502",HMI,,,4.99999987369e-05,SDO,,cm,-66.8262252808,-16.3953056335,-76.5614547729,-61.9996261597,"POLYGON((0.97645 111.713262,0.899305 113.555891,0.890732 105.332462,0.974675 104.108359,0.97645 111.713262))",,POINT(0.92647109185584 107.523675841026),"POLYGON((-170.289594 -21.288652,-155.727766 -21.288652,-155.727766 -13.863082,-170.289594 -13.863082,-170.289594 -21.288652))",,POINT(-160.554365 -16.395306),-160.554365,-16.395306,"POLYGON((-76.561454 -21.288652,-61.999626 -21.288652,-61.999626 -13.863082,-76.561454 -13.863082,-76.561454 -21.288652))",,POINT(-66.826225 -16.395306),-66.826225,-16.395306,"POLYGON((-857.856 -341.6124,-779.556 -339.8652,-812.334 -222.7242,-893.892 -224.6688,-857.856 -341.6124))",,POINT(-835.452 -263.7966),01030000000100000005000000022B8716D9CE8AC02041F163CC5975C09CC420B0725C88C0FD87F4DBD73D75C0E9263108AC6289C06C787AA52CD76BC04260E5D022EF8BC013F241CF66156CC0022B8716D9CE8AC02041F163CC5975C0,876.109976244740665,-835.452,-263.7966,107.523675841,"POLYGON((0.97645 111.713262,0.899305 113.555891,0.890732 105.332462,0.974675 104.108359,0.97645 111.713262))",,POINT(0.92647109185584 107.523675841026),0.926471091856
26,11490.0,,HMI SHARP,HMI,SDO,11490,HMI,,,4.99999987369e-05,SDO,,cm,43.8260612488,-13.199057579,36.1544647217,51.8158950806,"POLYGON((0.635868 242.734405,0.807399 248.736602,0.792808 259.276419,0.603063 256.005894,0.635868 242.734405))",,POINT(0.711946736997506 251.808688101802),"POLYGON((-59.779305 -17.320771,-44.117875 -17.320771,-44.117875 -8.801277,-59.779305 -8.801277,-59.779305 -17.320771))",,POINT(-52.10771 -13.199058),-52.10771,-13.199058,"POLYGON((36.154465 -17.320771,51.815895 -17.320771,51.815895 -8.801277,36.154465 -8.801277,36.154465 -17.320771))",,POINT(43.82606 -13.199058),43.82606,-13.199058,"POLYGON((534.4812 -275.46,711.516 -276.885,736.602 -139.4964,553.3428 -137.9034,534.4812 -275.46))",,POINT(639.582 -210.1764),01030000000100000005000000AEB6627FD9B380408FC2F5285C3771C0E3A59BC4203C86405C8FC2F5284E71C0894160E5D004874080B74082E26F61C08D28ED0DBE4A81409BE61DA7E83C61C0AEB6627FD9B380408FC2F5285C3771C0,673.230461165387283,639.582,-210.1764,251.808688102,"POLYGON((0.635868 242.734405,0.807399 248.736602,0.792808 259.276419,0.603063 256.005894,0.635868 242.734405))",,POINT(0.711946736997506 251.808688101802),0.711946736998
27,11495.0,,HMI SHARP,HMI,SDO,11495,HMI,,,4.99999987369e-05,SDO,,cm,-12.2362146378,-13.160984993,-18.3809318542,-6.6937789917,"POLYGON((0.407919 131.813521,0.293946 157.517255,0.198344 144.426953,0.351494 117.392759,0.407919 131.813521))",,POINT(0.30187034067418 136.633454257406),"POLYGON((-114.314701 -16.23811,-102.627549 -16.23811,-102.627549 -9.79116,-114.314701 -9.79116,-114.314701 -16.23811))",,POINT(-108.169985 -13.160985),-108.169985,-13.160985,"POLYGON((-18.380931 -16.23811,-6.693779 -16.23811,-6.693779 -9.79116,-18.380931 -9.79116,-18.380931 -16.23811))",,POINT(-12.236215 -13.160985),-12.236215,-13.160985,"POLYGON((-287.496 -257.1732,-106.2936 -256.8342,-109.11 -152.5548,-295.1112 -152.9238,-287.496 -257.1732))",,POINT(-196.011 -207.5184),010300000001000000050000000E2DB29DEFF771C0ADFA5C6DC51270C0C286A757CA925AC02C6519E2580D70C0D7A3703D0A475BC044FAEDEBC01163C00BB5A679C77172C06F8104C58F1D63C00E2DB29DEFF771C0ADFA5C6DC51270C0,285.45437193982508,-196.011,-207.5184,136.633454257,"POLYGON((0.407919 131.813521,0.293946 157.517255,0.198344 144.426953,0.351494 117.392759,0.407919 131.813521))",,POINT(0.30187034067418 136.633454257406),0.301870340674
28,11494.0,,HMI SHARP,HMI,SDO,"11494,11502",HMI,,,4.99999987369e-05,SDO,,cm,-64.9479598999,-16.5943069458,-74.5462875366,-59.8670120239,"POLYGON((0.96898 112.063299,0.884208 114.183502,0.873949 105.714382,0.966517 104.296004,0.96898 112.063299))",,POINT(0.91445404992352 107.974377796281),"POLYGON((-170.48006 -21.467148,-155.80078 -21.467148,-155.80078 -13.938698,-170.48006 -13.938698,-170.48006 -21.467148))",,POINT(-160.88173 -16.594307),-160.88173,-16.594307,"POLYGON((-74.54629 -21.467148,-59.86701 -21.467148,-59.86701 -13.938698,-74.54629 -13.938698,-74.54629 -21.467148))",,POINT(-64.94796 -16.594307),-64.94796,-16.594307,"POLYGON((-849.186 -344.1852,-762.744 -342.5268,-795.534 -223.83,-885.654 -225.6846,-849.186 -344.1852))",,POINT(-822.522 -266.847),01030000000100000005000000736891ED7C898AC082734694F68275C0CBA145B6F3D587C08638D6C56D6875C083C0CAA145DC88C0C3F5285C8FFA6BC0AC1C5A643BAD8BC0EE5A423EE8356CC0736891ED7C898AC082734694F68275C0,864.72525225819561,-822.522,-266.847,107.974377796,"POLYGON((0.96898 112.063299,0.884208 114.183502,0.873949 105.714382,0.966517 104.296004,0.96898 112.063299))",,POINT(0.91445404992352 107.974377796281),0.914454049924
29,11497.0,,HMI SHARP,HMI,SDO,11497,HMI,,,4.99999987369e-05,SDO,,cm,-40.2740325928,-21.9330234528,-45.6513214111,-34.6676254272,"POLYGON((0.768832 121.595529,0.658153 127.638876,0.632238 121.897414,0.753072 116.415093,0.768832 121.595529))",,POINT(0.705179782526025 121.444722485254),"POLYGON((-141.585091 -24.066565,-130.601395 -24.066565,-130.601395 -19.899041,-141.585091 -19.899041,-141.585091 -24.066565))",,POINT(-136.207803 -21.933023),-136.207803,-21.933023,"POLYGON((-45.651321 -24.066565,-34.667625 -24.066565,-34.667625 -19.899041,-45.651321 -19.899041,-45.651321 -24.066565))",,POINT(-40.274033 -21.933023),-40.274033,-21.933023,"POLYGON((-619.254 -380.901,-492.8334 -380.0658,-507.5772 -315.9072,-637.77 -316.8012,-619.254 -380.901))",,POINT(-568.9032 -347.8698),0103000000010000000500000079E92631085A83C023DBF97E6ACE77C0C8073D9B55CD7EC03B014D840DC177C0053411363CB97FC0E6AE25E483BE73C05C8FC2F528EE83C0E25817B7D1CC73C079E92631085A83C023DBF97E6ACE77C0,666.831499497646632,-568.9032,-347.8698,121.444722485,"POLYGON((0.768832 121.595529,0.658153 127.638876,0.632238 121.897414,0.753072 116.415093,0.768832 121.595529))",,POINT(0.705179782526025 121.444722485254),0.705179782526
30,11499.0,,HMI SHARP,HMI,SDO,"11493,11496,11498,11499,11501",HMI,,,4.99999987369e-05,SDO,,cm,-61.8268356323,13.9468984604,-86.430847168,-47.6631622314,"POLYGON((0.998394 85.872521,0.743696 83.982335,0.776182 64.504198,0.998706 70.848588,0.998394 85.872521))",,POINT(0.89191184458852 73.9929329063379),"POLYGON((177.635381 4.08541,-143.596931 4.08541,-143.596931 19.08698,177.635381 19.08698,177.635381 4.08541))",,POINT(-157.760606 13.946898),-157.760606,13.946898,"POLYGON((-86.430849 4.08541,-47.663161 4.08541,-47.663161 19.08698,-86.430849 19.08698,-86.430849 4.08541))",,POINT(-61.826836 13.946898),-61.826836,13.946898,"POLYGON((-941.652 67.9524,-699.378 73.7256,-662.496 315.9348,-892.128 309.8238,-941.652 67.9524))",,POINT(-810.708 232.575),01030000000100000005000000F0A7C64B376D8DC0772D211FF4FC50401B2FDD2406DB85C0917EFB3A706E52408716D9CEF7B384C0D044D8F0F4BE73401B2FDD2406E18BC01EA7E8482E5D7340F0A7C64B376D8DC0772D211FF4FC5040,843.408911435609525,-810.708,232.575,73.9929329063,"POLYGON((0.998394 85.872521,0.743696 83.982335,0.776182 64.504198,0.998706 70.848588,0.998394 85.872521))",,POINT(0.89191184458852 73.9929329063379),0.891911844589
31,11490.0,,HMI SHARP,HMI,SDO,11490,HMI,,,4.99999987369e-05,SDO,,cm,46.1167411804,-13.162902832,38.3493118286,53.9956092834,"POLYGON((0.662014 243.886672,0.827917 249.282677,0.815272 259.376466,0.632817 256.416731,0.662014 243.886672))",,POINT(0.738216549344473 252.488876018646),"POLYGON((-59.790097 -17.298907,-44.143799 -17.298907,-44.143799 -8.934537,-59.790097 -8.934537,-59.790097 -17.298907))",,POINT(-52.02267 -13.162903),-52.02267,-13.162903,"POLYGON((38.349313 -17.298907,53.995611 -17.298907,53.995611 -8.934537,38.349313 -8.934537,38.349313 -17.298907))",,POINT(46.11674 -13.162903),46.11674,-13.162903,"POLYGON((562.0998 -275.532,732.252 -276.948,757.704 -142.1226,581.6526 -140.5368,562.0998 -275.532))",,POINT(665.706 -210.0384),010300000001000000050000002041F163CC9081408D976E12833871C0BC74931804E28640BA490C022B4F71C01283C0CAA1AD8740ABCFD556ECC361C0F54A5986382D8240C58F31772D9161C02041F163CC9081408D976E12833871C0,698.054874569729009,665.706,-210.0384,252.488876019,"POLYGON((0.662014 243.886672,0.827917 249.282677,0.815272 259.376466,0.632817 256.416731,0.662014 243.886672))",,POINT(0.738216549344473 252.488876018646),0.738216549344
32,11495.0,,HMI SHARP,HMI,SDO,11495,HMI,,,4.99999987369e-05,SDO,,cm,-10.1114912033,-13.3139095306,-16.0850734711,-4.51664924622,"POLYGON((0.383752 135.942307,0.285753 164.605155,0.178859 154.158002,0.318161 120.458118,0.383752 135.942307))",,POINT(0.280863353193275 142.339527193964),"POLYGON((-114.224483 -16.450928,-102.656059 -16.450928,-102.656059 -9.75251,-114.224483 -9.75251,-114.224483 -16.450928))",,POINT(-108.250901 -13.31391),-108.250901,-13.31391,"POLYGON((-16.085073 -16.450928,-4.516649 -16.450928,-4.516649 -9.75251,-16.085073 -9.75251,-16.085073 -16.450928))",,POINT(-10.111491 -13.31391),-10.111491,-13.31391,"POLYGON((-252.3366 -260.7762,-71.7318 -260.5122,-73.7214 -152.2152,-259.3344 -152.5044,-252.3366 -260.7762))",,POINT(-162.2664 -210.2478),01030000000100000005000000ADFA5C6DC58A6FC07CF2B0506B4C70C09FCDAACFD5EE51C02E90A0F8314870C067D5E76A2B6E52C02D431CEBE20663C0857CD0B3593570C04703780B241063C0ADFA5C6DC58A6FC07CF2B0506B4C70C0,265.583361628321882,-162.2664,-210.2478,142.339527194,"POLYGON((0.383752 135.942307,0.285753 164.605155,0.178859 154.158002,0.318161 120.458118,0.383752 135.942307))",,POINT(0.280863353193275 142.339527193964),0.280863353193
33,11499.0,,HMI SHARP,HMI,SDO,"11493,11496,11498,11499,11501",HMI,,,4.99999987369e-05,SDO,,cm,-59.1958007812,13.8096704483,-83.6658401489,-45.0468521118,"POLYGON((0.994496 85.824547,0.712469 83.701941,0.749424 63.534224,0.995326 70.766235,0.994496 85.824547))",,POINT(0.870836483966439 73.7374574262688),"POLYGON((178.19475 4.091691,-143.186262 4.091691,-143.186262 19.073039,178.19475 19.073039,178.19475 4.091691))",,POINT(-157.33521 13.80967),-157.33521,13.80967,"POLYGON((-83.66584 4.091691,-45.046852 4.091691,-45.046852 19.073039,-83.66584 19.073039,-83.66584 4.091691))",,POINT(-59.1958 13.80967),-59.1958,13.80967,"POLYGON((-937.896 68.4708,-669.642 73.9062,-634.386 315.8202,-888.642 310.0452,-937.896 68.4708))",,POINT(-790.512 230.601),01030000000100000005000000BA490C022B4F8DC03CBD5296211E51404260E5D022ED84C0A7E8482EFF7952400C022B8716D383C0DE02098A1FBD73404260E5D022C58BC0789CA223B9607340BA490C022B4F8DC03CBD5296211E5140,823.459800685498067,-790.512,230.601,73.7374574263,"POLYGON((0.994496 85.824547,0.712469 83.701941,0.749424 63.534224,0.995326 70.766235,0.994496 85.824547))",,POINT(0.870836483966439 73.7374574262688),0.870836483966
34,11497.0,,HMI SHARP,HMI,SDO,11497,HMI,,,4.99999987369e-05,SDO,,cm,-37.9244308472,-21.9381427765,-43.5086936951,-31.9889183044,"POLYGON((0.74842 122.621428,0.630569 129.680764,0.601175 123.717272,0.730638 117.256189,0.74842 122.621428))",,POINT(0.680205071878411 122.755139886139),"POLYGON((-141.648105 -24.104688,-130.128327 -24.104688,-130.128327 -19.871836,-141.648105 -19.871836,-141.648105 -24.104688))",,POINT(-136.06384 -21.938143),-136.06384,-21.938143,"POLYGON((-43.508695 -24.104688,-31.988917 -24.104688,-31.988917 -19.871836,-43.508695 -19.871836,-43.508695 -24.104688))",,POINT(-37.92443 -21.938143),-37.92443,-21.938143,"POLYGON((-596.064 -381.513,-458.8926 -380.7198,-472.845 -315.5544,-614.178 -316.4064,-596.064 -381.513))",,POINT(-540.9246 -348.003),010300000001000000050000008D976E1283A082C091ED7C3F35D877C08E06F01648AE7CC0933A014D84CB77C0EC51B81E858D7DC070CE88D2DEB873C08195438B6C3183C08351499D80C673C08D976E1283A082C091ED7C3F35D877C0,643.199433219712887,-540.9246,-348.003,122.755139886,"POLYGON((0.74842 122.621428,0.630569 129.680764,0.601175 123.717272,0.730638 117.256189,0.74842 122.621428))",,POINT(0.680205071878411 122.755139886139),0.680205071878
35,11494.0,,HMI SHARP,HMI,SDO,"11494,11502",HMI,,,4.99999987369e-05,SDO,,cm,-62.9578323364,-16.7037734985,-72.4803924561,-57.7734680176,"POLYGON((0.960322 112.488744,0.86862 114.896878,0.856398 106.094359,0.956989 104.478563,0.960322 112.488744))",,POINT(0.900728607822892 108.374423687538),"POLYGON((-170.6198 -21.682562,-155.91288 -21.682562,-155.91288 -13.98499,-170.6198 -13.98499,-170.6198 -21.682562))",,POINT(-161.097242 -16.703773),-161.097242,-16.703773,"POLYGON((-72.48039 -21.682562,-57.77347 -21.682562,-57.77347 -13.98499,-72.48039 -13.98499,-72.48039 -21.682562))",,POINT(-62.957832 -16.703773),-62.957832,-16.703773,"POLYGON((-839.022 -347.3412,-745.032 -345.783,-778.068 -224.4948,-876.186 -226.2474,-839.022 -347.3412))",,POINT(-808.302 -268.4856),010300000001000000050000001904560E2D388AC05396218E75B575C0C74B3789414887C04A0C022B879C75C0068195438B5088C0F241CF66D50F6CC0736891ED7C618BC0F9A067B3EA476CC01904560E2D388AC05396218E75B575C0,851.725683897908539,-808.302,-268.4856,108.374423688,"POLYGON((0.960322 112.488744,0.86862 114.896878,0.856398 106.094359,0.956989 104.478563,0.960322 112.488744))",,POINT(0.900728607822892 108.374423687538),0.900728607823
36,11490.0,,HMI SHARP,HMI,SDO,11490,HMI,,,4.99999987369e-05,SDO,,cm,48.4143791199,-13.1819162369,40.6529541016,56.164604187,"POLYGON((0.688808 244.988247,0.847335 249.791427,0.83634 259.623713,0.662773 257.009713,0.688808 244.988247))",,POINT(0.763690077660816 253.028852409664),"POLYGON((-59.692105 -17.262829,-44.180455 -17.262829,-44.180455 -8.927447,-59.692105 -8.927447,-59.692105 -17.262829))",,POINT(-51.93068 -13.181916),-51.93068,-13.181916,"POLYGON((40.652955 -17.262829,56.164605 -17.262829,56.164605 -8.927447,40.652955 -8.927447,40.652955 -17.262829))",,POINT(48.41438 -13.181916),48.41438,-13.181916,"POLYGON((590.2386 -275.3802,751.896 -276.7716,777.888 -142.4364,610.662 -140.8734,590.2386 -275.3802))",,POINT(690.678 -210.7812),010300000001000000050000009BE61DA7E8718240075F984C153671C0BA490C022B7F87407FD93D79584C71C0C976BE9F1A4F88402EFF21FDF6CD61C09EEFA7C64B158340728A8EE4F29B61C09BE61DA7E8718240075F984C153671C0,722.125206565620488,690.678,-210.7812,253.02885241,"POLYGON((0.688808 244.988247,0.847335 249.791427,0.83634 259.623713,0.662773 257.009713,0.688808 244.988247))",,POINT(0.763690077660816 253.028852409664),0.763690077661
37,11497.0,,HMI SHARP,HMI,SDO,11497,HMI,,,4.99999987369e-05,SDO,,cm,-35.5961074829,-21.9194583893,-41.4182662964,-29.1819229126,"POLYGON((0.727831 123.657067,0.601372 132.023242,0.568548 125.940341,0.708223 118.190472,0.727831 123.657067))",,POINT(0.654916884566706 124.16794815511),"POLYGON((-141.763328 -24.094876,-129.526982 -24.094876,-129.526982 -19.86507,-141.763328 -19.86507,-141.763328 -24.094876))",,POINT(-135.941167 -21.919458),-135.941167,-21.919458,"POLYGON((-41.418268 -24.094876,-29.181922 -24.094876,-29.181922 -19.86507,-41.418268 -19.86507,-41.418268 -24.094876))",,POINT(-35.596107 -21.919458),-35.596107,-21.919458,"POLYGON((-572.8518 -381.4248,-422.4288 -380.667,-435.2592 -315.5424,-590.2416 -316.3584,-572.8518 -381.4248))",,POINT(-512.3826 -347.796),01030000000100000005000000DDB5847CD0E681C074B515FBCBD677C06688635DDC667AC0E9263108ACCA77C0F931E6AE25347BC09B559FABADB873C0B515FBCBEE7182C02F6EA301BCC573C0DDB5847CD0E681C074B515FBCBD677C0,619.272142437200159,-512.3826,-347.796,124.167948155,"POLYGON((0.727831 123.657067,0.601372 132.023242,0.568548 125.940341,0.708223 118.190472,0.727831 123.657067))",,POINT(0.654916884566706 124.16794815511),0.654916884567
38,11499.0,,HMI SHARP,HMI,SDO,"11493,11496,11498,11499,11501",HMI,,,4.99999987369e-05,SDO,,cm,-57.0484313965,13.8260688782,-81.0409393311,-42.3448181152,"POLYGON((0.988665 85.751211,0.678705 83.343748,0.720617 62.428651,0.990196 70.670447,0.988665 85.751211))",,POINT(0.852534801941003 73.3491178396832),"POLYGON((178.613999 4.11783,-142.689879 4.11783,-142.689879 19.04026,178.613999 19.04026,178.613999 4.11783))",,POINT(-157.39349 13.826069),-157.39349,13.826069,"POLYGON((-81.040941 4.11783,-42.344819 4.11783,-42.344819 19.04026,-81.040941 19.04026,-81.040941 4.11783))",,POINT(-57.04843 13.826069),-57.04843,13.826069,"POLYGON((-932.286 69.261,-637.44 74.3886,-604.014 315.3864,-883.524 309.9174,-932.286 69.261))",,POINT(-772.332 230.9892),010300000001000000050000003F355EBA49228DC062105839B4505140EC51B81E85EB83C070CE88D2DE985240273108AC1CE082C0CA32C4B12EB67340D578E926319C8BC09B559FABAD5E73403F355EBA49228DC062105839B4505140,806.134435898033075,-772.332,230.9892,73.3491178397,"POLYGON((0.988665 85.751211,0.678705 83.343748,0.720617 62.428651,0.990196 70.670447,0.988665 85.751211))",,POINT(0.852534801941003 73.3491178396832),0.852534801941
39,11495.0,,HMI SHARP,HMI,SDO,11495,HMI,,,4.99999987369e-05,SDO,,cm,-7.89739084244,-13.3363847733,-13.7732248306,-2.31684947014,"POLYGON((0.359311 140.3505,0.279178 171.983223,0.166262 166.07111,0.285756 124.438273,0.359311 140.3505))",,POINT(0.260329591604812 148.945997750016),"POLYGON((-114.118285 -16.488202,-102.661909 -16.488202,-102.661909 -9.75669,-114.118285 -9.75669,-114.118285 -16.488202))",,POINT(-108.242451 -13.336385),-108.242451,-13.336385,"POLYGON((-13.773225 -16.488202,-2.316849 -16.488202,-2.316849 -9.75669,-13.773225 -9.75669,-13.773225 -16.488202))",,POINT(-7.897391 -13.336385),-7.897391,-13.336385,"POLYGON((-216.7938 -261.5982,-36.81588 -261.4032,-37.84392 -152.5902,-222.8466 -152.805,-216.7938 -261.5982))",,POINT(-126.981 -210.8814),0103000000010000000500000013F241CF66196BC07AC7293A925970C0F1BA7EC16E6842C0F5DBD781735670C05C38109205EC42C02D431CEBE21263C06519E25817DB6BC0F6285C8FC21963C013F241CF66196BC07AC7293A925970C0,246.160799533475682,-126.981,-210.8814,148.94599775,"POLYGON((0.359311 140.3505,0.279178 171.983223,0.166262 166.07111,0.285756 124.438273,0.359311 140.3505))",,POINT(0.260329591604812 148.945997750016),0.260329591605
40,11494.0,,HMI SHARP,HMI,SDO,"11494,11502",HMI,,,4.99999987369e-05,SDO,,cm,-60.798740387,-16.786403656,-70.4820861816,-55.6505737305,"POLYGON((0.950946 112.829533,0.85179 115.552035,0.837553 106.503167,0.946681 104.665754,0.950946 112.829533))",,POINT(0.884754097959787 108.806993856993),"POLYGON((-170.827148 -21.790725,-155.995632 -21.790725,-155.995632 -14.018289,-170.827148 -14.018289,-170.827148 -21.790725))",,POINT(-161.1438 -16.786404),-161.1438,-16.786404,"POLYGON((-70.482088 -21.790725,-55.650572 -21.790725,-55.650572 -14.018289,-70.482088 -14.018289,-70.482088 -21.790725))",,POINT(-60.79874 -16.786404),-60.79874,-16.786404,"POLYGON((-828.75 -348.8772,-726.654 -347.4066,-759.342 -224.973,-865.992 -226.6356,-828.75 -348.8772))",,POINT(-791.934 -269.7042),010300000001000000050000000000000000E689C0D200DE0209CE75C0AC1C5A643BB586C0DC68006F81B675C0DBF97E6ABCBA87C04260E5D0221F6CC00E2DB29DEF0F8BC0CEAACFD556546CC00000000000E689C0D200DE0209CE75C0,836.600152912751923,-791.934,-269.7042,108.806993857,"POLYGON((0.950946 112.829533,0.85179 115.552035,0.837553 106.503167,0.946681 104.665754,0.950946 112.829533))",,POINT(0.884754097959787 108.806993856993),0.88475409796
41,11493.0,DSO,SWPC,nil,nil,,various,,,5e-05,various,,cm,-49.0,14.0,-52.5,-45.5,"POLYGON((0.810201 72.500775,0.736738 70.615705,0.738176 69.954668,0.811196 71.892967,0.810201 72.500775))",,POINT(0.775279248019516 71.3179647764432),"POLYGON((-152.84506 13.749536,-145.84506 13.749536,-145.84506 14.250464,-152.84506 14.250464,-152.84506 13.749536))",,POINT(-149.34506 14),-149.34506,14.0,"POLYGON((-52.5 13.749536,-45.5 13.749536,-45.5 14.250464,-52.5 14.250464,-52.5 13.749536))",,POINT(-49 14),-49.0,14.0,"POLYGON((-730.65 230.3622,-657.15 231.2166,-655.716 239.2488,-729.06 238.3926,-730.65 230.3622))",,POINT(-694.458 234.8184),010300000001000000050000003333333333D586C08F53742497CB6C4033333333338984C0098A1F63EEE66C407D3F355EBA7D84C0D5E76A2BF6E76D4014AE47E17AC886C01B0DE02D90CC6D403333333333D586C08F53742497CB6C40,733.083620566276181,-694.458,234.8184,71.3179647764,"POLYGON((0.810201 72.500775,0.736738 70.615705,0.738176 69.954668,0.811196 71.892967,0.810201 72.500775))",,POINT(0.775279248019516 71.3179647764432),0.77527924802
42,11496.0,CSO,SWPC,nil,nil,,various,,,5e-05,various,,cm,-59.0,16.0,-62.5,-55.5,"POLYGON((0.898938 72.039388,0.842164 70.708385,0.842818 70.29582,0.899347 71.649883,0.898938 72.039388))",,POINT(0.872228340963644 71.227444292183),"POLYGON((-162.84506 15.823202,-155.84506 15.823202,-155.84506 16.176798,-162.84506 16.176798,-162.84506 15.823202))",,POINT(-159.34506 16),-159.34506,16.0,"POLYGON((-62.5 15.823202,-55.5 15.823202,-55.5 16.176798,-62.5 16.176798,-62.5 15.823202))",,POINT(-59 16),-59.0,16.0,"POLYGON((-808.59 262.1124,-751.614 263.088,-750.282 268.7016,-807.156 267.7248,-808.59 262.1124))",,POINT(-780.882 265.4166),010300000001000000050000001F85EB51B84489C02041F163CC617040F4FDD478E97C87C0C520B07268717040C74B3789417287C0FAEDEBC039CB70406891ED7C3F3989C04182E2C798BB70401F85EB51B84489C02041F163CC617040,824.756127276154189,-780.882,265.4166,71.2274442922,"POLYGON((0.898938 72.039388,0.842164 70.708385,0.842818 70.29582,0.899347 71.649883,0.898938 72.039388))",,POINT(0.872228340963644 71.227444292183),0.872228340964
43,11490.0,DSO,SWPC,nil,nil,,various,,,5e-05,various,,cm,49.0,-13.0,44.0,54.0,"POLYGON((0.714012 251.883819,0.820756 254.231792,0.820291 254.605587,0.713196 252.308647,0.714012 251.883819))",,POINT(0.76961433674082 253.400209257377),"POLYGON((-56.34506 -13.154698,-46.34506 -13.154698,-46.34506 -12.845302,-56.34506 -12.845302,-56.34506 -13.154698))",,POINT(-51.34506 -13),-51.34506,-13.0,"POLYGON((44 -13.154698,54 -13.154698,54 -12.845302,44 -12.845302,44 -13.154698))",,POINT(49 -13),49.0,-13.0,"POLYGON((641.682 -209.9346,746.88 -210.8982,747.816 -205.9044,642.486 -204.9366,641.682 -209.9346))",,POINT(697.398 -207.9006),01030000000100000005000000FA7E6ABC740D8440EE5A423EE83D6AC0D7A3703D0A5787408D28ED0DBE5C6AC04A0C022B875E874014D044D8F0BC69C0D9CEF753E3138440E02D90A0F89D69C0FA7E6ABC740D8440EE5A423EE83D6AC0,727.727029788202913,697.398,-207.9006,253.400209257,"POLYGON((0.714012 251.883819,0.820756 254.231792,0.820291 254.605587,0.713196 252.308647,0.714012 251.883819))",,POINT(0.76961433674082 253.400209257377),0.769614336741
44,11495.0,CSI,SWPC,nil,nil,,various,,,5e-05,various,,cm,-6.0,-14.0,-8.0,-4.0,"POLYGON((0.273008 150.231845,0.246476 163.99925,0.241437 163.633285,0.268537 149.639171,0.273008 150.231845))",,POINT(0.255503199460463 156.501400282593),"POLYGON((-108.34506 -14.154698,-104.34506 -14.154698,-104.34506 -13.845302,-108.34506 -13.845302,-108.34506 -14.154698))",,POINT(-106.34506 -14),-106.34506,-14.0,"POLYGON((-8 -14.154698,-4 -14.154698,-4 -13.845302,-8 -13.845302,-8 -14.154698))",,POINT(-6 -14),-6.0,-14.0,"POLYGON((-128.169 -224.0844,-64.2432 -224.0316,-64.3302 -219.045,-128.343 -219.0984,-128.169 -224.0844))",,POINT(-96.3312 -221.5614),01030000000100000005000000C520B072680560C009F9A067B3026CC0C898BB96900F50C0B7D100DE02016CC0E9482EFF211550C03D0AD7A370616BC0E5D022DBF90A60C0A5BDC11726636BC0C520B072680560C009F9A067B3026CC0,241.597090345475806,-96.3312,-221.5614,156.501400283,"POLYGON((0.273008 150.231845,0.246476 163.99925,0.241437 163.633285,0.268537 149.639171,0.273008 150.231845))",,POINT(0.255503199460463 156.501400282593),0.25550319946
45,11494.0,CSO,SWPC,nil,nil,,various,,,5e-05,various,,cm,-56.0,-16.0,-58.0,-54.0,"POLYGON((0.861623 108.807428,0.826225 109.614084,0.824896 108.752679,0.860594 107.977926,0.861623 108.807428))",,POINT(0.843768874537576 108.769213468613),"POLYGON((-158.34506 -16.360964,-154.34506 -16.360964,-154.34506 -15.639036,-158.34506 -15.639036,-158.34506 -16.360964))",,POINT(-156.34506 -16),-156.34506,-16.0,"POLYGON((-58 -16.360964,-54 -16.360964,-54 -15.639036,-58 -15.639036,-58 -16.360964))",,POINT(-56 -16),-56.0,-16.0,"POLYGON((-771.228 -262.659,-735.924 -262.2546,-738.594 -250.7574,-774.024 -251.166,-771.228 -262.659))",,POINT(-755.418 -256.7124),01030000000100000005000000E7FBA9F1D21988C0068195438B6A70C008AC1C5A64FF86C0FC1873D7126470C0986E1283C01487C0B1BFEC9E3C586FC0D578E926313088C05A643BDF4F656FC0E7FBA9F1D21988C0068195438B6A70C0,797.845606015198769,-755.418,-256.7124,108.769213469,"POLYGON((0.861623 108.807428,0.826225 109.614084,0.824896 108.752679,0.860594 107.977926,0.861623 108.807428))",,POINT(0.843768874537576 108.769213468613),0.843768874538
46,11497.0,CSI,SWPC,nil,nil,,various,,,5e-05,various,,cm,-34.0,-22.0,-35.5,-32.5,"POLYGON((0.654971 124.480681,0.622059 126.56714,0.620652 126.277985,0.653728 124.199019,0.654971 124.480681))",,POINT(0.637891806871454 125.344903219113),"POLYGON((-135.84506 -22.103132,-132.84506 -22.103132,-132.84506 -21.896868,-135.84506 -21.896868,-135.84506 -22.103132))",,POINT(-134.34506 -22),-134.34506,-22.0,"POLYGON((-35.5 -22.103132,-32.5 -22.103132,-32.5 -21.896868,-35.5 -21.896868,-35.5 -22.103132))",,POINT(-34 -22),-34.0,-22.0,"POLYGON((-510.519 -350.6166,-472.4202 -350.43,-473.1102 -347.2542,-511.2642 -347.442,-510.519 -350.6166))",,POINT(-491.9994 -348.9342),01030000000100000005000000FCA9F1D24DE87FC06B2BF697DDE975C0789CA223B9867DC07B14AE47E1E675C04F401361C3917DC04BEA043411B475C0A779C7293AF47FC0508D976E12B775C0FCA9F1D24DE87FC06B2BF697DDE975C0,603.173677749618037,-491.9994,-348.9342,125.344903219,"POLYGON((0.654971 124.480681,0.622059 126.56714,0.620652 126.277985,0.653728 124.199019,0.654971 124.480681))",,POINT(0.637891806871454 125.344903219113),0.637891806871
47,11492.0,ESO,SWPC,nil,nil,,various,,,5e-05,various,,cm,22.0,-13.0,16.5,27.5,"POLYGON((0.353653 231.780455,0.502031 244.091469,0.501162 244.368979,0.352204 232.125406,0.353653 231.780455))",,POINT(0.426336788941424 239.28489299221),"POLYGON((-83.84506 -13.075006,-72.84506 -13.075006,-72.84506 -12.924994,-83.84506 -12.924994,-83.84506 -13.075006))",,POINT(-78.34506 -13),-78.34506,-13.0,"POLYGON((16.5 -13.075006,27.5 -13.075006,27.5 -12.924994,16.5 -12.924994,16.5 -13.075006))",,POINT(22 -13),22.0,-13.0,"POLYGON((262.7238 -206.8884,426.9954 -207.4164,427.2546 -204.9906,262.8834 -204.462,262.7238 -206.8884))",,POINT(346.5804 -205.908),01030000000100000005000000840D4FAF946B70408638D6C56DDC69C004E78C28EDAF7A40BEC1172653ED69C0FC1873D712B47A405D6DC5FEB29F69C095D40968226E7040105839B4C88E69C0840D4FAF946B70408638D6C56DDC69C0,403.132829385253615,346.5804,-205.908,239.284892992,"POLYGON((0.353653 231.780455,0.502031 244.091469,0.501162 244.368979,0.352204 232.125406,0.353653 231.780455))",,POINT(0.426336788941424 239.28489299221),0.426336788941
48,11498.0,CSO,SWPC,nil,nil,,various,,,5e-05,various,,cm,-69.0,7.0,-72.5,-65.5,"POLYGON((0.956036 82.64385,0.913524 82.231217,0.913648 81.941012,0.956101 82.366408,0.956036 82.64385))",,POINT(0.936542095532817 82.3142509450842),"POLYGON((-172.84506 6.867401,-165.84506 6.867401,-165.84506 7.132599,-172.84506 7.132599,-172.84506 6.867401))",,POINT(-169.34506 7),-169.34506,7.0,"POLYGON((-72.5 6.867401,-65.5 6.867401,-65.5 7.132599,-72.5 7.132599,-72.5 6.867401))",,POINT(-69 7),-69.0,7.0,"POLYGON((-896.562 115.7454,-855.876 116.7654,-855.39 121.1154,-896.052 120.0936,-896.562 115.7454))",,POINT(-877.614 118.4358),01030000000100000005000000D122DBF97E048CC00F9C33A2B4EF5C405EBA490C02BF8AC0F0164850FC305D4085EB51B81EBB8AC0567DAEB662475E4023DBF97E6A008CC0F5B9DA8AFD055E40D122DBF97E048CC00F9C33A2B4EF5C40,885.569518286192988,-877.614,118.4358,82.3142509451,"POLYGON((0.956036 82.64385,0.913524 82.231217,0.913648 81.941012,0.956101 82.366408,0.956036 82.64385))",,POINT(0.936542095532817 82.3142509450842),0.936542095533
49,11490.0,,HMI SHARP,HMI,SDO,11490,HMI,,,4.99999987369e-05,SDO,,cm,50.7271995544,-13.2088708878,42.9669876099,58.332069397,"POLYGON((0.714682 246.109241,0.865579 250.363236,0.856283 259.774924,0.692004 257.44858,0.714682 246.109241))",,POINT(0.788253253247436 253.503623365623),"POLYGON((-59.583731 -17.12964,-44.218649 -17.12964,-44.218649 -8.980936,-59.583731 -8.980936,-59.583731 -17.12964))",,POINT(-51.82352 -13.208871),-51.82352,-13.208871,"POLYGON((42.966989 -17.12964,58.332071 -17.12964,58.332071 -8.980936,42.966989 -8.980936,42.966989 -17.12964))",,POINT(50.7272 -13.208871),50.7272,-13.208871,"POLYGON((617.868 -273.6822,770.85 -275.0448,796.8 -143.727,638.688 -142.1952,617.868 -273.6822))",,POINT(714.654 -211.641),010300000001000000050000006DE7FBA9F14E83404D158C4AEA1A71C0CDCCCCCCCC168840C66D3480B73071C06666666666E688402506819543F761C02FDD240681F58340BC0512143FC661C06DE7FBA9F14E83404D158C4AEA1A71C0,745.333651861365979,714.654,-211.641,253.503623366,"POLYGON((0.714682 246.109241,0.865579 250.363236,0.856283 259.774924,0.692004 257.44858,0.714682 246.109241))",,POINT(0.788253253247436 253.503623365623),0.788253253247
50,11495.0,,HMI SHARP,HMI,SDO,11495,HMI,,,4.99999987369e-05,SDO,,cm,-5.69301319122,-13.388586998,-11.3789539337,0.06101796031,"POLYGON((0.337924 145.818462,0.279415 180.210155,0.162156 180.372509,0.253936 129.729037,0.337924 145.818462))",,POINT(0.24427408879562 156.620184318889),"POLYGON((-113.929674 -16.644486,-102.489702 -16.644486,-102.489702 -9.78203,-113.929674 -9.78203,-113.929674 -16.644486))",,POINT(-108.243733 -13.388587),-108.243733,-13.388587,"POLYGON((-11.378954 -16.644486,0.061018 -16.644486,0.061018 -9.78203,-11.378954 -9.78203,-11.378954 -16.644486))",,POINT(-5.693013 -13.388587),-5.693013,-13.388587,"POLYGON((-179.514 -264.33,0.96906 -264.1992,0.996852 -153.324,-184.6626 -153.468,-179.514 -264.33))",,POINT(-91.656 -212.0094),010300000001000000050000009CC420B0727066C0E17A14AE478570C08A93FB1D8A02EF3FD0D556EC2F8370C05B785E2A36E6EF3FEE7C3F355E2A63C08C4AEA04341567C0E5D022DBF92E63C09CC420B0727066C0E17A14AE478570C0,230.973608934787165,-91.656,-212.0094,156.620184319,"POLYGON((0.337924 145.818462,0.279415 180.210155,0.162156 180.372509,0.253936 129.729037,0.337924 145.818462))",,POINT(0.24427408879562 156.620184318889),0.244274088796
51,11497.0,,HMI SHARP,HMI,SDO,11497,HMI,,,4.99999987369e-05,SDO,,cm,-33.4324493408,-21.8891105652,-39.2827529907,-26.8510971069,"POLYGON((0.70668 124.889096,0.577898 134.282111,0.540423 127.831279,0.684124 119.055802,0.70668 124.889096))",,POINT(0.631074433624372 125.609639093976),"POLYGON((-141.833472 -24.141177,-129.401818 -24.141177,-129.401818 -19.719515,-141.833472 -19.719515,-141.833472 -24.141177))",,POINT(-135.98317 -21.88911),-135.98317,-21.88911,"POLYGON((-39.282752 -24.141177,-26.851098 -24.141177,-26.851098 -19.719515,-39.282752 -19.719515,-39.282752 -24.141177))",,POINT(-33.43245 -21.88911),-33.43245,-21.88911,"POLYGON((-548.1 -382.2048,-391.1964 -381.5142,-403.596 -313.4142,-565.4634 -314.1618,-548.1 -382.2048))",,POINT(-485.1294 -347.442),01030000000100000005000000CDCCCCCCCC2081C088635DDC46E377C0F38E5374247378C0A779C7293AD877C0A8C64B37893979C00DE02D90A09673C0BB270F0BB5AB81C0E3C798BB96A273C0CDCCCCCCCC2081C088635DDC46E377C0,596.713061787958509,-485.1294,-347.442,125.609639094,"POLYGON((0.70668 124.889096,0.577898 134.282111,0.540423 127.831279,0.684124 119.055802,0.70668 124.889096))",,POINT(0.631074433624372 125.609639093976),0.631074433624
52,11494.0,,HMI SHARP,HMI,SDO,"11494,11502",HMI,,,4.99999987369e-05,SDO,,cm,-58.7367897034,-17.0590438843,-68.3919830322,-53.4511604309,"POLYGON((0.940046 113.10267,0.833227 116.163143,0.81685 106.8887,0.934726 104.81228,0.940046 113.10267))",,POINT(0.868797123175342 109.481277140777),"POLYGON((-170.942701 -21.791132,-156.001879 -21.791132,-156.001879 -13.984118,-170.942701 -13.984118,-170.942701 -21.791132))",,POINT(-161.28751 -17.059044),-161.28751,-17.059044,"POLYGON((-68.391981 -21.791132,-53.451159 -21.791132,-53.451159 -13.984118,-68.391981 -13.984118,-68.391981 -21.791132))",,POINT(-58.73679 -17.059044),-58.73679,-17.059044,"POLYGON((-817.578 -348.7716,-707.136 -347.3892,-739.062 -224.385,-854.46 -225.954,-817.578 -348.7716))",,POINT(-774.462 -273.9666),01030000000100000005000000B4C876BE9F8C89C07FD93D7958CC75C00C022B87161986C0A779C7293AB675C0D122DBF97E1887C0B81E85EB510C6CC048E17A14AEB38AC04A0C022B873E6CC0B4C876BE9F8C89C07FD93D7958CC75C0,821.49198861556772,-774.462,-273.9666,109.481277141,"POLYGON((0.940046 113.10267,0.833227 116.163143,0.81685 106.8887,0.934726 104.81228,0.940046 113.10267))",,POINT(0.868797123175342 109.481277140777),0.868797123175
53,11499.0,,HMI SHARP,HMI,SDO,"11493,11496,11498,11499,11501",HMI,,,4.99999987369e-05,SDO,,cm,-54.9782104492,13.7810907364,-78.2891082764,-39.7284545898,"POLYGON((0.980336 85.572939,0.644728 82.805766,0.691331 61.343485,0.982792 70.620829,0.980336 85.572939))",,POINT(0.833774495367147 73.0109374632201),"POLYGON((179.160173 4.235901,-142.279173 4.235901,-142.279173 18.916123,179.160173 18.916123,179.160173 4.235901))",,POINT(-157.52893 13.781091),-157.52893,13.781091,"POLYGON((-78.289107 4.235901,-39.728453 4.235901,-39.728453 18.916123,-78.289107 18.916123,-78.289107 4.235901))",,POINT(-54.97821 13.781091),-54.97821,13.781091,"POLYGON((-924.192 71.5518,-604.824 76.3452,-573.6186 313.4814,-876.63 308.352,-924.192 71.5518))",,POINT(-753.972 230.355),01030000000100000005000000A8C64B3789E18CC0B37BF2B050E351403BDF4F8D97E682C012A5BDC117165340728A8EE4F2EC81C0B6847CD0B3977340D7A3703D0A658BC01283C0CAA1457340A8C64B3789E18CC0B37BF2B050E35140,788.376307868900881,-753.972,230.355,73.0109374632,"POLYGON((0.980336 85.572939,0.644728 82.805766,0.691331 61.343485,0.982792 70.620829,0.980336 85.572939))",,POINT(0.833774495367147 73.0109374632201),0.833774495367
54,11499.0,,HMI SHARP,HMI,SDO,"11493,11496,11498,11499,11501",HMI,,,4.99999987369e-05,SDO,,cm,-53.0913887024,13.739774704,-75.5215606689,-37.1094818115,"POLYGON((0.969678 85.574392,0.609162 82.497878,0.662787 59.670339,0.973391 70.206332,0.969678 85.574392))",,POINT(0.81581024753067 72.6731571396263),"POLYGON((179.722061 4.168167,-141.865861 4.168167,-141.865861 19.106827,179.722061 19.106827,179.722061 4.168167))",,POINT(-157.84777 13.739775),-157.84777,13.739775,"POLYGON((-75.521559 4.168167,-37.109481 4.168167,-37.109481 19.106827,-75.521559 19.106827,-75.521559 4.168167))",,POINT(-53.09139 13.739775),-53.09139,13.739775,"POLYGON((-914.124 70.749,-571.0494 75.2016,-540.912 316.4592,-865.992 311.6682,-914.124 70.749))",,POINT(-736.368 229.7316),01030000000100000005000000A245B6F3FD908CC00E2DB29DEFAF514061C3D32B65D881C0E9B7AF03E7CC52409EEFA7C64BE780C02C6519E258C773400E2DB29DEF0F8BC0FFB27BF2B07A7340A245B6F3FD908CC00E2DB29DEFAF5140,771.371790683688459,-736.368,229.7316,72.6731571396,"POLYGON((0.969678 85.574392,0.609162 82.497878,0.662787 59.670339,0.973391 70.206332,0.969678 85.574392))",,POINT(0.81581024753067 72.6731571396263),0.815810247531
55,11495.0,,HMI SHARP,HMI,SDO,11495,HMI,,,4.99999987369e-05,SDO,,cm,-3.57483005524,-13.3979129791,-9.09083557129,2.28732395172,"POLYGON((0.318985 151.539407,0.282973 187.799339,0.166235 193.751641,0.224881 135.923765,0.318985 151.539407))",,POINT(0.232811622510043 164.828924265023),"POLYGON((-113.847216 -16.680021,-102.469056 -16.680021,-102.469056 -9.722157,-113.847216 -9.722157,-113.847216 -16.680021))",,POINT(-108.33121 -13.397913),-108.33121,-13.397913,"POLYGON((-9.090836 -16.680021,2.287324 -16.680021,2.287324 -9.722157,-9.090836 -9.722157,-9.090836 -16.680021))",,POINT(-3.57483 -13.397913),-3.57483,-13.397913,"POLYGON((-143.733 -265.158,36.30882 -265.0836,37.36392 -152.6748,-147.9096 -152.7576,-143.733 -265.158))",,POINT(-57.60846 -212.4582),01030000000100000005000000FA7E6ABC74F761C04A0C022B879270C0E42CEC6987274240211FF46C569170C01F2E39EE94AE4240E86A2BF6971563C0228E75711B7D62C063EE5A423E1863C0FA7E6ABC74F761C04A0C022B879270C0,220.130010245789975,-57.60846,-212.4582,164.828924265,"POLYGON((0.318985 151.539407,0.282973 187.799339,0.166235 193.751641,0.224881 135.923765,0.318985 151.539407))",,POINT(0.232811622510043 164.828924265023),0.23281162251
56,11497.0,,HMI SHARP,HMI,SDO,11497,HMI,,,4.99999987369e-05,SDO,,cm,-31.1394996643,-21.8519020081,-37.2138824463,-24.572227478,"POLYGON((0.685971 126.203996,0.555534 136.731982,0.512968 129.929707,0.660192 119.987171,0.685971 126.203996))",,POINT(0.605593631466429 127.300378006421),"POLYGON((-141.970263 -24.193944,-129.328607 -24.193944,-129.328607 -19.57429,-141.970263 -19.57429,-141.970263 -24.193944))",,POINT(-135.89588 -21.851902),-135.89588,-21.851902,"POLYGON((-37.213883 -24.193944,-24.572227 -24.193944,-24.572227 -19.57429,-37.213883 -19.57429,-37.213883 -24.193944))",,POINT(-31.1395 -21.851902),-31.1395,-21.851902,"POLYGON((-523.3722 -383.1066,-360.0288 -382.4808,-371.9334 -311.3124,-540.669 -311.994,-523.3722 -383.1066))",,POINT(-455.4906 -346.9956),01030000000100000005000000925CFE43FA5A80C00F9C33A2B4F177C0FF21FDF6758076C0AB3E575BB1E777C062A1D634EF3E77C054742497FF7473C03108AC1C5AE580C096438B6CE77F73C0925CFE43FA5A80C00F9C33A2B4F177C0,572.606001634387439,-455.4906,-346.9956,127.300378006,"POLYGON((0.685971 126.203996,0.555534 136.731982,0.512968 129.929707,0.660192 119.987171,0.685971 126.203996))",,POINT(0.605593631466429 127.300378006421),0.605593631466
57,11494.0,,HMI SHARP,HMI,SDO,"11494,11502",HMI,,,4.99999987369e-05,SDO,,cm,-56.7963981628,-17.1804122925,-66.296875,-51.2193145752,"POLYGON((0.928291 113.626924,0.814052 117.087135,0.794751 107.326734,0.92157 104.982981,0.928291 113.626924))",,POINT(0.852791395134311 110.006305425173),"POLYGON((-171.053255 -21.99248,-155.975695 -21.99248,-155.975695 -13.948682,-171.053255 -13.948682,-171.053255 -21.99248))",,POINT(-161.55278 -17.180412),-161.55278,-17.180412,"POLYGON((-66.296875 -21.99248,-51.219315 -21.99248,-51.219315 -13.948682,-66.296875 -13.948682,-66.296875 -21.99248))",,POINT(-56.7964 -17.180412),-56.7964,-17.180412,"POLYGON((-804.15 -351.7746,-685.284 -350.4834,-717.36 -223.8,-841.746 -225.2772,-804.15 -351.7746))",,POINT(-757.68 -275.8674),0103000000010000000500000033333333332189C0B537F8C264FC75C083C0CAA1456A85C02F6EA301BCE775C07B14AE47E16A86C09A99999999F96BC08716D9CEF74D8AC070CE88D2DE286CC033333333332189C0B537F8C264FC75C0,806.338517486768751,-757.68,-275.8674,110.006305425,"POLYGON((0.928291 113.626924,0.814052 117.087135,0.794751 107.326734,0.92157 104.982981,0.928291 113.626924))",,POINT(0.852791395134311 110.006305425173),0.852791395134
58,11490.0,,HMI SHARP,HMI,SDO,11490,HMI,,,4.99999987369e-05,SDO,,cm,52.9012184143,-13.3438196182,45.1843528748,60.4964981079,"POLYGON((0.739214 246.917212,0.88295 250.741435,0.875066 259.796362,0.719192 257.682065,0.739214 246.917212))",,POINT(0.810477393712035 253.767522304845),"POLYGON((-59.572029 -17.126616,-44.259883 -17.126616,-44.259883 -9.130568,-59.572029 -9.130568,-59.572029 -17.126616))",,POINT(-51.85516 -13.34382),-51.85516,-13.34382,"POLYGON((45.184351 -17.126616,60.496497 -17.126616,60.496497 -9.130568,45.184351 -9.130568,45.184351 -17.126616))",,POINT(52.90122 -13.34382),52.90122,-13.34382,"POLYGON((642.99 -274.0302,788.136 -275.3616,814.314 -146.5716,664.362 -145.0722,642.99 -274.0302))",,POINT(735.78 -214.2162),0103000000010000000500000052B81E85EB1784406DC5FEB27B2071C00C022B8716A18840BDE3141DC93571C08D976E1283728940984C158C4A5262C037894160E5C28440AED85F764F2262C052B81E85EB1784406DC5FEB27B2071C0,766.329425731806282,735.78,-214.2162,253.767522305,"POLYGON((0.739214 246.917212,0.88295 250.741435,0.875066 259.796362,0.719192 257.682065,0.739214 246.917212))",,POINT(0.810477393712035 253.767522304845),0.810477393712
59,11502.0,,HMI SHARP,HMI,SDO,11502,HMI,,,4.99999987369e-05,SDO,,cm,-79.8779296875,-17.7475376129,-81.0826873779,-78.6647567749,"POLYGON((0.989409 108.507461,0.982809 108.619833,0.982597 107.377114,0.989287 107.272444,0.989409 108.507461))",,POINT(0.986233089781561 107.933663895561),"POLYGON((173.940365 -18.364898,176.358295 -18.364898,176.358295 -17.142976,173.940365 -17.142976,173.940365 -18.364898))",,POINT(175.14512 -17.747538),175.14512,-17.747538,"POLYGON((-81.082685 -18.364898,-78.664755 -18.364898,-78.664755 -17.142976,-81.082685 -17.142976,-81.082685 -18.364898))",,POINT(-79.87793 -17.747538),-79.87793,-17.747538,"POLYGON((-887.13 -296.958,-880.632 -296.7048,-886.668 -277.476,-893.214 -277.734,-887.13 -296.958))",,POINT(-887.202 -287.1342),01030000000100000005000000D7A3703D0AB98BC017D9CEF7538F72C0931804560E858BC088635DDC468B72C0D34D621058B58BC0560E2DB29D5771C0C1CAA145B6E98BC039B4C876BE5B71C0D7A3703D0AB98BC017D9CEF7538F72C0,932.509215833087637,-887.202,-287.1342,107.933663896,"POLYGON((0.989409 108.507461,0.982809 108.619833,0.982597 107.377114,0.989287 107.272444,0.989409 108.507461))",,POINT(0.986233089781561 107.933663895561),0.986233089782
60,11499.0,,HMI SHARP,HMI,SDO,"11493,11496,11498,11499,11501",HMI,,,4.99999987369e-05,SDO,,cm,-51.335395813,13.6646652222,-73.0953598022,-34.949836731,"POLYGON((0.95847 85.518548,0.578952 82.131758,0.639833 57.930822,0.963607 69.656728,0.95847 85.518548))",,POINT(0.79829938119423 72.3760941212701),"POLYGON((179.942588 4.157768,-141.911888 4.157768,-141.911888 19.415526,179.942588 19.415526,179.942588 4.157768))",,POINT(-158.297446 13.664665),-158.297446,13.664665,"POLYGON((-73.095362 4.157768,-34.949838 4.157768,-34.949838 19.415526,-73.095362 19.415526,-73.095362 4.157768))",,POINT(-51.335396 13.664665),-51.335396,13.664665,"POLYGON((-903.468 70.8102,-542.2494 74.937,-512.6526 321.2022,-854.268 316.737,-903.468 70.8102))",,POINT(-719.37 228.528),0103000000010000000500000039B4C876BE3B8CC007CE1951DAB35140FB5C6DC5FEF180C08716D9CEF7BB5240F54A5986380580C0053411363C137440A01A2FDD24B28AC06F1283C0CACB734039B4C876BE3B8CC007CE1951DAB35140,754.796822783456037,-719.37,228.528,72.3760941213,"POLYGON((0.95847 85.518548,0.578952 82.131758,0.639833 57.930822,0.963607 69.656728,0.95847 85.518548))",,POINT(0.79829938119423 72.3760941212701),0.798299381194
61,11497.0,,HMI SHARP,HMI,SDO,11497,HMI,,,4.99999987369e-05,SDO,,cm,-28.9294910431,-21.8175354004,-34.9625511169,-22.355304718,"POLYGON((0.663696 127.861189,0.535277 139.456378,0.486877 132.311605,0.63389 121.201367,0.663696 127.861189))",,POINT(0.581021616261995 129.120069984212),"POLYGON((-141.924601 -24.32131,-129.317355 -24.32131,-129.317355 -19.471002,-141.924601 -19.471002,-141.924601 -24.32131))",,POINT(-135.891541 -21.817535),-135.891541,-21.817535,"POLYGON((-34.962551 -24.32131,-22.355305 -24.32131,-22.355305 -19.471002,-34.962551 -19.471002,-34.962551 -24.32131))",,POINT(-28.929491 -21.817535),-28.929491,-21.817535,"POLYGON((-495.4338 -385.146,-328.9836 -384.597,-340.4226 -309.8868,-512.652 -310.4898,-495.4338 -385.146))",,POINT(-426.207 -346.617),0103000000010000000500000014D044D8F0F67EC075931804561278C088855AD3BC8F74C0643BDF4F8D0978C0A2B437F8C24675C07C613255305E73C0F0A7C64B370580C04B598638D66773C014D044D8F0F67EC075931804561278C0,549.359401064549047,-426.207,-346.617,129.120069984,"POLYGON((0.663696 127.861189,0.535277 139.456378,0.486877 132.311605,0.63389 121.201367,0.663696 127.861189))",,POINT(0.581021616261995 129.120069984212),0.581021616262
62,11502.0,,HMI SHARP,HMI,SDO,11502,HMI,,,4.99999987369e-05,SDO,,cm,-77.4481124878,-17.7093162537,-80.9058456421,-74.7846679688,"POLYGON((0.98907 109.153341,0.969172 109.522685,0.968304 106.742726,0.988783 106.426179,0.98907 109.153341))",,POINT(0.978767661591396 108.02339801336),"POLYGON((172.132101 -18.994293,178.253279 -18.994293,178.253279 -16.296967,172.132101 -16.296967,172.132101 -18.994293))",,POINT(175.58984 -17.709316),175.58984,-17.709316,"POLYGON((-80.905849 -18.994293,-74.784671 -18.994293,-74.784671 -16.296967,-80.905849 -16.296967,-80.905849 -18.994293))",,POINT(-77.44811 -17.709316),-77.44811,-17.709316,"POLYGON((-883.404 -306.8274,-863.676 -306.2286,-876.726 -263.7432,-896.742 -264.3708,-883.404 -306.8274))",,POINT(-880.02 -286.3332),01030000000100000005000000AC1C5A643B9B8BC05E4BC8073D2D73C0C520B07268FD8AC0D93D7958A82373C02B8716D9CE658BC032E6AE25E47B70C00E2DB29DEF058CC0B515FBCBEE8570C0AC1C5A643B9B8BC05E4BC8073D2D73C0,925.430657489927739,-880.02,-286.3332,108.023398013,"POLYGON((0.98907 109.153341,0.969172 109.522685,0.968304 106.742726,0.988783 106.426179,0.98907 109.153341))",,POINT(0.978767661591396 108.02339801336),0.978767661591
63,11494.0,,HMI SHARP,HMI,SDO,"11494,11502",HMI,,,4.99999987369e-05,SDO,,cm,-54.7561531067,-17.2646465302,-64.2631072998,-49.0597686768,"POLYGON((0.915927 114.116105,0.794667 117.991207,0.772445 107.851009,0.907743 105.216469,0.915927 114.116105))",,POINT(0.835047164018933 110.553415636614),"POLYGON((-171.225157 -22.131119,-156.021819 -22.131119,-156.021819 -13.952945,-171.225157 -13.952945,-171.225157 -22.131119))",,POINT(-161.718203 -17.264647),-161.718203,-17.264647,"POLYGON((-64.263107 -22.131119,-49.059769 -22.131119,-49.059769 -13.952945,-64.263107 -13.952945,-64.263107 -22.131119))",,POINT(-54.756153 -17.264647),-54.756153,-17.264647,"POLYGON((-790.428 -353.8422,-663.468 -352.6416,-695.19 -223.884,-828.186 -225.2688,-790.428 -353.8422))",,POINT(-739.284 -277.1928),010300000001000000050000008195438B6CB388C00F0BB5A6791D76C039B4C876BEBB84C0D1915CFE430A76C0EC51B81E85B985C03F355EBA49FC6BC0736891ED7CE189C0462575029A286CC08195438B6CB388C00F0BB5A6791D76C0,789.542070460998389,-739.284,-277.1928,110.553415637,"POLYGON((0.915927 114.116105,0.794667 117.991207,0.772445 107.851009,0.907743 105.216469,0.915927 114.116105))",,POINT(0.835047164018933 110.553415636614),0.835047164019
64,11495.0,,HMI SHARP,HMI,SDO,11495,HMI,,,4.99999987369e-05,SDO,,cm,-1.33905696869,-13.4142208099,-6.78551864624,4.45565986633,"POLYGON((0.303615 158.01751,0.291266 194.866253,0.178445 205.538331,0.199053 144.000613,0.303615 158.01751))",,POINT(0.226461990413104 174.213219830453),"POLYGON((-113.747569 -16.728142,-102.50639 -16.728142,-102.50639 -9.674568,-113.747569 -9.674568,-113.747569 -16.728142))",,POINT(-108.301107 -13.414221),-108.301107,-13.414221,"POLYGON((-6.785519 -16.728142,4.45566 -16.728142,4.45566 -9.674568,-6.785519 -9.674568,-6.785519 -16.728142))",,POINT(-1.339057 -13.414221),-1.339057,-13.414221,"POLYGON((-107.457 -266.1996,70.656 -266.1756,72.738 -152.2362,-110.6232 -152.2632,-107.457 -266.1996))",,POINT(-21.58914 -213.03),010300000001000000050000006891ED7C3FDD5AC08104C58F31A370C0448B6CE7FBA95140D712F241CFA270C0AC1C5A643B2F5240166A4DF38E0763C080B74082E2A75BC0D50968226C0863C06891ED7C3FDD5AC08104C58F31A370C0,214.121161649052311,-21.58914,-213.03,174.21321983,"POLYGON((0.303615 158.01751,0.291266 194.866253,0.178445 205.538331,0.199053 144.000613,0.303615 158.01751))",,POINT(0.226461990413104 174.213219830453),0.226461990413
65,11490.0,,HMI SHARP,HMI,SDO,11490,HMI,,,4.99999987369e-05,SDO,,cm,55.0357971191,-13.4138765335,47.4247894287,62.6148719788,"POLYGON((0.763113 247.676358,0.898873 251.095826,0.89217 259.955282,0.745376 258.071063,0.763113 247.676358))",,POINT(0.831133784860635 254.066856408892),"POLYGON((-59.537261 -17.104324,-44.347179 -17.104324,-44.347179 -9.14164,-59.537261 -9.14164,-59.537261 -17.104324))",,POINT(-51.926253 -13.413877),-51.926253,-13.413877,"POLYGON((47.424789 -17.104324,62.614871 -17.104324,62.614871 -9.14164,47.424789 -9.14164,47.424789 -17.104324))",,POINT(55.035797 -13.413877),55.035797,-13.413877,"POLYGON((667.452 -274.0638,804.048 -275.3526,830.622 -147.1296,689.538 -145.6722,667.452 -274.0638))",,POINT(755.652 -215.7258),01030000000100000005000000560E2DB29DDB8440C2172653052171C0AAF1D24D622089401DC9E53FA43571C0E5D022DBF9F48940F931E6AE256462C0FCA9F1D24D8C8540E10B93A9823562C0560E2DB29DDB8440C2172653052171C0,785.841947143088078,755.652,-215.7258,254.066856409,"POLYGON((0.763113 247.676358,0.898873 251.095826,0.89217 259.955282,0.745376 258.071063,0.763113 247.676358))",,POINT(0.831133784860635 254.066856408892),0.831133784861
66,11499.0,,HMI SHARP,HMI,SDO,"11493,11496,11498,11499,11501",HMI,,,4.99999987369e-05,SDO,,cm,-49.2034873962,13.6142854691,-70.7727966309,-33.0616073608,"POLYGON((0.946135 85.461551,0.551875 81.781895,0.618176 56.640079,0.952726 69.377606,0.946135 85.461551))",,POINT(0.776226691898259 71.921977926217),"POLYGON((-179.940537 4.144695,-142.229347 4.144695,-142.229347 19.435575,-179.940537 19.435575,-179.940537 4.144695))",,POINT(-158.371227 13.614285),-158.371227,13.614285,"POLYGON((-70.772797 4.144695,-33.061607 4.144695,-33.061607 19.435575,-70.772797 19.435575,-70.772797 4.144695))",,POINT(-49.203487 13.614285),-49.203487,13.614285,"POLYGON((-891.75 70.7844,-516.4308 74.5854,-488.1726 321.4008,-843.066 317.2638,-891.75 70.7844))",,POINT(-697.68 227.7408),010300000001000000050000000000000000DE8BC0E0BE0E9C33B25140EF384547722380C005C58F3177A55240A2B437F8C2827EC0CAC342AD691674404A0C022B87588AC0F54A598638D473400000000000DE8BC0E0BE0E9C33B25140,733.909568260722494,-697.68,227.7408,71.9219779262,"POLYGON((0.946135 85.461551,0.551875 81.781895,0.618176 56.640079,0.952726 69.377606,0.946135 85.461551))",,POINT(0.776226691898259 71.921977926217),0.776226691898
67,11495.0,,HMI SHARP,HMI,SDO,11495,HMI,,,4.99999987369e-05,SDO,,cm,0.936659991741,-13.5537204742,-4.44548559189,6.59995698929,"POLYGON((0.294459 165.347141,0.305564 201.190194,0.197334 215.224207,0.178522 154.53486,0.294459 165.347141))",,POINT(0.22859058490343 184.004403015029),"POLYGON((-113.613226 -16.908285,-102.567783 -16.908285,-102.567783 -9.664219,-113.613226 -9.664219,-113.613226 -16.908285))",,POINT(-108.23108 -13.55372),-108.23108,-13.55372,"POLYGON((-4.445486 -16.908285,6.599957 -16.908285,6.599957 -9.664219,-4.445486 -9.664219,-4.445486 -16.908285))",,POINT(0.93666 -13.55372),0.93666,-13.55372,"POLYGON((-70.4262 -269.3514,104.4294 -269.3718,107.613 -152.4144,-72.573 -152.391,-70.4262 -269.3514))",,POINT(15.09294 -215.601),0103000000010000000500000088635DDC469B51C0083D9B559FD570C0C139234A7B1B5A40728A8EE4F2D570C0AC1C5A643BE75A40CCEEC9C3420D63C0E9263108AC2452C08D976E12830C63C088635DDC469B51C0083D9B559FD570C0,216.128637711071491,15.09294,-215.601,184.004403015,"POLYGON((0.294459 165.347141,0.305564 201.190194,0.197334 215.224207,0.178522 154.53486,0.294459 165.347141))",,POINT(0.22859058490343 184.004403015029),0.228590584903
68,11497.0,,HMI SHARP,HMI,SDO,11497,HMI,,,4.99999987369e-05,SDO,,cm,-26.8057117462,-21.8026008606,-32.9904212952,-19.8853569031,"POLYGON((0.644601 129.516202,0.514175 142.813823,0.458232 135.309265,0.61025 122.328663,0.644601 129.516202))",,POINT(0.557688606543854 131.090804932298),"POLYGON((-142.158163 -24.487043,-129.053097 -24.487043,-129.053097 -19.338015,-142.158163 -19.338015,-142.158163 -24.487043))",,POINT(-135.973452 -21.8026),-135.973452,-21.8026,"POLYGON((-32.990423 -24.487043,-19.885357 -24.487043,-19.885357 -19.338015,-32.990423 -19.338015,-32.990423 -24.487043))",,POINT(-26.805712 -21.8026),-26.805712,-21.8026,"POLYGON((-470.1642 -387.7968,-293.829 -387.2994,-304.6968 -308.004,-487.5462 -308.5554,-470.1642 -387.7968))",,POINT(-397.3986 -346.5606),010300000001000000050000000DE02D90A0627DC03F575BB1BF3C78C025068195435D72C0C286A757CA3478C0A5BDC117260B73C0F2D24D62104073C03411363CBD787EC02D431CEBE24873C00DE02D90A0627DC03F575BB1BF3C78C0,527.285403509636353,-397.3986,-346.5606,131.090804932,"POLYGON((0.644601 129.516202,0.514175 142.813823,0.458232 135.309265,0.61025 122.328663,0.644601 129.516202))",,POINT(0.557688606543854 131.090804932298),0.557688606544
69,11502.0,,HMI SHARP,HMI,SDO,11502,HMI,,,4.99999987369e-05,SDO,,cm,-75.1881408691,-17.7496337891,-78.4533004761,-72.5109939575,"POLYGON((0.982324 109.323323,0.959328 109.769093,0.958142 106.932815,0.981835 106.549168,0.982324 109.323323))",,POINT(0.97042192564497 108.216073000092),"POLYGON((172.378957 -19.038254,178.321263 -19.038254,178.321263 -16.312186,172.378957 -16.312186,172.378957 -19.038254))",,POINT(175.64412 -17.749634),175.64412,-17.749634,"POLYGON((-78.453303 -19.038254,-72.510997 -19.038254,-72.510997 -16.312186,-78.453303 -16.312186,-78.453303 -19.038254))",,POINT(-75.18814 -17.749634),-75.18814,-17.749634,"POLYGON((-876.45 -307.329,-853.572 -306.7848,-866.634 -263.8458,-889.854 -264.4176,-876.45 -307.329))",,POINT(-871.536 -286.8174),010300000001000000050000009A99999999638BC025068195433573C07F6ABC7493AC8AC06ADE718A8E2C73C0508D976E12158BC04FAF9465887D70C046B6F3FDD4CE8BC0F46C567DAE8670C09A99999999638BC025068195433573C0,917.517967256641896,-871.536,-286.8174,108.216073,"POLYGON((0.982324 109.323323,0.959328 109.769093,0.958142 106.932815,0.981835 106.549168,0.982324 109.323323))",,POINT(0.97042192564497 108.216073000092),0.970421925645
70,11494.0,,HMI SHARP,HMI,SDO,"11494,11502",HMI,,,4.99999987369e-05,SDO,,cm,-52.5761833191,-17.25831604,-62.0593261719,-46.9126243591,"POLYGON((0.90153 114.680644,0.774769 118.971945,0.749366 108.434719,0.891576 105.503526,0.90153 114.680644))",,POINT(0.814958008255551 111.07687833414),"POLYGON((-171.227068 -22.269995,-156.080366 -22.269995,-156.080366 -13.960625,-171.227068 -13.960625,-171.227068 -22.269995))",,POINT(-161.743923 -17.258316),-161.743923,-17.258316,"POLYGON((-62.059328 -22.269995,-46.912626 -22.269995,-46.912626 -13.960625,-62.059328 -13.960625,-62.059328 -22.269995))",,POINT(-52.576183 -17.258316),-52.576183,-17.258316,"POLYGON((-774.516 -355.9206,-640.86 -354.8244,-672.156 -224.049,-812.298 -225.324,-774.516 -355.9206))",,POINT(-718.98 -277.098),01030000000100000005000000E3A59BC4203488C029CB10C7BA3E76C07B14AE47E10684C029ED0DBE302D76C06891ED7C3F0185C021B0726891016CC0AAF1D24D626289C0EE7C3F355E2A6CC0E3A59BC4203488C029CB10C7BA3E76C0,770.529390746388003,-718.98,-277.098,111.076878334,"POLYGON((0.90153 114.680644,0.774769 118.971945,0.749366 108.434719,0.891576 105.503526,0.90153 114.680644))",,POINT(0.814958008255551 111.07687833414),0.814958008256
71,11490.0,,HMI SHARP,HMI,SDO,11490,HMI,,,4.99999987369e-05,SDO,,cm,57.5649223328,-13.5235052109,49.693397522,64.5175476074,"POLYGON((0.786335 248.407971,0.912226 251.42019,0.906612 259.878196,0.77104 258.185388,0.786335 248.407971))",,POINT(0.854248698479572 254.349088900765),"POLYGON((-59.474342 -17.050772,-44.650192 -17.050772,-44.650192 -9.336138,-59.474342 -9.336138,-59.474342 -17.050772))",,POINT(-51.602818 -13.523505),-51.602818,-13.523505,"POLYGON((49.693398 -17.050772,64.517548 -17.050772,64.517548 -9.336138,49.693398 -9.336138,49.693398 -17.050772))",,POINT(57.564922 -13.523505),57.564922,-13.523505,"POLYGON((691.296 -273.5922,817.542 -274.8126,843.846 -150.6432,713.562 -149.2608,691.296 -273.5922))",,POINT(777.732 -217.8918),01030000000100000005000000EE7C3F355E9A85400F0BB5A6791971C075931804568C8940AC8BDB68002D71C054E3A59BC45E8A4031992A1895D462C0D122DBF97E4C86407FD93D7958A862C0EE7C3F355E9A85400F0BB5A6791971C0,807.67809202134481,777.732,-217.8918,254.349088901,"POLYGON((0.786335 248.407971,0.912226 251.42019,0.906612 259.878196,0.77104 258.185388,0.786335 248.407971))",,POINT(0.854248698479572 254.349088900765),0.85424869848
72,11499.0,,HMI SHARP,HMI,SDO,"11493,11496,11498,11499,11501",HMI,,,4.99999987369e-05,SDO,,cm,-47.1263809204,13.6265983582,-68.497718811,-30.8042602539,"POLYGON((0.932564 85.326956,0.518903 81.165194,0.591921 54.978571,0.940722 69.098033,0.932564 85.326956))",,POINT(0.75396832355415 71.3525231571459),"POLYGON((-179.871149 4.198902,-142.177691 4.198902,-142.177691 19.427388,-179.871149 19.427388,-179.871149 4.198902))",,POINT(-158.49981 13.626598),-158.49981,13.626598,"POLYGON((-68.497719 4.198902,-30.804261 4.198902,-30.804261 19.427388,-68.497719 19.427388,-68.497719 4.198902))",,POINT(-47.12638 13.626598),-47.12638,13.626598,"POLYGON((-878.772 71.832,-484.782 75.3498,-458.3088 321.1668,-830.886 317.3172,-878.772 71.832))",,POINT(-675.426 227.9292),010300000001000000050000001904560E2D768BC06891ED7C3FF551408D976E12834C7EC003098A1F63D6524014D044D8F0A47CC0910F7A36AB1274400C022B8716F789C0A9A44E4013D573401904560E2D768BC06891ED7C3FF55140,712.847811028861884,-675.426,227.9292,71.3525231571,"POLYGON((0.932564 85.326956,0.518903 81.165194,0.591921 54.978571,0.940722 69.098033,0.932564 85.326956))",,POINT(0.75396832355415 71.3525231571459),0.753968323554
73,11495.0,,HMI SHARP,HMI,SDO,11495,HMI,,,4.99999987369e-05,SDO,,cm,3.13211607933,-13.7018518448,-2.11111283302,8.72308921814,"POLYGON((0.289275 172.974929,0.32199 206.894018,0.220782 222.857931,0.165835 167.292883,0.289275 172.974929))",,POINT(0.236987284938766 193.002711591166),"POLYGON((-113.484543 -17.021295,-102.650341 -17.021295,-102.650341 -9.679445,-113.484543 -9.679445,-113.484543 -17.021295))",,POINT(-108.241314 -13.701852),-108.241314,-13.701852,"POLYGON((-2.111113 -17.021295,8.723089 -17.021295,8.723089 -9.679445,-2.111113 -9.679445,-2.111113 -17.021295))",,POINT(3.132116 -13.701852),3.132116,-13.701852,"POLYGON((-33.44988 -271.4454,137.706 -271.5036,141.9822 -153.0162,-34.48878 -152.9502,-33.44988 -271.4454))",,POINT(50.41338 -218.3172),01030000000100000005000000EF8FF7AA95B940C0371AC05B20F770C03BDF4F8D9736614040A4DFBE0EF870C033C4B12E6EBF61403FC6DCB5842063C02D78D157903E41C01895D409681E63C0EF8FF7AA95B940C0371AC05B20F770C0,224.0622875426929,50.41338,-218.3172,193.002711591,"POLYGON((0.289275 172.974929,0.32199 206.894018,0.220782 222.857931,0.165835 167.292883,0.289275 172.974929))",,POINT(0.236987284938766 193.002711591166),0.236987284939
74,11490.0,,HMI SHARP,HMI,SDO,11490,HMI,,,4.99999987369e-05,SDO,,cm,59.790184021,-13.5472459793,52.0674552917,66.6320266724,"POLYGON((0.809479 249.172466,0.925979 251.811189,0.921504 259.740525,0.796678 258.213344,0.809479 249.172466))",,POINT(0.873214725427946 254.643923806907),"POLYGON((-59.305976 -16.934319,-44.741404 -16.934319,-44.741404 -9.593021,-59.305976 -9.593021,-59.305976 -16.934319))",,POINT(-51.583246 -13.547246),-51.583246,-13.547246,"POLYGON((52.067454 -16.934319,66.632026 -16.934319,66.632026 -9.593021,52.067454 -9.593021,52.067454 -16.934319))",,POINT(59.790184 -13.547246),59.790184,-13.547246,"POLYGON((715.32 -272.118,831.732 -273.2796,857.316 -155.1744,737.346 -153.8604,715.32 -272.118))",,POINT(796.116 -218.6304),01030000000100000005000000C3F5285C8F5A8640D9CEF753E30171C060E5D022DBFD8940637FD93D791471C04A0C022B87CA8A40840D4FAF946563C054E3A59BC40A87404FAF9465883B63C0C3F5285C8F5A8640D9CEF753E30171C0,825.590659625070998,796.116,-218.6304,254.643923807,"POLYGON((0.809479 249.172466,0.925979 251.811189,0.921504 259.740525,0.796678 258.213344,0.809479 249.172466))",,POINT(0.873214725427946 254.643923806907),0.873214725428
75,11494.0,,HMI SHARP,HMI,SDO,"11494,11502",HMI,,,4.99999987369e-05,SDO,,cm,-50.5769691467,-17.4233379364,-60.2062034607,-44.669090271,"POLYGON((0.889206 115.544289,0.754562 120.445838,0.724229 109.066591,0.877029 105.736066,0.889206 115.544289))",,POINT(0.796126571843499 111.817947512026),"POLYGON((-171.579632 -22.701462,-156.042518 -22.701462,-156.042518 -13.933998,-171.579632 -13.933998,-171.579632 -22.701462))",,POINT(-161.9504 -17.423338),-161.9504,-17.423338,"POLYGON((-60.206202 -22.701462,-44.669088 -22.701462,-44.669088 -13.933998,-60.206202 -13.933998,-60.206202 -22.701462))",,POINT(-50.57697 -17.423338),-50.57697,-17.423338,"POLYGON((-758.532 -362.5212,-615.036 -361.5012,-647.166 -223.6788,-798.12 -224.8836,-758.532 -362.5212))",,POINT(-698.79 -279.75),01030000000100000005000000C74B378941B487C0CEAACFD556A876C03F355EBA493883C0158C4AEA049876C017D9CEF7533984C0CB10C7BAB8F56BC0295C8FC2F5F088C0DCD78173461C6CC0C74B378941B487C0CEAACFD556A876C0,752.706799889571812,-698.79,-279.75,111.817947512,"POLYGON((0.889206 115.544289,0.754562 120.445838,0.724229 109.066591,0.877029 105.736066,0.889206 115.544289))",,POINT(0.796126571843499 111.817947512026),0.796126571843
76,11502.0,,HMI SHARP,HMI,SDO,11502,HMI,,,4.99999987369e-05,SDO,,cm,-72.5647888184,-17.5682353973,-75.9429473877,-70.2009658813,"POLYGON((0.973771 109.502742,0.947968 110.022722,0.94647 107.255657,0.973043 106.803721,0.973771 109.502742))",,POINT(0.958953804573515 108.241555826341),"POLYGON((172.683619 -19.050928,178.425601 -19.050928,178.425601 -16.420218,172.683619 -16.420218,172.683619 -19.050928))",,POINT(176.06178 -17.568235),176.06178,-17.568235,"POLYGON((-75.942951 -19.050928,-70.200969 -19.050928,-70.200969 -16.420218,-75.942951 -16.420218,-75.942951 -19.050928))",,POINT(-72.56479 -17.568235),-72.56479,-17.568235,"POLYGON((-867.84 -307.365,-842.094 -306.8754,-854.574 -265.4448,-880.692 -265.959,-867.84 -307.365))",,POINT(-861.09 -283.8042),010300000001000000050000001F85EB51B81E8BC0A4703D0AD73573C0986E1283C0508AC0B22E6EA3012E73C03BDF4F8D97B48AC02CD49AE61D9770C0A8C64B3789858BC0D34D6210589F70C01F85EB51B81E8BC0A4703D0AD73573C0,906.653633995717314,-861.09,-283.8042,108.241555826,"POLYGON((0.973771 109.502742,0.947968 110.022722,0.94647 107.255657,0.973043 106.803721,0.973771 109.502742))",,POINT(0.958953804573515 108.241555826341),0.958953804574
77,11497.0,,HMI SHARP,HMI,SDO,11497,HMI,,,4.99999987369e-05,SDO,,cm,-24.4488143921,-21.7305011749,-30.8093566895,-17.2749633789,"POLYGON((0.622212 131.247259,0.491463 146.487283,0.428721 138.930217,0.583616 123.690672,0.622212 131.247259))",,POINT(0.531614718739821 133.444969343974),"POLYGON((-142.182787 -24.480866,-128.648393 -24.480866,-128.648393 -19.170212,-142.182787 -19.170212,-142.182787 -24.480866))",,POINT(-135.822244 -21.730501),-135.822244,-21.730501,"POLYGON((-30.809357 -24.480866,-17.274963 -24.480866,-17.274963 -19.170212,-30.809357 -19.170212,-30.809357 -24.480866))",,POINT(-24.448814 -21.730501),-24.448814,-21.730501,"POLYGON((-442.3086 -387.8568,-256.5486 -387.4158,-266.2986 -305.589,-459.111 -306.081,-442.3086 -387.8568))",,POINT(-364.9206 -345.6312),01030000000100000005000000BBB88D06F0A47BC068B3EA73B53D78C05F29CB10C70870C0D49AE61DA73678C05F29CB10C7A470C08195438B6C1973C0B29DEFA7C6B17CC09EEFA7C64B2173C0BBB88D06F0A47BC068B3EA73B53D78C0,502.621100549708331,-364.9206,-345.6312,133.444969344,"POLYGON((0.622212 131.247259,0.491463 146.487283,0.428721 138.930217,0.583616 123.690672,0.622212 131.247259))",,POINT(0.531614718739821 133.444969343974),0.53161471874
78,11499.0,,HMI SHARP,HMI,SDO,"11493,11496,11498,11499,11501",HMI,,,4.99999987369e-05,SDO,,cm,-45.3638191223,13.6195955276,-66.9860610962,-28.3602085114,"POLYGON((0.922762 85.104205,0.482621 80.18388,0.563299 52.978679,0.931995 68.914977,0.922762 85.104205))",,POINT(0.734376527911072 70.8506918957551),"POLYGON((179.434811 4.35544,-141.939339 4.35544,-141.939339 19.402696,179.434811 19.402696,179.434811 4.35544))",,POINT(-158.94295 13.619596),-158.94295,13.619596,"POLYGON((-66.986059 4.35544,-28.360209 4.35544,-28.360209 19.402696,-66.986059 19.402696,-66.986059 4.35544))",,POINT(-45.36382 13.619596),-45.36382,13.619596,"POLYGON((-869.232 74.4552,-449.6088 77.7912,-425.2062 320.664,-822.15 316.9944,-869.232 74.4552))",,POINT(-655.89 227.7546),0103000000010000000500000060E5D022DB298BC0E9482EFF219D5240E09C11A5BD197CC018265305A3725340F7065F984C937AC0B4C876BE9F0A74403333333333B189C04772F90FE9CF734060E5D022DB298BC0E9482EFF219D5240,694.308180796654597,-655.89,227.7546,70.8506918958,"POLYGON((0.922762 85.104205,0.482621 80.18388,0.563299 52.978679,0.931995 68.914977,0.922762 85.104205))",,POINT(0.734376527911072 70.8506918957551),0.734376527911
79,11502.0,,HMI SHARP,HMI,SDO,11502,HMI,,,4.99999987369e-05,SDO,,cm,-70.280670166,-17.6840438843,-73.3100967407,-68.0971679688,"POLYGON((0.963017 109.689997,0.936432 110.244724,0.934619 107.517744,0.961989 107.032468,0.963017 109.689997))",,POINT(0.94761911735238 108.584537834776),"POLYGON((173.110776 -19.021767,178.323704 -19.021767,178.323704 -16.457969,173.110776 -16.457969,173.110776 -19.021767))",,POINT(176.1402 -17.684044),176.1402,-17.684044,"POLYGON((-73.310094 -19.021767,-68.097166 -19.021767,-68.097166 -16.457969,-73.310094 -16.457969,-73.310094 -19.021767))",,POINT(-70.28067 -17.684044),-70.28067,-17.684044,"POLYGON((-857.238 -306.7668,-830.646 -306.3546,-842.646 -265.9722,-869.61 -266.4054,-857.238 -306.7668))",,POINT(-849.198 -285.5316),0103000000010000000500000096438B6CE7C98AC02AA913D0442C73C0BA490C022BF589C096B20C71AC2573C0BA490C022B558AC0BD5296218E9F70C07B14AE47E12C8BC0C6DCB5847CA670C096438B6CE7C98AC02AA913D0442C73C0,895.916032785751554,-849.198,-285.5316,108.584537835,"POLYGON((0.963017 109.689997,0.936432 110.244724,0.934619 107.517744,0.961989 107.032468,0.963017 109.689997))",,POINT(0.94761911735238 108.584537834776),0.947619117352
80,11497.0,,HMI SHARP,HMI,SDO,11497,HMI,,,4.99999987369e-05,SDO,,cm,-22.1179866791,-21.6393470764,-28.6232013702,-15.0495243073,"POLYGON((0.60006 133.183539,0.473905 149.959201,0.405122 142.52793,0.557023 125.311739,0.60006 133.183539))",,POINT(0.506141357696897 136.035031309277),"POLYGON((-142.202332 -24.494837,-128.628654 -24.494837,-128.628654 -19.052347,-142.202332 -19.052347,-142.202332 -24.494837))",,POINT(-135.697117 -21.639347),-135.697117,-21.639347,"POLYGON((-28.623202 -24.494837,-15.049524 -24.494837,-15.049524 -19.052347,-28.623202 -19.052347,-28.623202 -24.494837))",,POINT(-22.117987 -21.639347),-22.117987,-21.639347,"POLYGON((-413.67 -388.2384,-224.3004 -387.8616,-233.0184 -303.9822,-429.741 -304.4058,-413.67 -388.2384))",,POINT(-332.2014 -344.4258),010300000001000000050000001F85EB51B8DA79C0DDB5847CD04378C0FDF675E09C096CC0BDE3141DC93D78C0E3C798BB96206DC019E25817B7FF72C060E5D022DBDB7AC0780B24287E0673C01F85EB51B8DA79C0DDB5847CD04378C0,478.525758833942007,-332.2014,-344.4258,136.035031309,"POLYGON((0.60006 133.183539,0.473905 149.959201,0.405122 142.52793,0.557023 125.311739,0.60006 133.183539))",,POINT(0.506141357696897 136.035031309277),0.506141357697
81,11495.0,,HMI SHARP,HMI,SDO,11495,HMI,,,4.99999987369e-05,SDO,,cm,5.42107009888,-13.7035417557,0.224037930369,10.7921962738,"POLYGON((0.287995 180.747026,0.339568 211.969879,0.247032 228.624956,0.163223 181.359077,0.287995 180.747026))",,POINT(0.248996291320609 201.732124438585),"POLYGON((-113.355092 -17.053032,-102.786934 -17.053032,-102.786934 -9.740758,-113.355092 -9.740758,-113.355092 -17.053032))",,POINT(-108.15806 -13.703542),-108.15806,-13.703542,"POLYGON((0.224038 -17.053032,10.792196 -17.053032,10.792196 -9.740758,0.224038 -9.740758,0.224038 -17.053032))",,POINT(5.42107 -13.703542),5.42107,-13.703542,"POLYGON((3.549924 -272.2584,169.9824 -272.3472,175.2588 -154.3758,3.660132 -154.2744,3.549924 -272.2584))",,POINT(87.165 -218.679),01030000000100000005000000B648DA8D3E660C4095D40968220471C0E5F21FD26F3F6540BD5296218E0571C08E06F01648E86540C7BAB88D064C63C036583849F3470D40B84082E2C74863C0B648DA8D3E660C4095D40968220471C0,235.410794710013249,87.165,-218.679,201.732124439,"POLYGON((0.287995 180.747026,0.339568 211.969879,0.247032 228.624956,0.163223 181.359077,0.287995 180.747026))",,POINT(0.248996291320609 201.732124438585),0.248996291321
82,11490.0,,HMI SHARP,HMI,SDO,11490,HMI,,,4.99999987369e-05,SDO,,cm,62.0437698364,-13.5593490601,54.6095466614,68.712387085,"POLYGON((0.833121 249.87588,0.938458 252.142008,0.934908 259.662169,0.822503 258.322763,0.833121 249.87588))",,POINT(0.891167477092155 254.922568263251),"POLYGON((-58.969585 -16.84054,-44.866745 -16.84054,-44.866745 -9.784742,-58.969585 -9.784742,-58.969585 -16.84054))",,POINT(-51.53536 -13.559349),-51.53536,-13.559349,"POLYGON((54.609545 -16.84054,68.712385 -16.84054,68.712385 -9.784742,54.609545 -9.784742,54.609545 -16.84054))",,POINT(62.04377 -13.559349),62.04377,-13.559349,"POLYGON((739.578 -271.0002,844.506 -272.0844,869.55 -158.6172,761.532 -157.3902,739.578 -271.0002))",,POINT(813.54 -219.1662),01030000000100000005000000B4C876BE9F1C87405917B7D100F070C0355EBA490C648A40857CD0B3590171C066666666662C8B40EBE2361AC0D363C0C74B378941CC8740C6DCB5847CAC63C0B4C876BE9F1C87405917B7D100F070C0,842.544452727830731,813.54,-219.1662,254.922568263,"POLYGON((0.833121 249.87588,0.938458 252.142008,0.934908 259.662169,0.822503 258.322763,0.833121 249.87588))",,POINT(0.891167477092155 254.922568263251),0.891167477092
83,11494.0,,HMI SHARP,HMI,SDO,"11494,11502",HMI,,,4.99999987369e-05,SDO,,cm,-48.3341369629,-17.4762153625,-58.3745346069,-42.4137077332,"POLYGON((0.875953 116.113938,0.73263 121.661086,0.69811 109.803248,0.86184 106.010906,0.875953 116.113938))",,POINT(0.773832486261871 112.555757889788),"POLYGON((-171.953663 -22.830997,-155.992837 -22.830997,-155.992837 -13.924623,-171.953663 -13.924623,-171.953663 -22.830997))",,POINT(-161.913267 -17.476215),-161.913267,-17.476215,"POLYGON((-58.374533 -22.830997,-42.413707 -22.830997,-42.413707 -13.924623,-58.374533 -13.924623,-58.374533 -22.830997))",,POINT(-48.334137 -17.476215),-48.334137,-17.476215,"POLYGON((-743.622 -364.521,-589.5672 -363.5712,-620.988 -223.6092,-783.21 -224.7432,-743.622 -364.521))",,POINT(-675.648 -280.6332),01030000000100000005000000E5D022DBF93C87C07593180456C876C0545227A0896C82C09A779CA223B976C096438B6CE76783C02497FF907EF36BC048E17A14AE7988C064CC5D4BC8176CC0E5D022DBF93C87C07593180456C876C0,731.611381025637115,-675.648,-280.6332,112.55575789,"POLYGON((0.875953 116.113938,0.73263 121.661086,0.69811 109.803248,0.86184 106.010906,0.875953 116.113938))",,POINT(0.773832486261871 112.555757889788),0.773832486262
84,11493.0,DSO,SWPC,nil,nil,,various,,,5e-05,various,,cm,-35.0,15.0,-38.0,-32.0,"POLYGON((0.651908 66.410429,0.576955 63.064796,0.579654 62.296409,0.653974 65.710528,0.651908 66.410429))",,POINT(0.616047923672623 64.5024452282042),"POLYGON((-151.57913 14.759358,-145.57913 14.759358,-145.57913 15.240642,-151.57913 15.240642,-151.57913 14.759358))",,POINT(-148.57913 15),-148.57913,15.0,"POLYGON((-38 14.759358,-32 14.759358,-32 15.240642,-38 15.240642,-38 14.759358))",,POINT(-35 15),-35.0,15.0,"POLYGON((-564.8352 246.648,-486.3018 247.0908,-485.2044 254.7768,-563.5608 254.3328,-564.8352 246.648))",,POINT(-525.7086 250.7226),01030000000100000005000000F46C567DAEA681C0DBF97E6ABCD46E40ED9E3C2CD4647EC042CF66D5E7E26E40D734EF3845537EC00D71AC8BDBD86F40C6DCB5847C9C81C07B832F4CA6CA6F40F46C567DAEA681C0DBF97E6ABCD46E40,582.435708267204404,-525.7086,250.7226,64.5024452282,"POLYGON((0.651908 66.410429,0.576955 63.064796,0.579654 62.296409,0.653974 65.710528,0.651908 66.410429))",,POINT(0.616047923672623 64.5024452282042),0.616047923673
85,11495.0,DSO,SWPC,nil,nil,,various,,,5e-05,various,,cm,-20.0,-14.0,-23.5,-16.5,"POLYGON((0.456068 121.648379,0.365584 130.838665,0.362594 130.201974,0.453883 121.076073,0.456068 121.648379))",,POINT(0.408743921415994 125.380790425876),"POLYGON((-137.07913 -14.147332,-130.07913 -14.147332,-130.07913 -13.852668,-137.07913 -13.852668,-137.07913 -14.147332))",,POINT(-133.57913 -14),-133.57913,-14.0,"POLYGON((-23.5 -14.147332,-16.5 -14.147332,-16.5 -13.852668,-23.5 -13.852668,-23.5 -14.147332))",,POINT(-20 -14),-20.0,-14.0,"POLYGON((-367.0602 -226.2444,-261.4932 -226.023,-261.8298 -221.2788,-367.533 -221.5008,-367.0602 -226.2444))",,POINT(-315.075 -223.7532),0103000000010000000500000082734694F6F076C08FE4F21FD2476CC032E6AE25E45770C0DBF97E6ABC406CC088635DDC465D70C0FE43FAEDEBA86BC04A0C022B87F876C0C7BAB88D06B06BC082734694F6F076C08FE4F21FD2476CC0,386.442427969859409,-315.075,-223.7532,125.380790426,"POLYGON((0.456068 121.648379,0.365584 130.838665,0.362594 130.201974,0.453883 121.076073,0.456068 121.648379))",,POINT(0.408743921415994 125.380790425876),0.408743921416
86,11496.0,DAI,SWPC,nil,nil,,various,,,5e-05,various,,cm,-47.0,16.0,-51.5,-42.5,"POLYGON((0.804552 69.74227,0.709286 66.795304,0.710125 66.485924,0.805085 69.463936,0.804552 69.74227))",,POINT(0.759053126686166 68.2751361114698),"POLYGON((-165.07913 15.885408,-156.07913 15.885408,-156.07913 16.114592,-165.07913 16.114592,-165.07913 15.885408))",,POINT(-160.57913 16),-160.57913,16.0,"POLYGON((-51.5 15.885408,-42.5 15.885408,-42.5 16.114592,-51.5 16.114592,-51.5 15.885408))",,POINT(-47 16),-47.0,16.0,"POLYGON((-713.604 263.3718,-616.338 264.2226,-615.63 267.8634,-712.788 267.012,-713.604 263.3718))",,POINT(-666.666 265.6338),0103000000010000000500000046B6F3FDD44C86C0728A8EE4F275704062105839B44283C06F8104C58F837040D7A3703D0A3D83C0DDB5847CD0BD7040FCA9F1D24D4686C0D578E92631B0704046B6F3FDD44C86C0728A8EE4F2757040,717.638398678916928,-666.666,265.6338,68.2751361115,"POLYGON((0.804552 69.74227,0.709286 66.795304,0.710125 66.485924,0.805085 69.463936,0.804552 69.74227))",,POINT(0.759053126686166 68.2751361114698),0.759053126686
87,11498.0,DSO,SWPC,nil,nil,,various,,,5e-05,various,,cm,-55.0,8.0,-57.0,-53.0,"POLYGON((0.84465 80.422248,0.805753 79.924497,0.806115 79.541988,0.84494 80.056926,0.84465 80.422248))",,POINT(0.825849355754461 79.9982256521399),"POLYGON((-170.57913 7.845302,-166.57913 7.845302,-166.57913 8.154698,-170.57913 8.154698,-170.57913 7.845302))",,POINT(-168.57913 8),-168.57913,8.0,"POLYGON((-57 7.845302,-53 7.845302,-53 8.154698,-57 8.154698,-57 7.845302))",,POINT(-55 8),-55.0,8.0,"POLYGON((-787.434 132.87,-750.042 133.272,-749.472 138.3384,-786.84 137.9352,-787.434 132.87))",,POINT(-768.924 135.6066),01030000000100000005000000B6F3FDD4789B88C0A4703D0AD79B604075931804567087C062105839B4A86040B29DEFA7C66B87C0ED9E3C2CD44A61401F85EB51B89688C004E78C28ED3D6140B6F3FDD4789B88C0A4703D0AD79B6040,780.790156021168059,-768.924,135.6066,79.9982256521,"POLYGON((0.84465 80.422248,0.805753 79.924497,0.806115 79.541988,0.84494 80.056926,0.84465 80.422248))",,POINT(0.825849355754461 79.9982256521399),0.825849355754
88,11494.0,CSO,SWPC,nil,nil,,various,,,5e-05,various,,cm,-20.0,-15.0,-21.5,-18.5,"POLYGON((0.439081 126.045505,0.401486 130.037119,0.396169 128.930564,0.434413 124.979856,0.439081 126.045505))",,POINT(0.417613463600172 127.40156886805),"POLYGON((-135.07913 -15.275019,-132.07913 -15.275019,-132.07913 -14.724981,-135.07913 -14.724981,-135.07913 -15.275019))",,POINT(-133.57913 -15),-133.57913,-15.0,"POLYGON((-21.5 -15.275019,-18.5 -15.275019,-18.5 -14.724981,-21.5 -14.724981,-21.5 -15.275019))",,POINT(-20 -15),-20.0,-15.0,"POLYGON((-335.649 -244.2708,-290.6172 -244.1778,-291.3684 -235.3614,-336.5172 -235.4556,-335.649 -244.2708))",,POINT(-313.6506 -239.8176),01030000000100000005000000AAF1D24D62FA74C038F8C264AA886EC076711B0DE02972C05227A089B0856EC08BFD65F7E43572C0C898BB96906B6DC0DCD78173460875C0D8817346946E6DC0AAF1D24D62FA74C038F8C264AA886EC0,394.828038708144447,-313.6506,-239.8176,127.401568868,"POLYGON((0.439081 126.045505,0.401486 130.037119,0.396169 128.930564,0.434413 124.979856,0.439081 126.045505))",,POINT(0.417613463600172 127.40156886805),0.4176134636
89,11497.0,DSO,SWPC,nil,nil,,various,,,5e-05,various,,cm,-21.0,-21.0,-24.0,-18.0,"POLYGON((0.52113 133.028518,0.458384 140.838265,0.456023 140.530893,0.519217 132.716052,0.52113 133.028518))",,POINT(0.487873194777327 136.486491608366),"POLYGON((-137.57913 -21.103132,-131.57913 -21.103132,-131.57913 -20.896868,-137.57913 -20.896868,-137.57913 -21.103132))",,POINT(-134.57913 -21),-134.57913,-21.0,"POLYGON((-24 -21.103132,-18 -21.103132,-18 -20.896868,-24 -20.896868,-24 -21.103132))",,POINT(-21 -21),-21.0,-21.0,"POLYGON((-360.168 -336.1974,-273.681 -336.024,-274.0608 -332.8278,-360.6678 -333.0018,-360.168 -336.1974))",,POINT(-317.5854 -334.5072),01030000000100000005000000A69BC420B08276C0B003E78C280375C037894160E51A71C0AAF1D24D620075C08CB96B09F92071C0107A36AB3ECD74C04D840D4FAF8A76C020D26F5F07D074C0A69BC420B08276C0B003E78C280375C0,461.254325882153637,-317.5854,-334.5072,136.486491608,"POLYGON((0.52113 133.028518,0.458384 140.838265,0.456023 140.530893,0.519217 132.716052,0.52113 133.028518))",,POINT(0.487873194777327 136.486491608366),0.487873194777
90,11492.0,DSO,SWPC,nil,nil,,various,,,5e-05,various,,cm,33.0,-13.0,32.0,34.0,"POLYGON((0.563605 246.815514,0.590019 247.898358,0.589125 248.232642,0.562625 247.162885,0.563605 246.815514))",,POINT(0.576392263935698 247.542752395818),"POLYGON((-81.57913 -13.103132,-79.57913 -13.103132,-79.57913 -12.896868,-81.57913 -12.896868,-81.57913 -13.103132))",,POINT(-80.57913 -13),-80.57913,-13.0,"POLYGON((32 -13.103132,34 -13.103132,34 -12.896868,32 -12.896868,32 -13.103132))",,POINT(33 -13),33.0,-13.0,"POLYGON((489.822 -209.781,516.837 -209.883,517.2678 -206.5506,490.2312 -206.448,489.822 -209.781))",,POINT(503.6178 -208.1652),01030000000100000005000000FED478E9269D7E40A245B6F3FD386AC004560E2DB2268040C74B3789413C6AC0F38E5374242A8040AF25E4839ED169C05D6DC5FEB2A37E407593180456CE69C0FED478E9269D7E40A245B6F3FD386AC0,544.943702567411947,503.6178,-208.1652,247.542752396,"POLYGON((0.563605 246.815514,0.590019 247.898358,0.589125 248.232642,0.562625 247.162885,0.563605 246.815514))",,POINT(0.576392263935698 247.542752395818),0.576392263936
91,11490.0,DSO,SWPC,nil,nil,,various,,,5e-05,various,,cm,65.0,-13.0,62.5,67.5,"POLYGON((0.894273 255.441737,0.928939 255.96782,0.928782 256.278162,0.894032 255.763532,0.894273 255.441737))",,POINT(0.91231773000511 255.880895158938),"POLYGON((-51.07913 -13.144386,-46.07913 -13.144386,-46.07913 -12.855614,-51.07913 -12.855614,-51.07913 -13.144386))",,POINT(-48.57913 -13),-48.57913,-13.0,"POLYGON((62.5 -13.144386,67.5 -13.144386,67.5 -12.855614,62.5 -12.855614,62.5 -13.144386))",,POINT(65 -13),65.0,-13.0,"POLYGON((818.334 -212.5236,852.048 -212.9478,853.044 -208.2942,819.294 -207.8682,818.334 -212.5236))",,POINT(836.484 -210.4068),01030000000100000005000000E9263108AC928940F085C954C1906AC0AAF1D24D62A08A40C364AA60549E6AC03108AC1C5AA88A40764F1E166A096AC03108AC1C5A9A894064CC5D4BC8FB69C0E9263108AC928940F085C954C1906AC0,862.540725845591624,836.484,-210.4068,255.880895159,"POLYGON((0.894273 255.441737,0.928939 255.96782,0.928782 256.278162,0.894032 255.763532,0.894273 255.441737))",,POINT(0.91231773000511 255.880895158938),0.912317730005
92,11500.0,,HMI SHARP,HMI,SDO,"11500,11503",HMI,,,4.99999987369e-05,SDO,,cm,7.50180006027,10.0563335419,6.6552400589,7.78253316879,"POLYGON((0.211709 327.191133,0.222754 323.008556,0.231676 324.736292,0.221122 328.821123,0.211709 327.191133))",,POINT(0.223175987421327 324.647953317987),"POLYGON((-107.47531 9.818506,-106.348017 9.818506,-106.348017 10.470996,-107.47531 10.470996,-107.47531 9.818506))",,POINT(-106.62875 10.056334),-106.62875,10.056334,"POLYGON((6.65524 9.818506,7.782533 9.818506,7.782533 10.470996,6.65524 10.470996,6.65524 9.818506))",,POINT(7.5018 10.056334),7.5018,10.056334,"POLYGON((108.4524 168.228,126.7164 168.2106,126.4572 178.842,108.231 178.8594,108.4524 168.228))",,POINT(122.0832 172.0926),01030000000100000005000000772D211FF41C5B409EEFA7C64B076540AEB6627FD9AD5F403411363CBD066540CCEEC9C3429D5F406DE7FBA9F15A6640105839B4C80E5B40D6C56D34805B6640772D211FF41C5B409EEFA7C64B076540,210.998034817862703,122.0832,172.0926,324.647953318,"POLYGON((0.211709 327.191133,0.222754 323.008556,0.231676 324.736292,0.221122 328.821123,0.211709 327.191133))",,POINT(0.223175987421327 324.647953317987),0.223175987421
93,11499.0,,HMI SHARP,HMI,SDO,"11493,11496,11498,11499,11501",HMI,,,4.99999987369e-05,SDO,,cm,-43.3187713623,13.6718883514,-65.7183914185,-23.7639865875,"POLYGON((0.914013 85.043337,0.411823 78.453181,0.510901 48.306291,0.924304 68.684288,0.914013 85.043337))",,POINT(0.711130580591598 70.1276590586443),"POLYGON((178.496781 4.368018,-139.548817 4.368018,-139.548817 19.443852,178.496781 19.443852,178.496781 4.368018))",,POINT(-159.1036 13.671888),-159.1036,13.671888,"POLYGON((-65.718389 4.368018,-23.763987 4.368018,-23.763987 19.443852,-65.718389 19.443852,-65.718389 4.368018))",,POINT(-43.31877 13.671888),-43.31877,13.671888,"POLYGON((-860.892 74.6622,-381.465 77.9346,-360.672 321.276,-814.074 317.6514,-860.892 74.6622))",,POINT(-632.28 228.537),010300000001000000050000004260E5D022E78AC051DA1B7C61AA52403D0AD7A370D777C0DDB5847CD07B5340986E1283C08A76C023DBF97E6A1474403BDF4F8D977089C0D50968226CDA73404260E5D022E78AC051DA1B7C61AA5240,672.314776551133036,-632.28,228.537,70.1276590586,"POLYGON((0.914013 85.043337,0.411823 78.453181,0.510901 48.306291,0.924304 68.684288,0.914013 85.043337))",,POINT(0.711130580591598 70.1276590586443),0.711130580592
94,11490.0,,HMI SHARP,HMI,SDO,11490,HMI,,,4.99999987369e-05,SDO,,cm,64.3450241089,-13.639333725,56.9321212769,70.8633651733,"POLYGON((0.853605 250.428283,0.950223 252.418332,0.947454 259.646533,0.844654 258.454978,0.853605 250.428283))",,POINT(0.908230812147852 255.100716755578),"POLYGON((-58.852709 -16.777546,-44.921465 -16.777546,-44.921465 -9.911314,-58.852709 -9.911314,-58.852709 -16.777546))",,POINT(-51.439806 -13.639334),-51.439806,-13.639334,"POLYGON((56.932121 -16.777546,70.863365 -16.777546,70.863365 -9.911314,56.932121 -9.911314,56.932121 -16.777546))",,POINT(64.345024 -13.639334),64.345024,-13.639334,"POLYGON((760.386 -270.3384,856.392 -271.362,881.154 -160.9824,782.394 -159.8202,760.386 -270.3384))",,POINT(829.788 -220.7784),010300000001000000050000000C022B8716C38740764F1E166AE570C04260E5D022C38A406F1283C0CAF570C0AC1C5A643B898B40E5F21FD26F1F64C0FED478E926738840BC0512143FFA63C00C022B8716C38740764F1E166AE570C0,858.656640835299186,829.788,-220.7784,255.100716756,"POLYGON((0.853605 250.428283,0.950223 252.418332,0.947454 259.646533,0.844654 258.454978,0.853605 250.428283))",,POINT(0.908230812147852 255.100716755578),0.908230812148
95,11494.0,,HMI SHARP,HMI,SDO,"11494,11502",HMI,,,4.99999987369e-05,SDO,,cm,-46.3043823242,-17.5444812775,-56.2495918274,-40.1823654175,"POLYGON((0.860052 116.946235,0.711178 123.14373,0.671436 110.615462,0.843224 106.359598,0.860052 116.946235))",,POINT(0.752990823047283 113.318495914938),"POLYGON((-172.034423 -23.088001,-155.967197 -23.088001,-155.967197 -13.911591,-172.034423 -13.911591,-172.034423 -23.088001))",,POINT(-162.089212 -17.544481),-162.089212,-17.544481,"POLYGON((-56.249593 -23.088001,-40.182367 -23.088001,-40.182367 -13.911591,-56.249593 -13.911591,-56.249593 -23.088001))",,POINT(-46.304382 -17.544481),-46.304382,-17.544481,"POLYGON((-724.83 -368.463,-562.968 -367.6068,-594.138 -223.5048,-764.922 -224.5428,-724.83 -368.463))",,POINT(-653.742 -281.796),01030000000100000005000000713D0AD7A3A686C0C520B072680777C039B4C876BE9781C068B3EA73B5F976C0C976BE9F1A9182C0AA60545227F06BC04C37894160E787C09A081B9E5E116CC0713D0AD7A3A686C0C520B072680777C0,711.890151765003679,-653.742,-281.796,113.318495915,"POLYGON((0.860052 116.946235,0.711178 123.14373,0.671436 110.615462,0.843224 106.359598,0.860052 116.946235))",,POINT(0.752990823047283 113.318495914938),0.752990823047
96,11497.0,,HMI SHARP,HMI,SDO,11497,HMI,,,4.99999987369e-05,SDO,,cm,-19.7186889648,-21.5954055786,-26.4799957275,-12.3580703735,"POLYGON((0.577986 135.171447,0.453905 154.466548,0.378468 147.499863,0.53056 127.038948,0.577986 135.171447))",,POINT(0.481231983390461 139.114829352286),"POLYGON((-142.264826 -24.436376,-128.1429 -24.436376,-128.1429 -18.895864,-142.264826 -18.895864,-142.264826 -24.436376))",,POINT(-135.503519 -21.595406),-135.503519,-21.595406,"POLYGON((-26.479996 -24.436376,-12.35807 -24.436376,-12.35807 -18.895864,-26.479996 -18.895864,-26.479996 -24.436376))",,POINT(-19.718689 -21.595406),-19.718689,-21.595406,"POLYGON((-385.2318 -387.5442,-184.971 -387.2178,-192.252 -301.7736,-400.3902 -302.1426,-385.2318 -387.5442))",,POINT(-297.795 -343.9638),0103000000010000000500000068B3EA73B51378C0BB270F0BB53878C0508D976E121F67C01A51DA1B7C3378C0F2D24D62100868C0F8C264AA60DC72C063EE5A423E0679C08E06F01648E272C068B3EA73B51378C0BB270F0BB53878C0,454.964787357703074,-297.795,-343.9638,139.114829352,"POLYGON((0.577986 135.171447,0.453905 154.466548,0.378468 147.499863,0.53056 127.038948,0.577986 135.171447))",,POINT(0.481231983390461 139.114829352286),0.48123198339
97,11500.0,,HMI SHARP,HMI,SDO,"11500,11503",HMI,,,4.99999987369e-05,SDO,,cm,8.82158756256,10.153134346,6.06261110306,11.3055372238,"POLYGON((0.191333 326.771989,0.251899 309.418416,0.283777 317.177978,0.232734 333.47827,0.191333 326.771989))",,POINT(0.237976118689094 320.418395382032),"POLYGON((-109.722219 8.797812,-104.479293 8.797812,-104.479293 11.594804,-109.722219 11.594804,-109.722219 8.797812))",,POINT(-106.963242 10.153134),-106.963242,10.153134,"POLYGON((6.062611 8.797812,11.305537 8.797812,11.305537 11.594804,6.062611 11.594804,6.062611 8.797812))",,POINT(8.821588 10.153134),8.821588,10.153134,"POLYGON((99.1224 151.3134,183.9774 151.2198,182.361 196.7802,98.2518 196.8756,99.1224 151.3134))",,POINT(143.3562 173.4012),01030000000100000005000000F241CF66D5C7584020D26F5F07EA624088635DDC46FF66402575029A08E76240643BDF4F8DCB6640DB8AFD65F79868408048BF7D1D905840158C4AEA049C6840F241CF66D5C7584020D26F5F07EA6240,224.986613468179456,143.3562,173.4012,320.418395382,"POLYGON((0.191333 326.771989,0.251899 309.418416,0.283777 317.177978,0.232734 333.47827,0.191333 326.771989))",,POINT(0.237976118689094 320.418395382032),0.237976118689
98,11495.0,,HMI SHARP,HMI,SDO,11495,HMI,,,4.99999987369e-05,SDO,,cm,7.66768217087,-13.7898254395,2.52228546143,13.0634975433,"POLYGON((0.29135 188.339975,0.36093 216.962725,0.27746 233.74557,0.169631 194.882508,0.29135 188.339975))",,POINT(0.267007404253045 209.174206297316),"POLYGON((-113.262545 -17.050427,-102.721332 -17.050427,-102.721332 -9.764433,-113.262545 -9.764433,-113.262545 -17.050427))",,POINT(-108.117148 -13.789825),-108.117148,-13.789825,"POLYGON((2.522285 -17.050427,13.063498 -17.050427,13.063498 -9.764433,2.522285 -9.764433,2.522285 -17.050427))",,POINT(7.667682 -13.789825),7.667682,-13.789825,"POLYGON((39.95268 -272.5344,205.1796 -272.6514,211.5306 -155.1258,41.18952 -154.992,39.95268 -272.5344))",,POINT(123.0528 -220.41),01030000000100000005000000D2C6116BF1F94340B8AF03E78C0871C092CB7F48BFA56940D50968226C0A71C03EE8D9ACFA706A40C7BAB88D066463C00EF8FC304298444039B4C876BE5F63C0D2C6116BF1F94340B8AF03E78C0871C0,252.433277694998083,123.0528,-220.41,209.174206297,"POLYGON((0.29135 188.339975,0.36093 216.962725,0.27746 233.74557,0.169631 194.882508,0.29135 188.339975))",,POINT(0.267007404253045 209.174206297316),0.267007404253
99,11502.0,,HMI SHARP,HMI,SDO,11502,HMI,,,4.99999987369e-05,SDO,,cm,-67.6558074951,-17.8126144409,-70.863899231,-66.0457229614,"POLYGON((0.951345 109.766942,0.924015 110.352494,0.921984 107.799987,0.950083 107.281393,0.951345 109.766942))",,POINT(0.932984928000104 109.019888702357),"POLYGON((173.351272 -18.862568,178.169448 -18.862568,178.169448 -16.491512,173.351272 -16.491512,173.351272 -18.862568))",,POINT(176.55936 -17.812614),176.55936,-17.812614,"POLYGON((-70.863898 -18.862568,-66.045722 -18.862568,-66.045722 -16.491512,-70.863898 -16.491512,-70.863898 -18.862568))",,POINT(-67.65581 -17.812614),-67.65581,-17.812614,"POLYGON((-846.42 -304.1784,-819.042 -303.8262,-829.932 -266.4618,-857.676 -266.8308,-846.42 -304.1784))",,POINT(-833.904 -287.46),010300000001000000050000008FC2F5285C738AC0B459F5B9DA0273C075931804569889C048BF7D1D38FD72C0FA7E6ABC74EF89C0AF94658863A770C0C520B07268CD8AC045D8F0F44AAD70C08FC2F5285C738AC0B459F5B9DA0273C0,882.059597088541409,-833.904,-287.46,109.019888702,"POLYGON((0.951345 109.766942,0.924015 110.352494,0.921984 107.799987,0.950083 107.281393,0.951345 109.766942))",,POINT(0.932984928000104 109.019888702357),0.932984928
100,11499.0,,HMI SHARP,HMI,SDO,"11493,11496,11498,11499,11501",HMI,,,4.99999987369e-05,SDO,,cm,-41.3741836548,13.5919723511,-63.8854103088,-21.4764289856,"POLYGON((0.900385 85.676111,0.373724 79.039537,0.485335 45.576739,0.91246 68.383487,0.900385 85.676111))",,POINT(0.687941977155552 69.5564879304653),"POLYGON((178.124039 3.729689,-139.466979 3.729689,-139.466979 19.448607,178.124039 19.448607,178.124039 3.729689))",,POINT(-159.364734 13.591972),-159.364734,13.591972,"POLYGON((-63.885411 3.729689,-21.476429 3.729689,-21.476429 19.448607,-63.885411 19.448607,-63.885411 3.729689))",,POINT(-41.374184 13.591972),-41.374184,13.591972,"POLYGON((-848.796 64.1772,-346.8714 67.1766,-327.6936 321.162,-801.966 317.7882,-848.796 64.1772))",,POINT(-609.414 227.166),01030000000100000005000000EE7C3F355E868AC07A36AB3E570B5040C05B2041F1AD75C04F1E166A4DCB5040174850FC187B74C03BDF4F8D971274407D3F355EBA0F89C0516B9A779CDC7340EE7C3F355E868AC07A36AB3E570B5040,650.376671592700973,-609.414,227.166,69.5564879305,"POLYGON((0.900385 85.676111,0.373724 79.039537,0.485335 45.576739,0.91246 68.383487,0.900385 85.676111))",,POINT(0.687941977155552 69.5564879304653),0.687941977156
101,11495.0,,HMI SHARP,HMI,SDO,11495,HMI,,,4.99999987369e-05,SDO,,cm,9.97333335876,-13.9061431885,4.81481599808,15.4680175781,"POLYGON((0.300694 195.542391,0.386699 221.448618,0.311556 237.904984,0.18506 206.67507,0.300694 195.542391))",,POINT(0.289770668071376 215.642243358247),"POLYGON((-113.175734 -17.11482,-102.522532 -17.11482,-102.522532 -9.825824,-113.175734 -9.825824,-113.175734 -17.11482))",,POINT(-108.017217 -13.906143),-108.017217,-13.906143,"POLYGON((4.814816 -17.11482,15.468018 -17.11482,15.468018 -9.825824,4.814816 -9.825824,4.814816 -17.11482))",,POINT(9.973333 -13.906143),9.973333,-13.906143,"POLYGON((76.1718 -273.8796,241.9968 -274.0224,249.5274 -156.498,78.5424 -156.3336,76.1718 -273.8796))",,POINT(159.6354 -222.6294),01030000000100000005000000FB5C6DC5FE0A5340FC1873D7121E71C0E4141DC9E53F6E40E3361AC05B2071C022FDF675E0306F400E2DB29DEF8F63C06D567DAEB6A25340423EE8D9AC8A63C0FB5C6DC5FE0A5340FC1873D7121E71C0,273.94764221931166,159.6354,-222.6294,215.642243358,"POLYGON((0.300694 195.542391,0.386699 221.448618,0.311556 237.904984,0.18506 206.67507,0.300694 195.542391))",,POINT(0.289770668071376 215.642243358247),0.289770668071
102,11500.0,,HMI SHARP,HMI,SDO,"11500,11503",HMI,,,4.99999987369e-05,SDO,,cm,10.9399471283,10.0743112564,7.53174161911,14.2165641785,"POLYGON((0.199956 319.343337,0.287287 301.836532,0.321629 311.366945,0.24869 328.796012,0.199956 319.343337))",,POINT(0.261207164044804 314.066475711966),"POLYGON((-110.458809 8.336437,-103.773985 8.336437,-103.773985 11.876789,-110.458809 11.876789,-110.458809 8.336437))",,POINT(-107.050603 10.074311),-107.050603,10.074311,"POLYGON((7.531741 8.336437,14.216565 8.336437,14.216565 11.876789,7.531741 11.876789,7.531741 8.336437))",,POINT(10.939947 10.074311),10.939947,10.074311,"POLYGON((123.1626 143.409,230.739 143.268,228.1992 200.9508,121.8072 201.096,123.1626 143.409))",,POINT(177.4374 171.7476),010300000001000000050000001895D40968CA5E400C022B8716ED6140CFF753E3A5D76C407F6ABC7493E861409FABADD85F866C402D211FF46C1E69403255302AA9735E40508D976E122369401895D40968CA5E400C022B8716ED6140,246.943858041701475,177.4374,171.7476,314.066475712,"POLYGON((0.199956 319.343337,0.287287 301.836532,0.321629 311.366945,0.24869 328.796012,0.199956 319.343337))",,POINT(0.261207164044804 314.066475711966),0.261207164045
103,11497.0,,HMI SHARP,HMI,SDO,11497,HMI,,,4.99999987369e-05,SDO,,cm,-17.5468044281,-21.5426712036,-24.3451042175,-10.1234512329,"POLYGON((0.556372 137.355857,0.439429 158.540972,0.359708 152.324815,0.505089 129.148917,0.556372 137.355857))",,POINT(0.459578504805913 142.216576398332),"POLYGON((-142.335654 -24.380674,-128.114002 -24.380674,-128.114002 -18.839686,-142.335654 -18.839686,-142.335654 -24.380674))",,POINT(-135.537354 -21.542671),-135.537354,-21.542671,"POLYGON((-24.345104 -24.380674,-10.123452 -24.380674,-10.123452 -18.839686,-24.345104 -18.839686,-24.345104 -24.380674))",,POINT(-17.546804 -21.542671),-17.546804,-21.542671,"POLYGON((-356.3292 -386.9064,-151.9806 -386.6358,-157.9464 -301.1604,-370.3116 -301.4694,-356.3292 -386.9064))",,POINT(-266.1984 -343.386),010300000001000000050000007E1D3867444576C08351499D802E78C0A54E401361FF62C0C0EC9E3C2C2A78C0E71DA7E848BE63C0742497FF90D272C0F0164850FC2477C0E10B93A982D772C07E1D3867444576C08351499D802E78C0,434.483064294294422,-266.1984,-343.386,142.216576398,"POLYGON((0.556372 137.355857,0.439429 158.540972,0.359708 152.324815,0.505089 129.148917,0.556372 137.355857))",,POINT(0.459578504805913 142.216576398332),0.459578504806
104,11490.0,,HMI SHARP,HMI,SDO,11490,HMI,,,4.99999987369e-05,SDO,,cm,66.8319702148,-13.7802734375,59.3816184998,73.1258010864,"POLYGON((0.873598 251.227791,0.961205 252.93003,0.959236 259.586067,0.866559 258.535805,0.873598 251.227791))",,POINT(0.925141843002909 255.203823558807),"POLYGON((-58.608933 -16.469378,-44.864747 -16.469378,-44.864747 -10.074002,-58.608933 -10.074002,-58.608933 -16.469378))",,POINT(-51.15858 -13.780273),-51.15858,-13.780273,"POLYGON((59.381617 -16.469378,73.125803 -16.469378,73.125803 -10.074002,59.381617 -10.074002,59.381617 -16.469378))",,POINT(66.83197 -13.780273),66.83197,-13.780273,"POLYGON((781.962 -265.7784,868.686 -266.7444,891.918 -163.9218,802.896 -162.8286,781.962 -265.7784))",,POINT(845.622 -223.3626),0103000000010000000500000004560E2DB26F88404DF38E53749C70C0736891ED7C258B404772F90FE9AB70C0D34D621058DF8B407DAEB6627F7D64C0BA490C022B178940E6AE25E4835A64C004560E2DB26F88404DF38E53749C70C0,874.624158117508159,845.622,-223.3626,255.203823559,"POLYGON((0.873598 251.227791,0.961205 252.93003,0.959236 259.586067,0.866559 258.535805,0.873598 251.227791))",,POINT(0.925141843002909 255.203823558807),0.925141843003
105,11494.0,,HMI SHARP,HMI,SDO,"11494,11502",HMI,,,4.99999987369e-05,SDO,,cm,-44.1838684082,-17.6409511566,-54.062828064,-37.8998908997,"POLYGON((0.842357 117.596983,0.687731 124.487247,0.643384 111.551108,0.822983 106.760906,0.842357 117.596983))",,POINT(0.730618602908071 114.225135589539),"POLYGON((-172.053379 -23.114734,-155.890441 -23.114734,-155.890441 -13.899114,-172.053379 -13.899114,-172.053379 -23.114734))",,POINT(-162.17442 -17.640951),-162.17442,-17.640951,"POLYGON((-54.062829 -23.114734,-37.899891 -23.114734,-37.899891 -13.899114,-54.062829 -13.899114,-54.062829 -23.114734))",,POINT(-44.18387 -17.640951),-44.18387,-17.640951,"POLYGON((-705.756 -368.913,-535.9098 -368.145,-565.7292 -223.4298,-744.99 -224.3712,-705.756 -368.913))",,POINT(-629.898 -283.4196),01030000000100000005000000355EBA490C0E86C0F853E3A59B0E77C035EF384547BF80C0B81E85EB510277C0F241CF66D5AD81C044FAEDEBC0ED6BC052B81E85EB4787C0CE88D2DEE00B6CC0355EBA490C0E86C0F853E3A59B0E77C0,690.722925685951168,-629.898,-283.4196,114.22513559,"POLYGON((0.842357 117.596983,0.687731 124.487247,0.643384 111.551108,0.822983 106.760906,0.842357 117.596983))",,POINT(0.730618602908071 114.225135589539),0.730618602908
106,11499.0,,HMI SHARP,HMI,SDO,"11493,11496,11498,11499,11501",HMI,,,4.99999987369e-05,SDO,,cm,-39.6921463013,13.5266771317,-62.5043754578,-19.343837738,"POLYGON((0.8895 86.106325,0.338107 79.203479,0.464623 42.379362,0.903297 67.898298,0.8895 86.106325))",,POINT(0.667364464466859 69.0104314314487),"POLYGON((177.299354 3.302304,-139.540108 3.302304,-139.540108 19.674612,177.299354 19.674612,177.299354 3.302304))",,POINT(-159.888416 13.526677),-159.888416,13.526677,"POLYGON((-62.504376 3.302304,-19.343838 3.302304,-19.343838 19.674612,-62.504376 19.674612,-62.504376 3.302304))",,POINT(-39.692146 13.526677),-39.692146,13.526677,"POLYGON((-838.968 57.10206,-313.9788 59.8749,-296.0652 324.4674,-791.202 321.3012,-838.968 57.10206))",,POINT(-589.0446 225.99),0103000000010000000500000039B4C876BE378AC0691D554D108D4C403255302AA99F73C09CA223B9FCEF4D4030BB270F0B8172C068226C787A477440560E2DB29DB988C0E25817B7D114744039B4C876BE378AC0691D554D108D4C40,630.908092267930897,-589.0446,225.99,69.0104314314,"POLYGON((0.8895 86.106325,0.338107 79.203479,0.464623 42.379362,0.903297 67.898298,0.8895 86.106325))",,POINT(0.667364464466859 69.0104314314487),0.667364464467
107,11500.0,,HMI SHARP,HMI,SDO,"11500,11503",HMI,,,4.99999987369e-05,SDO,,cm,13.1252565384,9.99800682068,9.56941223145,16.6198425293,"POLYGON((0.222136 311.916201,0.320665 297.530146,0.352338 307.081515,0.268158 322.459189,0.222136 311.916201))",,POINT(0.287818249412038 308.700672241589),"POLYGON((-110.626858 8.168151,-103.576428 8.168151,-103.576428 11.893917,-110.626858 11.893917,-110.626858 8.168151))",,POINT(-107.071013 9.998007),-107.071013,9.998007,"POLYGON((9.569412 8.168151,16.619842 8.168151,16.619842 11.893917,9.569412 11.893917,9.569412 8.168151))",,POINT(13.125257 9.998007),13.125257,9.998007,"POLYGON((156.2664 140.2896,268.8222 140.1198,265.7328 200.8374,154.47 201.0126,156.2664 140.2896))",,POINT(212.3496 170.1282),01030000000100000005000000F1F44A59868863407E1D38674489614057EC2FBB27CD7040F241CF66D583614024287E8CB99B704074B515FBCB1A6940D7A3703D0A4F6340BF7D1D3867206940F1F44A59868863407E1D386744896140,272.095492530471688,212.3496,170.1282,308.700672242,"POLYGON((0.222136 311.916201,0.320665 297.530146,0.352338 307.081515,0.268158 322.459189,0.222136 311.916201))",,POINT(0.287818249412038 308.700672241589),0.287818249412
108,11495.0,,HMI SHARP,HMI,SDO,11495,HMI,,,4.99999987369e-05,SDO,,cm,12.2467556,-13.9687309265,7.06579017639,17.8999977112,"POLYGON((0.314294 202.057597,0.414603 225.331989,0.347723 240.958682,0.207926 215.821065,0.314294 202.057597))",,POINT(0.314452334994935 221.109110674443),"POLYGON((-113.13048 -17.188626,-102.296272 -17.188626,-102.296272 -9.991656,-113.13048 -9.991656,-113.13048 -17.188626))",,POINT(-107.949514 -13.968731),-107.949514,-13.968731,"POLYGON((7.06579 -17.188626,17.899998 -17.188626,17.899998 -9.991656,7.06579 -9.991656,7.06579 -17.188626))",,POINT(12.246756 -13.968731),12.246756,-13.968731,"POLYGON((111.582 -275.3778,278.7546 -275.5428,287.397 -159.5778,115.0422 -159.3864,111.582 -275.3778))",,POINT(195.4566 -223.9842),010300000001000000050000006891ED7C3FE55B40DC4603780B3671C0FC1873D7126C71404D840D4FAF3871C03108AC1C5AF671401FF46C567DF263C009F9A067B3C25C40956588635DEC63C06891ED7C3FE55B40DC4603780B3671C0,297.274627799279244,195.4566,-223.9842,221.109110674,"POLYGON((0.314294 202.057597,0.414603 225.331989,0.347723 240.958682,0.207926 215.821065,0.314294 202.057597))",,POINT(0.314452334994935 221.109110674443),0.314452334995
109,11497.0,,HMI SHARP,HMI,SDO,11497,HMI,,,4.99999987369e-05,SDO,,cm,-15.4556179047,-21.5137424469,-22.3100624084,-7.9839630127,"POLYGON((0.536325 139.650616,0.427817 162.719286,0.343924 157.414815,0.480894 131.367625,0.536325 139.650616))",,POINT(0.440183390555703 145.558415851671),"POLYGON((-142.506333 -24.3333,-128.180233 -24.3333,-128.180233 -18.760752,-142.506333 -18.760752,-142.506333 -24.3333))",,POINT(-135.651888 -21.513742),-135.651888,-21.513742,"POLYGON((-22.310063 -24.3333,-7.983963 -24.3333,-7.983963 -18.760752,-22.310063 -18.760752,-22.310063 -24.3333))",,POINT(-15.455618 -21.513742),-15.455618,-21.513742,"POLYGON((-328.2732 -386.4108,-120.1422 -386.19,-124.8708 -300.2016,-341.1882 -300.4554,-328.2732 -386.4108))",,POINT(-235.353 -343.1898),010300000001000000050000004694F6065F8474C0265305A3922678C0705F07CE19095EC0D7A3703D0A2378C0D656EC2FBB375FC0FAEDEBC039C372C0B7D100DE025375C093A9825149C772C04694F6065F8474C0265305A3922678C0,416.137325210128154,-235.353,-343.1898,145.558415852,"POLYGON((0.536325 139.650616,0.427817 162.719286,0.343924 157.414815,0.480894 131.367625,0.536325 139.650616))",,POINT(0.440183390555703 145.558415851671),0.440183390556
110,11490.0,,HMI SHARP,HMI,SDO,11490,HMI,,,4.99999987369e-05,SDO,,cm,69.0588607788,-13.8657341003,61.6353111267,75.3530883789,"POLYGON((0.891084 251.720283,0.970799 253.208262,0.969435 259.250745,0.885529 258.290131,0.891084 251.720283))",,POINT(0.938852911805024 255.314300387696),"POLYGON((-58.560959 -16.352869,-44.843181 -16.352869,-44.843181 -10.488953,-58.560959 -10.488953,-58.560959 -16.352869))",,POINT(-51.13741 -13.865734),-51.13741,-13.865734,"POLYGON((61.635311 -16.352869,75.353089 -16.352869,75.353089 -10.488953,61.635311 -10.488953,61.635311 -16.352869))",,POINT(69.05886 -13.865734),69.05886,-13.865734,"POLYGON((799.896 -264.2262,878.634 -265.137,900.396 -170.9334,819.732 -169.9056,799.896 -264.2262))",,POINT(858.57 -225.0126),01030000000100000005000000BA490C022BFF8840AF25E4839E8370C0508D976E12758B40D578E926319270C0BA490C022B238C40C442AD69DE5D65C060E5D022DB9D89403EE8D9ACFA3C65C0BA490C022BFF8840AF25E4839E8370C0,887.56583702774401,858.57,-225.0126,255.314300388,"POLYGON((0.891084 251.720283,0.970799 253.208262,0.969435 259.250745,0.885529 258.290131,0.891084 251.720283))",,POINT(0.938852911805024 255.314300387696),0.938852911805
111,11494.0,,HMI SHARP,HMI,SDO,"11494,11502",HMI,,,4.99999987369e-05,SDO,,cm,-42.0066261292,-17.6735992432,-51.8455810547,-35.7046356201,"POLYGON((0.823478 118.287931,0.664714 125.874546,0.615785 112.577619,0.801393 107.224927,0.823478 118.287931))",,POINT(0.706764856144085 115.158833393301),"POLYGON((-172.041853 -23.111682,-155.900907 -23.111682,-155.900907 -13.894506,-172.041853 -13.894506,-172.041853 -23.111682))",,POINT(-162.202896 -17.6736),-162.202896,-17.6736,"POLYGON((-51.845583 -23.111682,-35.704637 -23.111682,-35.704637 -13.894506,-51.845583 -13.894506,-51.845583 -23.111682))",,POINT(-42.006626 -17.6736),-42.006626,-17.6736,"POLYGON((-685.524 -368.9304,-509.196 -368.2518,-537.5304 -223.506,-723.636 -224.3478,-685.524 -368.9304))",,POINT(-604.77 -284.0526),01030000000100000005000000D578E926316C85C02D431CEBE20E77C04260E5D022D37FC020D26F5F070477C063EE5A423ECC80C0D578E92631F06BC00C022B87169D86C09031772D210B6CC0D578E926316C85C02D431CEBE20E77C0,668.156143776856993,-604.77,-284.0526,115.158833393,"POLYGON((0.823478 118.287931,0.664714 125.874546,0.615785 112.577619,0.801393 107.224927,0.823478 118.287931))",,POINT(0.706764856144085 115.158833393301),0.706764856144
112,11499.0,,HMI SHARP,HMI,SDO,"11493,11496,11498,11499,11501",HMI,,,4.99999987369e-05,SDO,,cm,-37.7678718567,13.5624790192,-60.8949127197,-16.4500656128,"POLYGON((0.876305 86.05425,0.290865 77.488684,0.435029 37.990081,0.891742 67.60633,0.876305 86.05425))",,POINT(0.643713146062104 68.1545625513846),"POLYGON((176.703086 3.297678,-138.852066 3.297678,-138.852066 19.665304,176.703086 19.665304,176.703086 3.297678))",,POINT(-160.16987 13.562479),-160.16987,13.562479,"POLYGON((-60.894914 3.297678,-16.450066 3.297678,-16.450066 19.665304,-60.894914 19.665304,-60.894914 3.297678))",,POINT(-37.76787 13.562479),-37.76787,13.562479,"POLYGON((-826.452 57.00486,-268.44 59.56734,-253.1376 324.117,-779.436 321.1596,-826.452 57.00486))",,POINT(-564.8364 226.4382),01030000000100000005000000560E2DB29DD389C07F87A2409F804C40D7A3703D0AC770C038DBDC989EC84D40BF7D1D3867A46FC01D5A643BDF417440736891ED7C5B88C011C7BAB88D127440560E2DB29DD389C07F87A2409F804C40,608.534647480486569,-564.8364,226.4382,68.1545625514,"POLYGON((0.876305 86.05425,0.290865 77.488684,0.435029 37.990081,0.891742 67.60633,0.876305 86.05425))",,POINT(0.643713146062104 68.1545625513846),0.643713146062
113,11494.0,,HMI SHARP,HMI,SDO,"11494,11502",HMI,,,4.99999987369e-05,SDO,,cm,-39.8833885193,-17.7186069489,-49.8033332825,-33.5580978394,"POLYGON((0.805598 119.07194,0.642489 127.465226,0.587702 113.514003,0.780342 107.548024,0.805598 119.07194))",,POINT(0.682960567235083 116.185243107418),"POLYGON((-172.205335 -23.179321,-155.960099 -23.179321,-155.960099 -13.769325,-172.205335 -13.769325,-172.205335 -23.179321))",,POINT(-162.28539 -17.718607),-162.28539,-17.718607,"POLYGON((-49.803335 -23.179321,-33.558099 -23.179321,-33.558099 -13.769325,-49.803335 -13.769325,-49.803335 -23.179321))",,POINT(-39.88339 -17.718607),-39.88339,-17.718607,"POLYGON((-665.622 -370.0536,-482.0892 -369.4554,-509.4504 -221.6634,-703.368 -222.4194,-665.622 -370.0536))",,POINT(-579.3768 -284.9034),01030000000100000005000000E5D022DBF9CC84C00D71AC8BDB2077C0DAACFA5C6D217EC093A98251491777C0E561A1D634D77FC05305A3923AB56BC06DE7FBA9F1FA85C0287E8CB96BCD6BC0E5D022DBF9CC84C00D71AC8BDB2077C0,645.637222989660017,-579.3768,-284.9034,116.185243107,"POLYGON((0.805598 119.07194,0.642489 127.465226,0.587702 113.514003,0.780342 107.548024,0.805598 119.07194))",,POINT(0.682960567235083 116.185243107418),0.682960567235
114,11497.0,,HMI SHARP,HMI,SDO,11497,HMI,,,4.99999987369e-05,SDO,,cm,-13.2352275848,-21.4749679565,-20.1802806854,-5.89193153381,"POLYGON((0.516497 142.336581,0.419338 167.056043,0.33036 162.798019,0.455497 133.891775,0.516497 142.336581))",,POINT(0.421073152600024 149.46274452931),"POLYGON((-142.582281 -24.325358,-128.293931 -24.325358,-128.293931 -18.623556,-142.582281 -18.623556,-142.582281 -24.325358))",,POINT(-135.637228 -21.474968),-135.637228,-21.474968,"POLYGON((-20.180281 -24.325358,-5.891931 -24.325358,-5.891931 -18.623556,-20.180281 -18.623556,-20.180281 -24.325358))",,POINT(-13.235228 -21.474968),-13.235228,-21.474968,"POLYGON((-298.344 -386.5218,-88.7976 -386.3484,-92.3616 -298.3356,-310.3152 -298.5372,-298.344 -386.5218))",,POINT(-202.2546 -342.8502),010300000001000000050000002FDD240681A572C0D8F0F44A592878C089D2DEE00B3356C0D3DEE00B932578C0F38E5374241757C09A081B9E5EA572C030BB270F0B6573C094F6065F98A872C02FDD240681A572C0D8F0F44A592878C0,398.061782718713175,-202.2546,-342.8502,149.462744529,"POLYGON((0.516497 142.336581,0.419338 167.056043,0.33036 162.798019,0.455497 133.891775,0.516497 142.336581))",,POINT(0.421073152600024 149.46274452931),0.4210731526
115,11490.0,,HMI SHARP,HMI,SDO,11490,HMI,,,4.99999987369e-05,SDO,,cm,71.8823699951,-13.9166822433,63.9984779358,77.832359314,"POLYGON((0.907864 252.525009,0.979851 253.789609,0.979044 259.104515,0.90378 258.251324,0.907864 252.525009))",,POINT(0.95427456138005 255.483443651219),"POLYGON((-58.403521 -15.925661,-44.569639 -15.925661,-44.569639 -10.719959,-58.403521 -10.719959,-58.403521 -15.925661))",,POINT(-50.51963 -13.916682),-50.51963,-13.916682,"POLYGON((63.998479 -15.925661,77.832361 -15.925661,77.832361 -10.719959,63.998479 -10.719959,63.998479 -15.925661))",,POINT(71.88237 -13.916682),71.88237,-13.916682,"POLYGON((818.64 -257.7234,889.476 -258.5916,908.856 -174.9438,836.49 -173.97,818.64 -257.7234))",,POINT(873.324 -226.1262),0103000000010000000500000085EB51B81E958940D3DEE00B931B70C02B8716D9CECB8B4005C58F31772970C0022B8716D9668C40E0BE0E9C33DE65C052B81E85EB238A40D7A3703D0ABF65C085EB51B81E958940D3DEE00B931B70C0,902.124086421840389,873.324,-226.1262,255.483443651,"POLYGON((0.907864 252.525009,0.979851 253.789609,0.979044 259.104515,0.90378 258.251324,0.907864 252.525009))",,POINT(0.95427456138005 255.483443651219),0.95427456138
116,11500.0,,HMI SHARP,HMI,SDO,"11500,11503",HMI,,,4.99999987369e-05,SDO,,cm,15.3420372009,9.97749042511,11.5870046616,19.1182594299,"POLYGON((0.246549 305.862956,0.35626 293.881204,0.386806 303.73987,0.291847 317.467585,0.246549 305.862956))",,POINT(0.317194524639738 304.400871716693),"POLYGON((-110.814995 7.962171,-103.28374 7.962171,-103.28374 12.058163,-110.814995 12.058163,-110.814995 7.962171))",,POINT(-107.059963 9.97749),-107.059963,9.97749,"POLYGON((11.587005 7.962171,19.11826 7.962171,19.11826 12.058163,11.587005 12.058163,11.587005 7.962171))",,POINT(15.342037 9.97749),15.342037,9.97749,"POLYGON((188.889 136.5468,307.9572 136.347,304.077 203.1,186.5088 203.3076,188.889 136.5468))",,POINT(247.416 169.4148),010300000001000000050000009CC420B0729C67407DAEB6627F116140B37BF2B0503F7340C976BE9F1A0B6140AC1C5A643B01734033333333336369408E06F01648506740FD87F4DBD76969409CC420B0729C67407DAEB6627F116140,299.860053216563017,247.416,169.4148,304.400871717,"POLYGON((0.246549 305.862956,0.35626 293.881204,0.386806 303.73987,0.291847 317.467585,0.246549 305.862956))",,POINT(0.317194524639738 304.400871716693),0.31719452464
117,11495.0,,HMI SHARP,HMI,SDO,11495,HMI,,,4.99999987369e-05,SDO,,cm,14.4765987396,-13.9689483643,9.44252872467,20.2667160034,"POLYGON((0.332153 208.280342,0.442749 228.616801,0.382422 243.599652,0.234882 223.698008,0.332153 208.280342))",,POINT(0.340110619586329 225.755383163861),"POLYGON((-112.959472 -17.239845,-102.135284 -17.239845,-102.135284 -10.040769,-112.959472 -10.040769,-112.959472 -17.239845))",,POINT(-107.925401 -13.968948),-107.925401,-13.968948,"POLYGON((9.442528 -17.239845,20.266716 -17.239845,20.266716 -10.040769,9.442528 -10.040769,9.442528 -17.239845))",,POINT(14.476599 -13.968948),14.476599,-13.968948,"POLYGON((148.7694 -276.522,314.0424 -276.702,323.8194 -160.7478,153.402 -160.5372,148.7694 -276.522))",,POINT(230.3292 -224.3346),010300000001000000050000005BB1BFEC9E9862403108AC1C5A4871C09B559FABADA07340AC1C5A643B4B71C07AA52C431C3D74405DFE43FAED1764C0BE9F1A2FDD2C634029ED0DBE301164C05BB1BFEC9E9862403108AC1C5A4871C0,321.523798698945484,230.3292,-224.3346,225.755383164,"POLYGON((0.332153 208.280342,0.442749 228.616801,0.382422 243.599652,0.234882 223.698008,0.332153 208.280342))",,POINT(0.340110619586329 225.755383163861),0.340110619586
118,11499.0,,HMI SHARP,HMI,SDO,"11493,11496,11498,11499,11501",HMI,,,4.99999987369e-05,SDO,,cm,-36.0466156006,13.5775661469,-58.9130630493,-14.2549972534,"POLYGON((0.85919 85.725313,0.255668 74.926594,0.415089 34.10623,0.876854 67.125504,0.85919 85.725313))",,POINT(0.622069957045087 67.3435846504577),"POLYGON((176.479197 3.51259,-138.862737 3.51259,-138.862737 19.731732,176.479197 19.731732,176.479197 3.51259))",,POINT(-160.654356 13.577566),-160.654356,13.577566,"POLYGON((-58.913063 3.51259,-14.254997 3.51259,-14.254997 19.731732,-58.913063 19.731732,-58.913063 3.51259))",,POINT(-36.046616 13.577566),-36.046616,13.577566,"POLYGON((-809.958 60.5412,-233.3742 62.853,-220.0278 324.9036,-763.728 322.2108,-809.958 60.5412))",,POINT(-542.6808 226.5234),010300000001000000050000008B6CE7FBA94F89C0304CA60A46454E4039454772F92B6DC077BE9F1A2F6D4F40865AD3BCE3806BC0A60A4625754E7440E7FBA9F1D2DD87C0F31FD26F5F2374408B6CE7FBA94F89C0304CA60A46454E40,588.06062734738498,-542.6808,226.5234,67.3435846505,"POLYGON((0.85919 85.725313,0.255668 74.926594,0.415089 34.10623,0.876854 67.125504,0.85919 85.725313))",,POINT(0.622069957045087 67.3435846504577),0.622069957045
119,11500.0,,HMI SHARP,HMI,SDO,"11500,11503",HMI,,,4.99999987369e-05,SDO,,cm,17.5577049255,9.95909309387,13.6904811859,21.5703296661,"POLYGON((0.274333 300.838493,0.391832 290.995372,0.421001 301.006983,0.318002 313.060797,0.274333 300.838493))",,POINT(0.347714630337317 300.885985476877),"POLYGON((-110.917259 7.764837,-103.037411 7.764837,-103.037411 12.201257,-110.917259 12.201257,-110.917259 7.764837))",,POINT(-107.050035 9.959093),-107.050035,9.959093,"POLYGON((13.690481 7.764837,21.570329 7.764837,21.570329 12.201257,13.690481 12.201257,13.690481 7.764837))",,POINT(17.557705 9.959093),17.557705,9.959093,"POLYGON((222.669 132.9402,345.8184 132.7152,341.1144 205.0188,219.6396 205.2534,222.669 132.9402))",,POINT(282.0912 168.7344),01030000000100000005000000C520B07268D56B4060764F1E169E6040BE30992A189D75402D431CEBE2966040992A1895D4517540462575029AA06940B1506B9A77746B40CE1951DA1BA86940C520B07268D56B4060764F1E169E6040,328.704643807780712,282.0912,168.7344,300.885985477,"POLYGON((0.274333 300.838493,0.391832 290.995372,0.421001 301.006983,0.318002 313.060797,0.274333 300.838493))",,POINT(0.347714630337317 300.885985476877),0.347714630337
120,11502.0,,HMI SHARP,HMI,SDO,11502,HMI,,,4.99999987369e-05,SDO,,cm,-58.3194541931,-17.8568668365,-60.1409072876,-57.7119522095,"POLYGON((0.882618 110.980848,0.863308 111.464155,0.861508 110.217244,0.881093 109.757837,0.882618 110.980848))",,POINT(0.867191811799727 110.577375872096),"POLYGON((175.251352 -18.526676,177.680308 -18.526676,177.680308 -17.434758,175.251352 -17.434758,175.251352 -18.526676))",,POINT(177.072806 -17.856867),177.072806,-17.856867,"POLYGON((-60.140908 -18.526676,-57.711952 -18.526676,-57.711952 -17.434758,-60.140908 -17.434758,-60.140908 -18.526676))",,POINT(-58.319454 -17.856867),-58.319454,-17.856867,"POLYGON((-779.046 -298.749,-759.51 -298.6302,-764.232 -281.4438,-783.888 -281.5656,-779.046 -298.749))",,POINT(-767.478 -288.1302),01030000000100000005000000EE7C3F355E5888C0448B6CE7FBAB72C0AE47E17A14BC87C0075F984C15AA72C060E5D022DBE187C0705F07CE199771C0C976BE9F1A7F88C0E2E995B20C9971C0EE7C3F355E5888C0448B6CE7FBAB72C0,819.781368802706993,-767.478,-288.1302,110.577375872,"POLYGON((0.882618 110.980848,0.863308 111.464155,0.861508 110.217244,0.881093 109.757837,0.882618 110.980848))",,POINT(0.867191811799727 110.577375872096),0.8671918118
121,11490.0,,HMI SHARP,HMI,SDO,11490,HMI,,,4.99999987369e-05,SDO,,cm,75.232093811,-13.9718608856,66.4742050171,80.4988708496,"POLYGON((0.924284 253.067031,0.987801 254.132971,0.987435 257.931994,0.921811 257.119142,0.924284 253.067031))",,POINT(0.969717799908933 255.642724075223),"POLYGON((-58.133533 -15.7049,-44.108867 -15.7049,-44.108867 -11.953336,-58.133533 -11.953336,-58.133533 -15.7049))",,POINT(-49.37565 -13.971861),-49.37565,-13.971861,"POLYGON((66.474207 -15.7049,80.498873 -15.7049,80.498873 -11.953336,66.474207 -11.953336,66.474207 -15.7049))",,POINT(75.23209 -13.971861),75.23209,-13.971861,"POLYGON((835.872 -254.4828,898.218 -255.3054,912.822 -195.159,849.486 -194.2596,835.872 -254.4828))",,POINT(888.072 -227.3124),01030000000100000005000000E5D022DBF91E8A404850FC1873CF6FC039B4C876BE118C40598638D6C5E96FC07F6ABC7493868C400C022B87166568C0D9CEF753E38B8A4055C1A8A44E4868C0E5D022DBF91E8A404850FC1873CF6FC0,916.702135035017818,888.072,-227.3124,255.642724075,"POLYGON((0.924284 253.067031,0.987801 254.132971,0.987435 257.931994,0.921811 257.119142,0.924284 253.067031))",,POINT(0.969717799908933 255.642724075223),0.969717799909
122,11497.0,,HMI SHARP,HMI,SDO,11497,HMI,,,4.99999987369e-05,SDO,,cm,-10.9577531815,-21.4505500793,-17.9707241058,-3.54751968384,"POLYGON((0.496506 145.33963,0.412168 172.101355,0.319544 169.372607,0.430171 136.925723,0.496506 145.33963))",,POINT(0.403754929935722 153.894063807348),"POLYGON((-142.578464 -24.279376,-128.15526 -24.279376,-128.15526 -18.513004,-142.578464 -18.513004,-142.578464 -24.279376))",,POINT(-135.565493 -21.45055),-135.565493,-21.45055,"POLYGON((-17.970724 -24.279376,-3.54752 -24.279376,-3.54752 -18.513004,-17.970724 -18.513004,-17.970724 -24.279376))",,POINT(-10.957753 -21.45055),-10.957753,-21.45055,"POLYGON((-266.931 -386.0676,-53.54394 -385.9374,-55.70898 -296.8932,-277.722 -297.0474,-266.931 -386.0676))",,POINT(-167.952 -342.7428),0103000000010000000500000037894160E5AE70C05BD3BCE3142178C03D7E6FD39FC54AC054742497FF1E78C050C24CDBBFDA4BC0984C158C4A8E72C0643BDF4F8D5B71C0499D8026C29072C037894160E5AE70C05BD3BCE3142178C0,381.681151297571944,-167.952,-342.7428,153.894063807,"POLYGON((0.496506 145.33963,0.412168 172.101355,0.319544 169.372607,0.430171 136.925723,0.496506 145.33963))",,POINT(0.403754929935722 153.894063807348),0.403754929936
123,11495.0,,HMI SHARP,HMI,SDO,11495,HMI,,,4.99999987369e-05,SDO,,cm,16.8105201721,-14.0893163681,11.742348671,22.4229393005,"POLYGON((0.353008 213.555581,0.469408 231.161901,0.414342 245.517773,0.264388 229.565739,0.353008 213.555581))",,POINT(0.369904342696396 229.603174795698),"POLYGON((-112.865391 -17.318232,-102.184801 -17.318232,-102.184801 -10.115076,-112.865391 -10.115076,-112.865391 -17.318232))",,POINT(-107.79722 -14.089316),-107.79722,-14.089316,"POLYGON((11.742349 -17.318232,22.422939 -17.318232,22.422939 -10.115076,11.742349 -10.115076,11.742349 -17.318232))",,POINT(16.81052 -14.089316),16.81052,-14.089316,"POLYGON((184.4562 -278.0964,345.6426 -278.2824,356.4726 -162.3204,190.2372 -162.1008,184.4562 -278.0964))",,POINT(266.3082 -226.6206),01030000000100000005000000ED0DBE30990E67405AF5B9DA8A6171C08E06F016489A75403FC6DCB5846471C06F8104C58F4776406E3480B7404A64C08F53742497C76740FAEDEBC0394364C0ED0DBE30990E67405AF5B9DA8A6171C0,349.681217298842057,266.3082,-226.6206,229.603174796,"POLYGON((0.353008 213.555581,0.469408 231.161901,0.414342 245.517773,0.264388 229.565739,0.353008 213.555581))",,POINT(0.369904342696396 229.603174795698),0.369904342696
124,11494.0,,HMI SHARP,HMI,SDO,"11494,11502",HMI,,,4.99999987369e-05,SDO,,cm,-37.977897644,-17.7921657562,-47.8040847778,-31.4210758209,"POLYGON((0.787622 119.942,0.620577 129.241283,0.559974 114.826748,0.759204 108.097058,0.787622 119.942))",,POINT(0.661339468453275 117.247598970495),"POLYGON((-172.411824 -23.275282,-156.028816 -23.275282,-156.028816 -13.794862,-172.411824 -13.794862,-172.411824 -23.275282))",,POINT(-162.585638 -17.792166),-162.585638,-17.792166,"POLYGON((-47.804084 -23.275282,-31.421076 -23.275282,-31.421076 -13.794862,-47.804084 -13.794862,-47.804084 -23.275282))",,POINT(-37.977898 -17.792166),-37.977898,-17.792166,"POLYGON((-645.186 -371.628,-454.3536 -371.1072,-480.4368 -222.2652,-682.194 -222.9366,-645.186 -371.628))",,POINT(-555.8106 -286.2318),01030000000100000005000000736891ED7C2984C0355EBA490C3A77C0D93D7958A8657CC019E25817B73177C0492EFF21FD067EC0C6DCB5847CC86BC0643BDF4F8D5185C0E02D90A0F8DD6BC0736891ED7C2984C0355EBA490C3A77C0,625.183226265388612,-555.8106,-286.2318,117.24759897,"POLYGON((0.787622 119.942,0.620577 129.241283,0.559974 114.826748,0.759204 108.097058,0.787622 119.942))",,POINT(0.661339468453275 117.247598970495),0.661339468453
125,11499.0,,HMI SHARP,HMI,SDO,"11493,11496,11498,11499,11501",HMI,,,4.99999987369e-05,SDO,,cm,-34.1535339355,13.523226738,-56.8201408386,-11.4775047302,"POLYGON((0.840086 85.208605,0.212149 70.055469,0.391788 28.688503,0.86013 66.635176,0.840086 85.208605))",,POINT(0.597541640367287 66.4726445212229),"POLYGON((176.366369 3.865073,-138.290995 3.865073,-138.290995 19.747239,176.366369 19.747239,176.366369 3.865073))",,POINT(-160.967024 13.523227),-160.967024,13.523227,"POLYGON((-56.820141 3.865073,-11.477505 3.865073,-11.477505 19.747239,-56.820141 19.747239,-56.820141 3.865073))",,POINT(-34.153534 13.523227),-34.153534,13.523227,"POLYGON((-791.364 66.333,-188.5182 68.4084,-177.7902 324.8952,-746.412 322.4574,-791.364 66.333))",,POINT(-517.9032 225.4848),01030000000100000005000000F4FDD478E9BA88C05A643BDF4F95504031992A18959067C0EEEBC039231A514093A98251493966C011363CBD524E74409EEFA7C64B5387C00C93A98251277440F4FDD478E9BA88C05A643BDF4F955040,564.860265553596832,-517.9032,225.4848,66.4726445212,"POLYGON((0.840086 85.208605,0.212149 70.055469,0.391788 28.688503,0.86013 66.635176,0.840086 85.208605))",,POINT(0.597541640367287 66.4726445212229),0.597541640367
126,11495.0,,HMI SHARP,HMI,SDO,11495,HMI,,,4.99999987369e-05,SDO,,cm,19.259847641,-14.0997114182,14.1642980576,24.6559467316,"POLYGON((0.378118 218.318408,0.49778 233.389822,0.446997 247.290974,0.297037 234.538906,0.378118 218.318408))",,POINT(0.401180908135833 233.206899813362),"POLYGON((-112.649192 -17.444967,-102.157544 -17.444967,-102.157544 -10.142501,-112.649192 -10.142501,-112.649192 -17.444967))",,POINT(-107.553642 -14.099711),-107.553642,-14.099711,"POLYGON((14.164298 -17.444967,24.655946 -17.444967,24.655946 -10.142501,14.164298 -10.142501,14.164298 -17.444967))",,POINT(19.259848 -14.099711),19.259848,-14.099711,"POLYGON((221.6226 -280.4376,377.7198 -280.6236,389.7918 -163.1256,228.7074 -162.9012,221.6226 -280.4376))",,POINT(303.696 -227.1366),01030000000100000005000000ABCFD556ECB36B40AC8BDB68008771C0933A014D849B7740925CFE43FA8971C0910F7A36AB5C7840158C4AEA046464C018265305A3966C40F7E461A1D65C64C0ABCFD556ECB36B40AC8BDB68008771C0,379.23910066811419,303.696,-227.1366,233.206899813,"POLYGON((0.378118 218.318408,0.49778 233.389822,0.446997 247.290974,0.297037 234.538906,0.378118 218.318408))",,POINT(0.401180908135833 233.206899813362),0.401180908136
127,11500.0,,HMI SHARP,HMI,SDO,"11500,11503",HMI,,,4.99999987369e-05,SDO,,cm,19.8007850647,10.0074329376,15.7853221893,23.7935657501,"POLYGON((0.304466 297.21504,0.424845 289.095931,0.452169 298.926835,0.345239 309.366308,0.304466 297.21504))",,POINT(0.379806780871158 298.105667093368),"POLYGON((-111.028168 7.707376,-103.019924 7.707376,-103.019924 12.332194,-111.028168 12.332194,-111.028168 7.707376))",,POINT(-107.012705 10.007433),-107.012705,10.007433,"POLYGON((15.785322 7.707376,23.793566 7.707376,23.793566 12.332194,15.785322 12.332194,15.785322 7.707376))",,POINT(19.800785 10.007433),19.800785,10.007433,"POLYGON((255.9516 131.6262,379.5096 131.3868,374.1102 206.7486,252.309 207.0006,255.9516 131.6262))",,POINT(316.6968 169.1406),01030000000100000005000000F5DBD78173FE6F402B1895D409746040AA60545227B87740F8C264AA606C60404F401361C361774024B9FC87F4D76940D9CEF753E3896F40158C4AEA04E06940F5DBD78173FE6F402B1895D409746040,359.033989614632446,316.6968,169.1406,298.105667093,"POLYGON((0.304466 297.21504,0.424845 289.095931,0.452169 298.926835,0.345239 309.366308,0.304466 297.21504))",,POINT(0.379806780871158 298.105667093368),0.379806780871
128,11502.0,,HMI SHARP,HMI,SDO,11502,HMI,,,4.99999987369e-05,SDO,,cm,-56.0070266724,-17.8623104095,-58.7007789612,-54.4052200317,"POLYGON((0.871948 111.664946,0.835779 112.63893,0.832193 110.565916,0.869222 109.667091,0.871948 111.664946))",,POINT(0.847819432626475 111.081173848715),"POLYGON((174.485731 -18.875227,178.781289 -18.875227,178.781289 -17.111247,174.485731 -17.111247,174.485731 -18.875227))",,POINT(177.179483 -17.86231),177.179483,-17.86231,"POLYGON((-58.700779 -18.875227,-54.405221 -18.875227,-54.405221 -17.111247,-58.700779 -17.111247,-58.700779 -18.875227))",,POINT(-56.007027 -17.86231),-56.007027,-17.86231,"POLYGON((-766.032 -304.2984,-729.192 -304.1148,-736.542 -276.348,-773.748 -276.5406,-766.032 -304.2984))",,POINT(-747.81 -288.2736),01030000000100000005000000C74B378941F087C00612143FC60473C0A8C64B3789C986C04B598638D60173C075931804560487C021B07268914571C0448B6CE7FB2D88C07B832F4CA64871C0C74B378941F087C00612143FC60473C0,801.449602006863529,-747.81,-288.2736,111.081173849,"POLYGON((0.871948 111.664946,0.835779 112.63893,0.832193 110.565916,0.869222 109.667091,0.871948 111.664946))",,POINT(0.847819432626475 111.081173848715),0.847819432626
129,11497.0,,HMI SHARP,HMI,SDO,11497,HMI,,,4.99999987369e-05,SDO,,cm,-8.66546058655,-21.4303569794,-15.8066396713,-1.26719653606,"POLYGON((0.478819 148.625315,0.409208 177.164573,0.31357 176.146496,0.406582 140.334283,0.478819 148.625315))",,POINT(0.388935178068312 158.769043995528),"POLYGON((-142.62013 -24.287728,-128.080686 -24.287728,-128.080686 -18.42099,-142.62013 -18.42099,-142.62013 -24.287728))",,POINT(-135.478951 -21.430357),-135.478951,-21.430357,"POLYGON((-15.80664 -24.287728,-1.267196 -24.287728,-1.267196 -18.42099,-15.80664 -18.42099,-15.80664 -24.287728))",,POINT(-8.665461 -21.430357),-8.665461,-21.430357,"POLYGON((-235.6542 -386.4474,-19.13532 -386.3538,-19.92108 -295.7496,-245.3298 -295.8612,-235.6542 -386.4474))",,POINT(-133.1412 -342.7092),0103000000010000000500000062A1D634EF746DC0B003E78C282778C0A67EDE54A42233C03255302AA92578C0EBFF1CE6CBEB33C04ED1915CFE7B72C011C7BAB88DAA6EC00BB5A679C77D72C062A1D634EF746DC0B003E78C282778C0,367.663126927463338,-133.1412,-342.7092,158.769043996,"POLYGON((0.478819 148.625315,0.409208 177.164573,0.31357 176.146496,0.406582 140.334283,0.478819 148.625315))",,POINT(0.388935178068312 158.769043995528),0.388935178068
130,11490.0,,HMI SHARP,HMI,SDO,11490,HMI,,,4.99999987369e-05,SDO,,cm,77.7840652466,-13.9077205658,69.4180908203,82.9500045776,"POLYGON((0.941972 253.429071,0.993381 254.26305,0.993204 257.785458,0.940212 257.138363,0.941972 253.429071))",,POINT(0.979366470415026 255.838303025973),"POLYGON((-57.395397 -15.654758,-43.863483 -15.654758,-43.863483 -12.156818,-57.395397 -12.156818,-57.395397 -15.654758))",,POINT(-49.029425 -13.907721),-49.029425,-13.907721,"POLYGON((69.418093 -15.654758,82.950007 -15.654758,82.950007 -12.156818,69.418093 -12.156818,69.418093 -15.654758))",,POINT(77.784065 -13.907721),77.784065,-13.907721,"POLYGON((853.47 -253.959,903.852 -254.6904,917.628 -198.642,866.49 -197.8422,853.47 -253.959))",,POINT(897.666 -226.506),01030000000100000005000000F6285C8FC2AB8A40A69BC420B0BE6FC0894160E5D03E8C4012A5BDC117D66FC01B2FDD2406AD8C40068195438BD468C052B81E85EB138B401E166A4DF3BA68C0F6285C8FC2AB8A40A69BC420B0BE6FC0,925.801931080293343,897.666,-226.506,255.838303026,"POLYGON((0.941972 253.429071,0.993381 254.26305,0.993204 257.785458,0.940212 257.138363,0.941972 253.429071))",,POINT(0.979366470415026 255.838303025973),0.979366470415
131,11494.0,,HMI SHARP,HMI,SDO,"11494,11502",HMI,,,4.99999987369e-05,SDO,,cm,-35.8278007507,-17.7957935333,-45.6303443909,-29.2117195129,"POLYGON((0.767572 120.987889,0.598265 131.282879,0.530913 116.341398,0.735325 108.736229,0.767572 120.987889))",,POINT(0.636144995066206 118.448416042734),"POLYGON((-172.443834 -23.395037,-156.02521 -23.395037,-156.02521 -13.808591,-172.443834 -13.808591,-172.443834 -23.395037))",,POINT(-162.64129 -17.795794),-162.64129,-17.795794,"POLYGON((-45.630344 -23.395037,-29.21172 -23.395037,-29.21172 -13.808591,-45.630344 -13.808591,-45.630344 -23.395037))",,POINT(-35.8278 -17.795794),-35.8278,-17.795794,"POLYGON((-622.032 -373.5756,-424.9842 -373.1328,-449.7642 -222.6918,-658.272 -223.2768,-622.032 -373.5756))",,POINT(-528.7368 -286.4646),01030000000100000005000000C74B3789417083C03E7958A8355977C092CB7F48BF8F7AC08A8EE4F21F5277C0A779C7293A1C7CC0EEEBC03923D66BC01904560E2D9284C00D71AC8BDBE86BC0C74B3789417083C03E7958A8355977C0,601.352285043800293,-528.7368,-286.4646,118.448416043,"POLYGON((0.767572 120.987889,0.598265 131.282879,0.530913 116.341398,0.735325 108.736229,0.767572 120.987889))",,POINT(0.636144995066206 118.448416042734),0.636144995066
132,11493.0,DSO,SWPC,nil,nil,,various,,,5e-05,various,,cm,-23.0,14.0,-28.0,-18.0,"POLYGON((0.51883 61.88467,0.388268 50.896923,0.391087 50.304273,0.520652 61.378837,0.51883 61.88467))",,POINT(0.453883850891511 57.0056338743424),"POLYGON((-154.81349 13.855614,-144.81349 13.855614,-144.81349 14.144386,-154.81349 14.144386,-154.81349 13.855614))",,POINT(-149.81349 14),-149.81349,14.0,"POLYGON((-28 13.855614,-18 13.855614,-18 14.144386,-28 14.144386,-28 13.855614))",,POINT(-23 14),-23.0,14.0,"POLYGON((-432.5808 231.1254,-284.8218 231.4938,-284.4624 236.1294,-432.0354 235.7604,-432.5808 231.1254))",,POINT(-359.8626 233.6472),0103000000010000000500000045D8F0F44A097BC0645DDC4603E46C40A5BDC11726CD71C07958A835CDEF6C40BADA8AFD65C771C04703780B24846D40742497FF90007BC01C7C613255786D4045D8F0F44A097BC0645DDC4603E46C40,429.059558740508635,-359.8626,233.6472,57.0056338743,"POLYGON((0.51883 61.88467,0.388268 50.896923,0.391087 50.304273,0.520652 61.378837,0.51883 61.88467))",,POINT(0.453883850891511 57.0056338743424),0.453883850892
133,11496.0,DSO,SWPC,nil,nil,,various,,,5e-05,various,,cm,-33.0,16.0,-35.5,-30.5,"POLYGON((0.625728 63.630613,0.563544 60.41878,0.565341 59.955253,0.627174 63.200268,0.625728 63.630613))",,POINT(0.595657052826884 61.907541654217),"POLYGON((-162.31349 15.855614,-157.31349 15.855614,-157.31349 16.144386,-162.31349 16.144386,-162.31349 15.855614))",,POINT(-159.81349 16),-159.81349,16.0,"POLYGON((-35.5 15.855614,-30.5 15.855614,-30.5 16.144386,-35.5 16.144386,-35.5 15.855614))",,POINT(-33 16),-33.0,16.0,"POLYGON((-529.9584 262.7208,-463.2852 262.9818,-462.6132 267.5718,-529.1904 267.3102,-529.9584 262.7208))",,POINT(-496.7418 265.1514),01030000000100000005000000E4839ECDAA8F80C04FAF9465886B70401B0DE02D90F47CC068B3EA73B56F7040849ECDAACFE97CC0A5BDC11726B9704044696FF0858980C082734694F6B47040E4839ECDAA8F80C04FAF9465886B7040,563.078751853770427,-496.7418,265.1514,61.9075416542,"POLYGON((0.625728 63.630613,0.563544 60.41878,0.565341 59.955253,0.627174 63.200268,0.625728 63.630613))",,POINT(0.595657052826884 61.907541654217),0.595657052827
134,11497.0,DSO,SWPC,nil,nil,,various,,,5e-05,various,,cm,-9.0,-21.0,-13.0,-5.0,"POLYGON((0.415621 149.546438,0.367401 167.163781,0.362091 166.942232,0.411142 149.101533,0.415621 149.546438))",,POINT(0.384565992924615 157.580773169417),"POLYGON((-139.81349 -21.167591,-131.81349 -21.167591,-131.81349 -20.832409,-139.81349 -20.832409,-139.81349 -21.167591))",,POINT(-135.81349 -21),-135.81349,-21.0,"POLYGON((-13 -21.167591,-5 -21.167591,-5 -20.832409,-13 -20.832409,-13 -21.167591))",,POINT(-9 -21),-9.0,-21.0,"POLYGON((-199.1322 -338.6868,-77.1594 -338.6274,-77.334 -333.4362,-199.5816 -333.4968,-199.1322 -338.6868))",,POINT(-138.6444 -336.0564),0103000000010000000500000000917EFB3AE468C0492EFF21FD2A75C0E0BE0E9C334A53C02B1895D4092A75C04C378941605553C03EE8D9ACFAD674C0516B9A779CF268C0728A8EE4F2D774C000917EFB3AE468C0492EFF21FD2A75C0,363.532905845289292,-138.6444,-336.0564,157.580773169,"POLYGON((0.415621 149.546438,0.367401 167.163781,0.362091 166.942232,0.411142 149.101533,0.415621 149.546438))",,POINT(0.384565992924615 157.580773169417),0.384565992925
135,11490.0,CSO,SWPC,nil,nil,,various,,,5e-05,various,,cm,79.0,-13.0,77.0,81.0,"POLYGON((0.976447 256.623915,0.988858 256.780119,0.98884 256.988739,0.976413 256.835172,0.976447 256.623915))",,POINT(0.983206689028992 256.815261451377),"POLYGON((-49.81349 -13.103132,-45.81349 -13.103132,-45.81349 -12.896868,-49.81349 -12.896868,-49.81349 -13.103132))",,POINT(-47.81349 -13),-47.81349,-13.0,"POLYGON((77 -13.103132,81 -13.103132,81 -12.896868,77 -12.896868,77 -13.103132))",,POINT(79 -13),79.0,-13.0,"POLYGON((898.002 -213.5382,910.002 -213.7722,910.758 -210.4536,898.752 -210.2184,898.002 -213.5382))",,POINT(904.932 -211.9956),01030000000100000005000000BC74931804108C40A1D634EF38B16AC0BC74931804708C40143FC6DCB5B86AC0F2D24D6210768C40E6AE25E4834E6AC0BC74931804168C40492EFF21FD466AC0BC74931804108C40A1D634EF38B16AC0,929.432116425594586,904.932,-211.9956,256.815261451,"POLYGON((0.976447 256.623915,0.988858 256.780119,0.98884 256.988739,0.976413 256.835172,0.976447 256.623915))",,POINT(0.983206689028992 256.815261451377),0.983206689029
136,11499.0,DSO,SWPC,nil,nil,,various,,,5e-05,various,,cm,-50.0,16.0,-52.0,-48.0,"POLYGON((0.809006 69.942169,0.768771 68.818639,0.769345 68.558084,0.809463 69.692598,0.809006 69.942169))",,POINT(0.789531429703812 69.278676950893),"POLYGON((-178.81349 15.896868,-174.81349 15.896868,-174.81349 16.103132,-178.81349 16.103132,-178.81349 15.896868))",,POINT(-176.81349 16),-176.81349,16.0,"POLYGON((-52 15.896868,-48 15.896868,-48 16.103132,-52 16.103132,-52 15.896868))",,POINT(-50 16),-50.0,16.0,"POLYGON((-718.374 262.2882,-677.628 262.581,-676.932 265.8582,-717.63 265.5648,-718.374 262.2882))",,POINT(-698.07 264.0756),01030000000100000005000000A245B6F3FD7286C0516B9A779C6470401B2FDD24062D85C09EEFA7C64B697040FA7E6ABC742785C0D656EC2FBB9D7040D7A3703D0A6D86C07E8CB96B09997040A245B6F3FD7286C0516B9A779C647040,746.349547742450227,-698.07,264.0756,69.2786769509,"POLYGON((0.809006 69.942169,0.768771 68.818639,0.769345 68.558084,0.809463 69.692598,0.809006 69.942169))",,POINT(0.789531429703812 69.278676950893),0.789531429704
137,11494.0,HSX,SWPC,nil,nil,,various,,,5e-05,various,,cm,-36.0,-16.0,-37.0,-35.0,"POLYGON((0.643884 115.938223,0.61958 117.029565,0.614464 115.464368,0.639212 114.419461,0.643884 115.938223))",,POINT(0.629304944920839 115.702045328686),"POLYGON((-163.81349 -16.51566,-161.81349 -16.51566,-161.81349 -15.48434,-163.81349 -15.48434,-163.81349 -16.51566))",,POINT(-162.81349 -16),-162.81349,-16.0,"POLYGON((-37 -16.51566,-35 -16.51566,-35 -15.48434,-37 -15.48434,-37 -16.51566))",,POINT(-36 -16),-36.0,-16.0,"POLYGON((-547.3548 -266.2326,-521.7192 -266.1684,-524.4282 -249.7392,-550.197 -249.8058,-547.3548 -266.2326))",,POINT(-536.0292 -257.997),01030000000100000005000000F7E461A1D61A81C0CB10C7BAB8A370C044FAEDEBC04D80C058CA32C4B1A270C02D211FF46C6380C08126C286A7376FC07F6ABC74933181C0BDE3141DC9396FC0F7E461A1D61A81C0CB10C7BAB8A370C0,594.886338103036337,-536.0292,-257.997,115.702045329,"POLYGON((0.643884 115.938223,0.61958 117.029565,0.614464 115.464368,0.639212 114.419461,0.643884 115.938223))",,POINT(0.629304944920839 115.702045328686),0.629304944921
138,11492.0,BXO,SWPC,nil,nil,,various,,,5e-05,various,,cm,44.0,-14.0,43.0,45.0,"POLYGON((0.705882 250.104758,0.72887 250.750218,0.728588 250.888436,0.705574 250.247039,0.705882 250.104758))",,POINT(0.717313908649897 250.505554229976),"POLYGON((-83.81349 -14.051566,-81.81349 -14.051566,-81.81349 -13.948434,-83.81349 -13.948434,-83.81349 -14.051566))",,POINT(-82.81349 -14),-82.81349,-14.0,"POLYGON((43 -14.051566,45 -14.051566,45 -13.948434,43 -13.948434,43 -14.051566))",,POINT(44 -14),44.0,-14.0,"POLYGON((627.45 -227.0748,650.484 -227.1564,650.778 -225.4992,627.738 -225.4176,627.45 -227.0748))",,POINT(639.21 -226.2864),010300000001000000050000009A999999999B8340B537F8C264626CC01D5A643BDF53844005A3923A01656CC04E6210583956844039454772F92F6CC096438B6CE79D8340E8D9ACFA5C2D6CC09A999999999B8340B537F8C264626CC0,678.081823178412492,639.21,-226.2864,250.50555423,"POLYGON((0.705882 250.104758,0.72887 250.750218,0.728588 250.888436,0.705574 250.247039,0.705882 250.104758))",,POINT(0.717313908649897 250.505554229976),0.71731390865
139,11495.0,HSX,SWPC,nil,nil,,various,,,5e-05,various,,cm,21.0,-15.0,20.0,22.0,"POLYGON((0.419724 232.187064,0.445113 234.675089,0.443389 235.069817,0.417845 232.592647,0.419724 232.187064))",,POINT(0.431457800624342 233.671640165824),"POLYGON((-106.81349 -15.103132,-104.81349 -15.103132,-104.81349 -14.896868,-106.81349 -14.896868,-106.81349 -15.103132))",,POINT(-105.81349 -15),-105.81349,-15.0,"POLYGON((20 -15.103132,22 -15.103132,22 -14.896868,20 -14.896868,20 -15.103132))",,POINT(21 -15),21.0,-15.0,"POLYGON((313.4532 -243.2526,343.299 -243.2934,343.6314 -239.9898,313.7568 -239.949,313.4532 -243.2526))",,POINT(328.5864 -241.6212),01030000000100000005000000C1A8A44E40977340075F984C15686EC0105839B4C8747540AF94658863696EC01CEBE2361A7A754096B20C71ACFF6DC0CE1951DA1B9C7340EE7C3F355EFE6DC0C1A8A44E40977340075F984C15686EC0,407.860057561904455,328.5864,-241.6212,233.671640166,"POLYGON((0.419724 232.187064,0.445113 234.675089,0.443389 235.069817,0.417845 232.592647,0.419724 232.187064))",,POINT(0.431457800624342 233.671640165824),0.431457800624
140,11498.0,HSX,SWPC,nil,nil,,various,,,5e-05,various,,cm,-45.0,7.0,-46.0,-44.0,"POLYGON((0.726858 80.341439,0.702733 79.995698,0.703409 79.412104,0.72747 79.776651,0.726858 80.341439))",,POINT(0.715216177047912 79.8857826891333),"POLYGON((-172.81349 6.793735,-170.81349 6.793735,-170.81349 7.206265,-172.81349 7.206265,-172.81349 6.793735))",,POINT(-171.81349 7),-171.81349,7.0,"POLYGON((-46 6.793735,-44 6.793735,-44 7.206265,-46 7.206265,-46 6.793735))",,POINT(-45 7),-45.0,7.0,"POLYGON((-677.364 115.2798,-654.198 115.4034,-653.616 122.178,-676.764 122.0538,-677.364 115.2798))",,POINT(-665.592 118.7304),01030000000100000005000000F4FDD478E92A85C0EE5A423EE8D15C40DD240681957184C036CD3B4ED1D95C40B0726891ED6C84C008AC1C5A648B5E40273108AC1C2685C096218E7571835E40F4FDD478E92A85C0EE5A423EE8D15C40,676.098822915821984,-665.592,118.7304,79.8857826891,"POLYGON((0.726858 80.341439,0.702733 79.995698,0.703409 79.412104,0.72747 79.776651,0.726858 80.341439))",,POINT(0.715216177047912 79.8857826891333),0.715216177048
141,11499.0,,HMI SHARP,HMI,SDO,"11493,11496,11498,11499,11501",HMI,,,4.99999987369e-05,SDO,,cm,-32.0953369141,13.4804973602,-55.1074295044,-9.14002418518,"POLYGON((0.823523 85.049529,0.175147 65.357772,0.374642 23.628077,0.845702 66.228172,0.823523 85.049529))",,POINT(0.570494331823582 65.3845096010364),"POLYGON((175.873322 3.920657,-138.159274 3.920657,-138.159274 19.736641,175.873322 19.736641,175.873322 3.920657))",,POINT(-161.114587 13.480497),-161.114587,13.480497,"POLYGON((-55.107428 3.920657,-9.140024 3.920657,-9.140024 19.736641,-55.107428 19.736641,-55.107428 3.920657))",,POINT(-32.095337 13.480497),-32.095337,13.480497,"POLYGON((-775.56 67.1772,-150.4854 69.0318,-141.9402 324.4548,-731.604 322.2462,-775.56 67.1772))",,POINT(-490.272 224.6244),0103000000010000000500000014AE47E17A3C88C07A36AB3E57CB50404FAF946588CF62C0D200DE020942514060764F1E16BE61C088635DDC4647744046B6F3FDD4DC86C06744696FF023744014AE47E17A3C88C07A36AB3E57CB5040,539.279848556721163,-490.272,224.6244,65.384509601,"POLYGON((0.823523 85.049529,0.175147 65.357772,0.374642 23.628077,0.845702 66.228172,0.823523 85.049529))",,POINT(0.570494331823582 65.3845096010364),0.570494331824
142,11502.0,,HMI SHARP,HMI,SDO,11502,HMI,,,4.99999987369e-05,SDO,,cm,-53.6504211426,-17.6704368591,-56.4170227051,-51.4898529053,"POLYGON((0.85337 112.231439,0.809306 113.497673,0.803862 110.745597,0.849322 109.603044,0.85337 112.231439))",,POINT(0.826501941346586 111.420358289461),"POLYGON((174.563727 -18.928793,179.490897 -18.928793,179.490897 -16.653467,174.563727 -16.653467,174.563727 -18.928793))",,POINT(177.33033 -17.670437),177.33033,-17.670437,"POLYGON((-56.417023 -18.928793,-51.489853 -18.928793,-51.489853 -16.653467,-56.417023 -16.653467,-56.417023 -18.928793))",,POINT(-53.65042 -17.670437),-53.65042,-17.670437,"POLYGON((-746.712 -305.2056,-701.586 -305.0244,-710.61 -269.1636,-756.318 -269.358,-746.712 -305.2056))",,POINT(-727.314 -285.3294),0103000000010000000500000004560E2DB25587C0ECC039234A1373C0A69BC420B0EC85C05C2041F1631073C07B14AE47E13486C0029A081B9ED270C0068195438BA287C07D3F355EBAD570C004560E2DB25587C0ECC039234A1373C0,781.280052926196277,-727.314,-285.3294,111.420358289,"POLYGON((0.85337 112.231439,0.809306 113.497673,0.803862 110.745597,0.849322 109.603044,0.85337 112.231439))",,POINT(0.826501941346586 111.420358289461),0.826501941347
143,11494.0,,HMI SHARP,HMI,SDO,"11494,11502",HMI,,,4.99999987369e-05,SDO,,cm,-33.7725868225,-17.8939418793,-43.7685852051,-26.9559955597,"POLYGON((0.749776 121.89184,0.575211 133.468402,0.501379 118.208835,0.714376 109.421366,0.749776 121.89184))",,POINT(0.612252713338142 119.866512421298),"POLYGON((-172.787834 -23.442187,-155.975246 -23.442187,-155.975246 -13.877863,-172.787834 -13.877863,-172.787834 -23.442187))",,POINT(-162.791837 -17.893942),-162.791837,-17.893942,"POLYGON((-43.768584 -23.442187,-26.955996 -23.442187,-26.955996 -13.877863,-43.768584 -13.877863,-43.768584 -23.442187))",,POINT(-33.772587 -17.893942),-33.772587,-17.893942,"POLYGON((-601.764 -374.4462,-394.62 -374.067,-417.6558 -224.028,-636.864 -224.5422,-601.764 -374.4462))",,POINT(-501.888 -288.2082),01030000000100000005000000273108AC1CCE82C09A779CA2236777C052B81E85EBA978C0508D976E126177C0780B24287E1A7AC037894160E5006CC0F4FDD478E9E683C0857CD0B359116CC0273108AC1CCE82C09A779CA2236777C0,578.753428578388593,-501.888,-288.2082,119.866512421,"POLYGON((0.749776 121.89184,0.575211 133.468402,0.501379 118.208835,0.714376 109.421366,0.749776 121.89184))",,POINT(0.612252713338142 119.866512421298),0.612252713338
144,11490.0,,HMI SHARP,HMI,SDO,11490,HMI,,,4.99999987369e-05,SDO,,cm,81.3093109131,-13.9154577255,77.3561477661,85.5940704346,"POLYGON((0.978207 254.142312,0.997516 254.431269,0.997454 257.687564,0.977622 257.462219,0.978207 254.142312))",,POINT(0.98969739224944 255.965467671376),"POLYGON((-51.663101 -15.542951,-43.425179 -15.542951,-43.425179 -12.295623,-51.663101 -12.295623,-51.663101 -15.542951))",,POINT(-47.70994 -13.915458),-47.70994,-13.915458,"POLYGON((77.356149 -15.542951,85.594071 -15.542951,85.594071 -12.295623,77.356149 -12.295623,77.356149 -15.542951))",,POINT(81.30931 -13.915458),81.30931,-13.915458,"POLYGON((889.494 -252.669,908.34 -253.0788,921.192 -201.0618,902.094 -200.6136,889.494 -252.669))",,POINT(907.62 -226.8762),01030000000100000005000000CBA145B6F3CB8B40C520B07268956FC01F85EB51B8628C4098DD938785A26FC0A8C64B3789C98C40925CFE43FA2169C0986E1283C0308C406B9A779CA21369C0CBA145B6F3CB8B40C520B07268956FC0,935.546297371990022,907.62,-226.8762,255.965467671,"POLYGON((0.978207 254.142312,0.997516 254.431269,0.997454 257.687564,0.977622 257.462219,0.978207 254.142312))",,POINT(0.98969739224944 255.965467671376),0.989697392249
145,11495.0,,HMI SHARP,HMI,SDO,11495,HMI,,,4.99999987369e-05,SDO,,cm,21.6232776642,-13.9723796844,16.6403331757,27.0925312042,"POLYGON((0.404635 222.68021,0.52802 235.685423,0.481869 249.118889,0.331066 238.797892,0.404635 222.68021))",,POINT(0.431065272087436 236.410664992372),"POLYGON((-112.378917 -17.471539,-101.926719 -17.471539,-101.926719 -10.073433,-112.378917 -10.073433,-112.378917 -17.471539))",,POINT(-107.395972 -13.97238),-107.395972,-13.97238,"POLYGON((16.640333 -17.471539,27.092531 -17.471539,27.092531 -10.073433,16.640333 -10.073433,16.640333 -17.471539))",,POINT(21.623278 -13.97238),21.623278,-13.97238,"POLYGON((259.296 -281.1912,412.2582 -281.3772,425.5872 -162.3552,267.6816 -162.1272,259.296 -281.1912))",,POINT(339.4404 -225.4326),01030000000100000005000000DBF97E6ABC347040EC2FBB270F9371C03CBD529621C47940D200DE02099671C061C3D32B65997A4041F163CC5D4B64C042CF66D5E7BA7040A301BC05124464C0DBF97E6ABC347040EC2FBB270F9371C0,407.479621938226444,339.4404,-225.4326,236.410664992,"POLYGON((0.404635 222.68021,0.52802 235.685423,0.481869 249.118889,0.331066 238.797892,0.404635 222.68021))",,POINT(0.431065272087436 236.410664992372),0.431065272087
146,11497.0,,HMI SHARP,HMI,SDO,11497,HMI,,,4.99999987369e-05,SDO,,cm,-6.42811012268,-21.3925323486,-13.7852582932,1.16155147552,"POLYGON((0.463172 151.903256,0.408944 182.601237,0.3116 183.556938,0.385222 143.856124,0.463172 151.903256))",,POINT(0.377056251581472 163.880200481871),"POLYGON((-142.804508 -24.256048,-127.857699 -24.256048,-127.857699 -18.289186,-142.804508 -18.289186,-142.804508 -24.256048))",,POINT(-135.44736 -21.392532),-135.44736,-21.392532,"POLYGON((-13.785258 -24.256048,1.161551 -24.256048,1.161551 -18.289186,-13.785258 -18.289186,-13.785258 -24.256048))",,POINT(-6.42811 -21.392532),-6.42811,-21.392532,"POLYGON((-206.2008 -386.2326,17.54424 -386.1702,18.27408 -293.9838,-214.7778 -294.0606,-206.2008 -386.2326))",,POINT(-98.9604 -342.4122),010300000001000000050000002D211FF46CC669C0CB10C7BAB82378C0CF2C0950538B3140789CA223B92278C0D97C5C1B2A463240E09C11A5BD5F72C0865AD3BCE3D86AC034A2B437F86072C02D211FF46CC669C0CB10C7BAB82378C0,356.425694187442161,-98.9604,-342.4122,163.880200482,"POLYGON((0.463172 151.903256,0.408944 182.601237,0.3116 183.556938,0.385222 143.856124,0.463172 151.903256))",,POINT(0.377056251581472 163.880200481871),0.377056251581
147,11500.0,,HMI SHARP,HMI,SDO,"11500,11503",HMI,,,4.99999987369e-05,SDO,,cm,22.0777626038,10.0110168457,18.0248775482,26.0768814087,"POLYGON((0.337106 293.964822,0.458353 287.34693,0.48375 296.994625,0.374762 305.919998,0.337106 293.964822))",,POINT(0.412374611207585 295.662790270181),"POLYGON((-110.994372 7.596512,-102.942368 7.596512,-102.942368 12.406462,-110.994372 12.406462,-110.994372 7.596512))",,POINT(-106.941487 10.011017),-106.941487,10.011017,"POLYGON((18.024878 7.596512,26.076882 7.596512,26.076882 12.406462,18.024878 12.406462,18.024878 7.596512))",,POINT(22.077763 10.011017),22.077763,10.011017,"POLYGON((291.1914 129.4326,413.5674 129.1836,407.4606 207.5634,286.8906 207.8268,291.1914 129.4326))",,POINT(351.36 168.8172),01030000000100000005000000454772F90F337240FD87F4DBD72D604002BC051214D9794076711B0DE02560409A081B9E5E77794020D26F5F07F26940151DC9E53FEE7140A60A462575FA6940454772F90F337240FD87F4DBD72D6040,389.81161683028381,351.36,168.8172,295.66279027,"POLYGON((0.337106 293.964822,0.458353 287.34693,0.48375 296.994625,0.374762 305.919998,0.337106 293.964822))",,POINT(0.412374611207585 295.662790270181),0.412374611208
148,11499.0,,HMI SHARP,HMI,SDO,"11493,11496,11498,11499,11501",HMI,,,4.99999987369e-05,SDO,,cm,-30.2311172485,13.4467449188,-53.7974395752,-6.93813276291,"POLYGON((0.810298 85.068832,0.140564 59.468694,0.361462 18.415795,0.834259 65.887222,0.810298 85.068832))",,POINT(0.545662119716866 64.2750178128076),"POLYGON((174.977551 3.846544,-138.163143 3.846544,-138.163143 19.737558,174.977551 19.737558,174.977551 3.846544))",,POINT(-161.456127 13.446745),-161.456127,13.446745,"POLYGON((-53.797439 3.846544,-6.938133 3.846544,-6.938133 19.737558,-53.797439 19.737558,-53.797439 3.846544))",,POINT(-30.231117 13.446745),-30.231117,13.446745,"POLYGON((-763.11 65.8398,-114.4482 67.4994,-107.9394 324.1794,-719.784 322.1676,-763.11 65.8398))",,POINT(-464.673 223.8816),010300000001000000050000007B14AE47E1D887C092CB7F48BF7550404D840D4FAF9C5CC0D5E76A2BF6DF504032772D211FFC5AC070CE88D2DE42744083C0CAA1457E86C0F46C567DAE2274407B14AE47E1D887C092CB7F48BF755040,515.794501470847422,-464.673,223.8816,64.2750178128,"POLYGON((0.810298 85.068832,0.140564 59.468694,0.361462 18.415795,0.834259 65.887222,0.810298 85.068832))",,POINT(0.545662119716866 64.2750178128076),0.545662119717
149,11492.0,,HMI SHARP,HMI,SDO,,HMI,,,4.99999987369e-05,SDO,,cm,50.0410728455,-19.8766651154,48.3791885376,51.8710823059,"POLYGON((0.785446 243.053935,0.818143 244.203873,0.813196 246.487308,0.779459 245.413036,0.785446 243.053935))",,POINT(0.798182417413218 244.907327345606),"POLYGON((-82.84582 -20.941673,-79.353926 -20.941673,-79.353926 -19.020959,-82.84582 -19.020959,-82.84582 -20.941673))",,POINT(-81.183937 -19.876665),-81.183937,-19.876665,"POLYGON((48.37919 -20.941673,51.871084 -20.941673,51.871084 -19.020959,48.37919 -19.020959,48.37919 -20.941673))",,POINT(50.041073 -19.876665),50.041073,-19.876665,"POLYGON((661.848 -336.444,696.294 -336.5436,704.862 -306.6684,669.99 -306.561,661.848 -336.444))",,POINT(683.286 -319.968),01030000000100000005000000105839B4C8AE8440C976BE9F1A0775C03108AC1C5AC28540B1E1E995B20875C037894160E506864058CA32C4B12A73C052B81E85EBEF8440E5D022DBF92873C0105839B4C8AE8440C976BE9F1A0775C0,754.49272946795179,683.286,-319.968,244.907327346,"POLYGON((0.785446 243.053935,0.818143 244.203873,0.813196 246.487308,0.779459 245.413036,0.785446 243.053935))",,POINT(0.798182417413218 244.907327345606),0.798182417413
150,11500.0,,HMI SHARP,HMI,SDO,"11500,11503",HMI,,,4.99999987369e-05,SDO,,cm,24.3366699219,10.0125541687,20.1794395447,28.4366054535,"POLYGON((0.369195 291.524081,0.49287 285.918577,0.516136 295.257296,0.403783 303.102315,0.369195 291.524081))",,POINT(0.444765828157959 293.622204770563),"POLYGON((-111.045571 7.534333,-102.788405 7.534333,-102.788405 12.468001,-111.045571 12.468001,-111.045571 7.534333))",,POINT(-106.88834 10.012554),-106.88834,10.012554,"POLYGON((20.179439 7.534333,28.436605 7.534333,28.436605 12.468001,20.179439 12.468001,20.179439 7.534333))",,POINT(24.33667 10.012554),24.33667,10.012554,"POLYGON((324.6498 128.0406,448.0266 127.7808,441.243 208.1724,319.7328 208.4496,324.6498 128.0406))",,POINT(385.1928 168.4644),010300000001000000050000000E4FAF94654A7440F7065F984C0160402D211FF46C007C40E02D90A0F8F15F40D9CEF753E3937B40933A014D84056A4024287E8CB9FB734003098A1F630E6A400E4FAF94654A7440F7065F984C016040,420.420916747965748,385.1928,168.4644,293.622204771,"POLYGON((0.369195 291.524081,0.49287 285.918577,0.516136 295.257296,0.403783 303.102315,0.369195 291.524081))",,POINT(0.444765828157959 293.622204770563),0.444765828158
151,11502.0,,HMI SHARP,HMI,SDO,11502,HMI,,,4.99999987369e-05,SDO,,cm,-51.4994735718,-17.7481174469,-54.6629066467,-48.9649848938,"POLYGON((0.838571 112.802183,0.785351 114.429518,0.778546 111.36656,0.833653 109.90714,0.838571 112.802183))",,POINT(0.806574995287788 112.085504012826),"POLYGON((174.112083 -19.049265,179.810005 -19.049265,179.810005 -16.581125,174.112083 -16.581125,174.112083 -19.049265))",,POINT(177.275516 -17.748117),177.275516,-17.748117,"POLYGON((-54.662907 -19.049265,-48.964985 -19.049265,-48.964985 -16.581125,-54.662907 -16.581125,-54.662907 -19.049265))",,POINT(-51.499474 -17.748117),-51.499474,-17.748117,"POLYGON((-730.722 -307.2,-675.9 -307.0218,-685.35 -268.1244,-740.934 -268.3188,-730.722 -307.2))",,POINT(-706.482 -286.6644),01030000000100000005000000B29DEFA7C6D586C033333333333373C033333333331F85C0D8F0F44A593073C0CDCCCCCCCC6A85C0F5B9DA8AFDC170C0B6F3FDD4782787C0705F07CE19C570C0B29DEFA7C6D586C033333333333373C0,762.425927255467855,-706.482,-286.6644,112.085504013,"POLYGON((0.838571 112.802183,0.785351 114.429518,0.778546 111.36656,0.833653 109.90714,0.838571 112.802183))",,POINT(0.806574995287788 112.085504012826),0.806574995288
152,11495.0,,HMI SHARP,HMI,SDO,11495,HMI,,,4.99999987369e-05,SDO,,cm,23.9083061218,-13.8936672211,19.0102024078,29.4060325623,"POLYGON((0.431044 226.380609,0.556449 237.674076,0.5151 250.411451,0.365325 241.831928,0.431044 226.380609))",,POINT(0.460928338873061 238.984295772778),"POLYGON((-112.214807 -17.444056,-101.818977 -17.444056,-101.818977 -10.106472,-112.214807 -10.106472,-112.214807 -17.444056))",,POINT(-107.316704 -13.893667),-107.316704,-13.893667,"POLYGON((19.010203 -17.444056,29.406033 -17.444056,29.406033 -10.106472,19.010203 -10.106472,19.010203 -17.444056))",,POINT(23.908306 -13.893667),23.908306,-13.893667,"POLYGON((294.969 -281.0856,444.4728 -281.2656,458.7252 -163.2414,304.4304 -163.0158,294.969 -281.0856))",,POINT(373.4052 -224.5038),010300000001000000050000002FDD2406816F72409A081B9E5E9171C0C898BB9690C77B40151DC9E53F9471C0F2B0506B9AAB7C4024287E8CB96764C02D431CEBE2067340DC68006F816064C02FDD2406816F72409A081B9E5E9171C0,435.6987486801861,373.4052,-224.5038,238.984295773,"POLYGON((0.431044 226.380609,0.556449 237.674076,0.5151 250.411451,0.365325 241.831928,0.431044 226.380609))",,POINT(0.460928338873061 238.984295772778),0.460928338873
153,11497.0,,HMI SHARP,HMI,SDO,11497,HMI,,,4.99999987369e-05,SDO,,cm,-4.16212511063,-21.3615818024,-11.5861101151,3.55804157257,"POLYGON((0.448426 155.795256,0.412894 187.909144,0.315419 190.82039,0.364318 148.267366,0.448426 155.795256))",,POINT(0.368353400343263 169.380447829451),"POLYGON((-142.81112 -24.263504,-127.666968 -24.263504,-127.666968 -18.197406,-142.81112 -18.197406,-142.81112 -24.263504))",,POINT(-135.387135 -21.361582),-135.387135,-21.361582,"POLYGON((-11.58611 -24.263504,3.558042 -24.263504,3.558042 -18.197406,-11.58611 -18.197406,-11.58611 -24.263504))",,POINT(-4.162125 -21.361582),-4.162125,-21.361582,"POLYGON((-173.7906 -386.616,53.70546 -386.5812,55.97268 -292.8528,-181.1268 -292.896,-173.7906 -386.616))",,POINT(-64.167 -342.2274),01030000000100000005000000F7065F984CB965C060E5D022DB2978C06E5166834CDA4A40F7065F984C2978C094BC3AC780FC4B4076E09C11A54D72C040A4DFBE0EA466C075931804564E72C0F7065F984CB965C060E5D022DB2978C0,348.191035495975939,-64.167,-342.2274,169.380447829,"POLYGON((0.448426 155.795256,0.412894 187.909144,0.315419 190.82039,0.364318 148.267366,0.448426 155.795256))",,POINT(0.368353400343263 169.380447829451),0.368353400343
154,11490.0,,HMI SHARP,HMI,SDO,11490,HMI,,,4.99999987369e-05,SDO,,cm,83.8198699951,-13.9577322006,79.6289825439,88.7008743286,"POLYGON((0.985438 254.293691,0.999846 254.500375,0.999844 257.654763,0.985058 257.494527,0.985438 254.293691))",,POINT(0.994904670451401 255.987463524746),"POLYGON((-51.596026 -15.500787,-42.524134 -15.500787,-42.524134 -12.347203,-51.596026 -12.347203,-51.596026 -15.500787))",,POINT(-47.40514 -13.957732),-47.40514,-13.957732,"POLYGON((79.628984 -15.500787,88.700876 -15.500787,88.700876 -12.347203,79.628984 -12.347203,79.628984 -15.500787))",,POINT(83.81987 -13.957732),83.81987,-13.957732,"POLYGON((896.718 -252.1626,910.746 -252.5658,923.262 -202.0674,909.048 -201.6222,896.718 -252.1626))",,POINT(912.462 -227.7144),0103000000010000000500000039B4C876BE058C408C4AEA0434856FC08716D9CEF7758C4075029A081B926FC06ABC749318DA8C4003780B24284269C0AAF1D24D62688C404772F90FE93369C039B4C876BE058C408C4AEA0434856FC0,940.447100804378124,912.462,-227.7144,255.987463525,"POLYGON((0.985438 254.293691,0.999846 254.500375,0.999844 257.654763,0.985058 257.494527,0.985438 254.293691))",,POINT(0.994904670451401 255.987463524746),0.994904670451
155,11494.0,,HMI SHARP,HMI,SDO,"11494,11502",HMI,,,4.99999987369e-05,SDO,,cm,-31.5261745453,-17.917924881,-41.6980552673,-24.7096920013,"POLYGON((0.729872 123.063603,0.553401 135.96777,0.472038 120.352546,0.690421 110.252409,0.729872 123.063603))",,POINT(0.585430439647358 121.457482954435),"POLYGON((-172.923064 -23.559984,-155.934702 -23.559984,-155.934702 -13.952956,-172.923064 -13.952956,-172.923064 -23.559984))",,POINT(-162.751185 -17.917925),-162.751185,-17.917925,"POLYGON((-41.698054 -23.559984,-24.709692 -23.559984,-24.709692 -13.952956,-41.698054 -13.952956,-41.698054 -23.559984))",,POINT(-31.526175 -17.917925),-31.526175,-17.917925,"POLYGON((-578.1996 -376.4004,-363.594 -376.089,-385.0404 -225.4734,-612.282 -225.912,-578.1996 -376.4004))",,POINT(-472.0536 -288.7932),010300000001000000050000004182E2C7981182C01895D409688677C02FDD240681B976C08195438B6C8177C0226C787AA51078C0A5BDC117262F6CC0C74B3789412283C077BE9F1A2F3D6CC04182E2C7981182C01895D409688677C0,553.386043950513795,-472.0536,-288.7932,121.457482954,"POLYGON((0.729872 123.063603,0.553401 135.96777,0.472038 120.352546,0.690421 110.252409,0.729872 123.063603))",,POINT(0.585430439647358 121.457482954435),0.585430439647
156,11490.0,,HMI SHARP,HMI,SDO,11490,HMI,,,4.99999987369e-05,SDO,,cm,86.2611236572,-13.9461860657,82.2126922607,89.9773254395,"POLYGON((0.991907 254.431427,1.000006 254.541569,1.000005 257.569373,0.991704 257.484709,0.991907 254.431427))",,POINT(0.998233347280862 256.038229561263),"POLYGON((-51.218087 -15.458522,-43.453453 -15.458522,-43.453453 -12.430718,-51.218087 -12.430718,-51.218087 -15.458522))",,POINT(-47.16966 -13.946186),-47.16966,-13.946186,"POLYGON((82.212693 -15.458522,89.977327 -15.458522,89.977327 -12.430718,82.212693 -12.430718,82.212693 -15.458522))",,POINT(86.26112 -13.946186),86.26112,-13.946186,"POLYGON((903.192 -251.6418,911.052 -251.9454,923.088 -203.4714,915.126 -203.1348,903.192 -251.6418))",,POINT(915.696 -227.6598),01030000000100000005000000A8C64B3789398C40545227A089746FC023DBF97E6A788C406E3480B7407E6FC062105839B4D88C40B3EA73B5156F69C05EBA490C02998C4007F01648506469C0A8C64B3789398C40545227A089746FC0,943.572015774122065,915.696,-227.6598,256.038229561,"POLYGON((0.991907 254.431427,1.000006 254.541569,1.000005 257.569373,0.991704 257.484709,0.991907 254.431427))",,POINT(0.998233347280862 256.038229561263),0.998233347281
157,11499.0,,HMI SHARP,HMI,SDO,"11493,11496,11498,11499,11501",HMI,,,4.99999987369e-05,SDO,,cm,-28.3847427368,13.4068899155,-52.4692649841,-4.9074473381,"POLYGON((0.796479 85.02053,0.111127 50.498814,0.353185 13.230302,0.822493 65.438235,0.796479 85.02053))",,POINT(0.520772387268231 63.0593829266936),"POLYGON((174.099955 3.824448,-138.338227 3.824448,-138.338227 19.808662,174.099955 19.808662,174.099955 3.824448))",,POINT(-161.815523 13.40689),-161.815523,13.40689,"POLYGON((-52.469265 3.824448,-4.907447 3.824448,-4.907447 19.808662,-52.469265 19.808662,-52.469265 3.824448))",,POINT(-28.384743 13.40689),-28.384743,13.40689,"POLYGON((-750.024 65.3478,-81.0516 66.8166,-76.4058 324.9846,-707.106 323.1678,-750.024 65.3478))",,POINT(-438.8346 223.0248),01030000000100000005000000D578E926317087C02063EE5A425650404F1E166A4D4354C0787AA52C43B45040E02D90A0F81953C044FAEDEBC04F7440022B8716D91886C04D840D4FAF327440D578E926317087C02063EE5A42565040,492.2558964321301,-438.8346,223.0248,63.0593829267,"POLYGON((0.796479 85.02053,0.111127 50.498814,0.353185 13.230302,0.822493 65.438235,0.796479 85.02053))",,POINT(0.520772387268231 63.0593829266936),0.520772387268
158,11495.0,,HMI SHARP,HMI,SDO,11495,HMI,,,4.99999987369e-05,SDO,,cm,26.0334186554,-13.9587717056,21.3494510651,31.5296268463,"POLYGON((0.45983 229.272786,0.58352 239.039044,0.54531 251.357183,0.399741 244.182004,0.45983 229.272786))",,POINT(0.489883811005306 240.804063610899),"POLYGON((-112.081329 -17.582036,-101.901153 -17.582036,-101.901153 -10.179968,-112.081329 -10.179968,-112.081329 -17.582036))",,POINT(-107.397361 -13.958772),-107.397361,-13.958772,"POLYGON((21.349451 -17.582036,31.529627 -17.582036,31.529627 -10.179968,21.349451 -10.179968,21.349451 -17.582036))",,POINT(26.033419 -13.958772),26.033419,-13.958772,"POLYGON((329.3886 -283.5912,472.9794 -283.7562,488.4042 -164.7726,340.1352 -164.5596,329.3886 -283.5912))",,POINT(404.2302 -225.879),010300000001000000050000009C33A2B4379674405396218E75B971C03D9B559FAB8F7D40C3D32B6519BC71C0B1506B9A77867E40789CA223B99864C0B5A679C729427540EE5A423EE89164C09C33A2B4379674405396218E75B971C0,463.058718990410512,404.2302,-225.879,240.804063611,"POLYGON((0.45983 229.272786,0.58352 239.039044,0.54531 251.357183,0.399741 244.182004,0.45983 229.272786))",,POINT(0.489883811005306 240.804063610899),0.489883811005
159,11492.0,,HMI SHARP,HMI,SDO,,HMI,,,4.99999987369e-05,SDO,,cm,52.3252220154,-19.8346138,50.5122833252,54.0813789368,"POLYGON((0.805708 243.786404,0.837757 244.853561,0.833328 247.130624,0.800281 246.137013,0.805708 243.786404))",,POINT(0.819499935635126 245.635302105847),"POLYGON((-82.918498 -20.923161,-79.349402 -20.923161,-79.349402 -18.970309,-82.918498 -18.970309,-82.918498 -20.923161))",,POINT(-81.105558 -19.834614),-81.105558,-19.834614,"POLYGON((50.512282 -20.923161,54.081378 -20.923161,54.081378 -18.970309,50.512282 -18.970309,50.512282 -20.923161))",,POINT(52.325222 -19.834614),52.325222,-19.834614,"POLYGON((683.262 -336.408,716.832 -336.4974,725.778 -306.1236,691.794 -306.0264,683.262 -336.408))",,POINT(705.636 -319.5666),010300000001000000050000006ABC7493185A85404A0C022B870675C02DB29DEFA76686407DD0B359F50775C04E62105839AE8640925CFE43FA2173C03108AC1C5A9E8540D50968226C2073C06ABC7493185A85404A0C022B870675C0,774.625700794622503,705.636,-319.5666,245.635302106,"POLYGON((0.805708 243.786404,0.837757 244.853561,0.833328 247.130624,0.800281 246.137013,0.805708 243.786404))",,POINT(0.819499935635126 245.635302105847),0.819499935635
160,11494.0,,HMI SHARP,HMI,SDO,"11494,11502",HMI,,,4.99999987369e-05,SDO,,cm,-29.2871837616,-17.9223079681,-39.9760246277,-22.3868503571,"POLYGON((0.713236 124.147497,0.531672 138.808135,0.440993 122.670943,0.66966 110.859828,0.713236 124.147497))",,POINT(0.558425099814304 123.207250975636),"POLYGON((-173.406805 -23.681675,-155.817631 -23.681675,-155.817631 -13.909175,-173.406805 -13.909175,-173.406805 -23.681675))",,POINT(-162.717964 -17.922308),-162.717964,-17.922308,"POLYGON((-39.976025 -23.681675,-22.386851 -23.681675,-22.386851 -13.909175,-39.976025 -13.909175,-39.976025 -23.681675))",,POINT(-29.287184 -17.922308),-29.287184,-17.922308,"POLYGON((-557.9484 -378.4344,-330.9762 -378.1794,-350.8938 -225.0186,-591.501 -225.3972,-557.9484 -378.4344))",,POINT(-441.6468 -289.0854),01030000000100000005000000363CBD52966F81C01E166A4DF3A677C0AF25E4839EAF74C070CE88D2DEA277C0A3923A014DEE75C094F6065F98206CC05EBA490C027C82C0143FC6DCB52C6CC0363CBD52966F81C01E166A4DF3A677C0,527.84681910891527,-441.6468,-289.0854,123.207250976,"POLYGON((0.713236 124.147497,0.531672 138.808135,0.440993 122.670943,0.66966 110.859828,0.713236 124.147497))",,POINT(0.558425099814304 123.207250975636),0.558425099814
161,11500.0,,HMI SHARP,HMI,SDO,"11500,11503",HMI,,,4.99999987369e-05,SDO,,cm,26.5681171417,10.0063323975,15.3827381134,30.7078075409,"POLYGON((0.296874 297.167056,0.525867 284.886872,0.546775 293.738991,0.341062 310.300285,0.296874 297.167056))",,POINT(0.476618185995175 291.893356844761),"POLYGON((-118.048042 7.552315,-102.722972 7.552315,-102.722972 12.484469,-118.048042 12.484469,-118.048042 7.552315))",,POINT(-106.862663 10.006332),-106.862663,10.006332,"POLYGON((15.382738 7.552315,30.707808 7.552315,30.707808 12.484469,15.382738 12.484469,15.382738 7.552315))",,POINT(26.568117 10.006332),26.568117,10.006332,"POLYGON((249.66 128.1264,480.3876 127.7034,473.1048 208.0626,245.8728 208.5174,249.66 128.1264))",,POINT(418.0278 167.9898),0103000000010000000500000085EB51B81E356F40DC4603780B046040E0BE0E9C33067E4069006F8104ED5F40EFC9C342AD917D405917B7D100026A405DFE43FAEDBB6E406ADE718A8E106A4085EB51B81E356F40DC4603780B046040,450.519494003178522,418.0278,167.9898,291.893356845,"POLYGON((0.296874 297.167056,0.525867 284.886872,0.546775 293.738991,0.341062 310.300285,0.296874 297.167056))",,POINT(0.476618185995175 291.893356844761),0.476618185995
162,11502.0,,HMI SHARP,HMI,SDO,11502,HMI,,,4.99999987369e-05,SDO,,cm,-49.1382827759,-17.6709251404,-52.514881134,-46.6182594299,"POLYGON((0.819375 113.410067,0.761915 115.281084,0.7542 112.140029,0.813779 110.456766,0.819375 113.410067))",,POINT(0.783286705054836 112.687361679433),"POLYGON((174.054339 -19.075046,179.950961 -19.075046,179.950961 -16.60696,174.054339 -16.60696,174.054339 -19.075046))",,POINT(177.430937 -17.670925),177.430937,-17.670925,"POLYGON((-52.514881 -19.075046,-46.618259 -19.075046,-46.618259 -16.60696,-52.514881 -16.60696,-52.514881 -19.075046))",,POINT(-49.138283 -17.670925),-49.138283,-17.670925,"POLYGON((-710.754 -307.719,-651.216 -307.5654,-660.336 -268.6722,-720.708 -268.842,-710.754 -307.719))",,POINT(-683.106 -285.5724),0103000000010000000500000079E92631083686C02FDD2406813B73C07D3F355EBA5984C089D2DEE00B3973C0A69BC420B0A284C0F085C954C1CA70C08B6CE7FBA98586C0B6F3FDD478CD70C079E92631083686C02FDD2406813B73C0,740.395436829374262,-683.106,-285.5724,112.687361679,"POLYGON((0.819375 113.410067,0.761915 115.281084,0.7542 112.140029,0.813779 110.456766,0.819375 113.410067))",,POINT(0.783286705054836 112.687361679433),0.783286705055
163,11497.0,,HMI SHARP,HMI,SDO,11497,HMI,,,4.99999987369e-05,SDO,,cm,-1.92157196999,-21.340379715,-9.38067245483,5.93649721146,"POLYGON((0.435385 159.954633,0.419816 193.036531,0.324165 197.73196,0.345764 153.257843,0.435385 159.954633))",,POINT(0.363377913337995 175.048088634246),"POLYGON((-142.811452 -24.244896,-127.494283 -24.244896,-127.494283 -18.114112,-142.811452 -18.114112,-142.811452 -24.244896))",,POINT(-135.352352 -21.34038),-135.352352,-21.34038,"POLYGON((-9.380672 -24.244896,5.936497 -24.244896,5.936497 -18.114112,-9.380672 -18.114112,-9.380672 -24.244896))",,POINT(-1.921572 -21.34038),-1.921572,-21.34038,"POLYGON((-141.0624 -386.613,89.5134 -386.6004,93.3228 -291.8568,-147.066 -291.873,-141.0624 -386.613))",,POINT(-29.64906 -342.198),01030000000100000005000000A7E8482EFFA161C02B8716D9CE2978C00D71AC8BDB6056404BC8073D9B2978C086C954C1A854574068B3EA73B53D72C0273108AC1C6262C08716D9CEF73D72C0A7E8482EFFA161C02B8716D9CE2978C0,343.48004012297946,-29.64906,-342.198,175.048088634,"POLYGON((0.435385 159.954633,0.419816 193.036531,0.324165 197.73196,0.345764 153.257843,0.435385 159.954633))",,POINT(0.363377913337995 175.048088634246),0.363377913338
164,11499.0,,HMI SHARP,HMI,SDO,"11493,11496,11498,11499,11501",HMI,,,4.99999987369e-05,SDO,,cm,-26.4351177216,13.4061889648,-55.6657142639,-2.49156188965,"POLYGON((0.828837 85.423621,0.080531 32.764408,0.351727 6.691453,0.851124 65.916942,0.828837 85.423621))",,POINT(0.494566153386513 61.5379448779049),"POLYGON((168.697726 3.674216,-138.128122 3.674216,-138.128122 20.163656,168.697726 20.163656,168.697726 3.674216))",,POINT(-162.071678 13.406189),-162.071678,13.406189,"POLYGON((-55.665714 3.674216,-2.491562 3.674216,-2.491562 20.163656,-55.665714 20.163656,-55.665714 3.674216))",,POINT(-26.435118 13.406189),-26.435118,13.406189,"POLYGON((-780.936 62.5086,-41.19486 64.0092,-38.73906 330.195,-734.472 328.2846,-780.936 62.5086))",,POINT(-410.9718 222.7872),01030000000100000005000000736891ED7C6788C0705F07CE19414F4037A6272CF19844C0E3C798BB9600504011E4A084995E43C085EB51B81EA37440B29DEFA7C6F386C011C7BAB88D847440736891ED7C6788C0705F07CE19414F40,467.474017330460811,-410.9718,222.7872,61.5379448779,"POLYGON((0.828837 85.423621,0.080531 32.764408,0.351727 6.691453,0.851124 65.916942,0.828837 85.423621))",,POINT(0.494566153386513 61.5379448779049),0.494566153387
165,11495.0,,HMI SHARP,HMI,SDO,11495,HMI,,,4.99999987369e-05,SDO,,cm,28.2358837128,-14.0253601074,23.8616504669,33.3629493713,"POLYGON((0.489918 232.219093,0.605869 240.287947,0.571128 251.989273,0.436866 246.18613,0.489918 232.219093))",,POINT(0.519766207553655 242.445100732447),"POLYGON((-111.774909 -17.568913,-102.273611 -17.568913,-102.273611 -10.292057,-111.774909 -10.292057,-111.774909 -17.568913))",,POINT(-107.400676 -14.02536),-107.400676,-14.02536,"POLYGON((23.861651 -17.568913,33.362949 -17.568913,33.362949 -10.292057,23.861651 -10.292057,23.861651 -17.568913))",,POINT(28.235884 -14.02536),28.235884,-14.02536,"POLYGON((366 -283.7034,497.388 -283.8438,513.3888 -166.9164,377.778 -166.7292,366 -283.7034))",,POINT(435.5652 -227.2716),010300000001000000050000000000000000E076401AC05B2041BB71C091ED7C3F35167F40D6C56D3480BD71C07AA52C431C0B8040BEC1172653DD64C09CC420B0729C7740C8073D9B55D764C00000000000E076401AC05B2041BB71C0,491.293622610348962,435.5652,-227.2716,242.445100732,"POLYGON((0.489918 232.219093,0.605869 240.287947,0.571128 251.989273,0.436866 246.18613,0.489918 232.219093))",,POINT(0.519766207553655 242.445100732447),0.519766207554
166,11502.0,,HMI SHARP,HMI,SDO,11502,HMI,,,4.99999987369e-05,SDO,,cm,-46.5001220703,-17.5916519165,-50.1729545593,-44.5560760498,"POLYGON((0.797206 114.027404,0.740304 115.995427,0.731971 112.864206,0.790985 111.084084,0.797206 114.027404))",,POINT(0.756026800034739 113.457354626079),"POLYGON((174.190484 -19.009129,179.807362 -19.009129,179.807362 -16.606235,174.190484 -16.606235,174.190484 -19.009129))",,POINT(177.863318 -17.591652),177.863318,-17.591652,"POLYGON((-50.172956 -19.009129,-44.556078 -19.009129,-44.556078 -16.606235,-50.172956 -16.606235,-50.172956 -19.009129))",,POINT(-46.500122 -17.591652),-46.500122,-17.591652,"POLYGON((-688.242 -306.8196,-628.956 -306.7002,-637.512 -268.8264,-697.602 -268.9596,-688.242 -306.8196))",,POINT(-655.554 -284.463),010300000001000000050000000E2DB29DEF8185C0D3BCE3141D2D73C0CFF753E3A5A783C08C4AEA04342B73C06ABC749318EC83C0A1D634EF38CD70C0894160E5D0CC85C0DE9387855ACF70C00E2DB29DEF8185C0D3BCE3141D2D73C0,714.611954339556178,-655.554,-284.463,113.457354626,"POLYGON((0.797206 114.027404,0.740304 115.995427,0.731971 112.864206,0.790985 111.084084,0.797206 114.027404))",,POINT(0.756026800034739 113.457354626079),0.756026800035
167,11494.0,,HMI SHARP,HMI,SDO,"11494,11502",HMI,,,4.99999987369e-05,SDO,,cm,-27.0483360291,-17.9176826477,-39.3613548279,-20.0238704681,"POLYGON((0.70691 124.458554,0.50889 141.76938,0.410081 125.51813,0.662236 111.118717,0.70691 124.458554))",,POINT(0.531346107069528 125.164199092959),"POLYGON((-174.997914 -23.643132,-155.66043 -23.643132,-155.66043 -13.90346,-174.997914 -13.90346,-174.997914 -23.643132))",,POINT(-162.684896 -17.917683),-162.684896,-17.917683,"POLYGON((-39.361354 -23.643132,-20.02387 -23.643132,-20.02387 -13.90346,-39.361354 -13.90346,-39.361354 -23.643132))",,POINT(-27.048336 -17.917683),-27.048336,-17.917683,"POLYGON((-550.9428 -378.066,-297.6648 -377.8488,-315.4938 -225.1902,-583.917 -225.534,-550.9428 -378.066))",,POINT(-410.583 -289.2504),010300000001000000050000005AF5B9DA8A3781C0931804560EA177C018265305A39A72C0840D4FAF949D77C03D2CD49AE6B773C060764F1E16266CC075931804563F82C00C022B8716316CC05AF5B9DA8A3781C0931804560EA177C0,502.239179862702429,-410.583,-289.2504,125.164199093,"POLYGON((0.70691 124.458554,0.50889 141.76938,0.410081 125.51813,0.662236 111.118717,0.70691 124.458554))",,POINT(0.531346107069528 125.164199092959),0.53134610707
168,11497.0,,HMI SHARP,HMI,SDO,11497,HMI,,,4.99999987369e-05,SDO,,cm,0.356633991003,-21.3428554535,-7.23807287216,8.5656671524,"POLYGON((0.424597 164.229411,0.430789 198.4617,0.339129 204.797686,0.330531 158.652594,0.424597 164.229411))",,POINT(0.362436537474079 180.920480839547),"POLYGON((-142.874633 -24.200824,-127.070893 -24.200824,-127.070893 -18.0392,-142.874633 -18.0392,-142.874633 -24.200824))",,POINT(-135.279926 -21.342855),-135.279926,-21.342855,"POLYGON((-7.238073 -24.200824,8.565667 -24.200824,8.565667 -18.0392,-7.238073 -18.0392,-7.238073 -24.200824))",,POINT(0.356634 -21.342855),0.356634,-21.342855,"POLYGON((-109.0782 -386.2308,128.9454 -386.235,134.4444 -290.9952,-113.7294 -290.9892,-109.0782 -386.2308))",,POINT(5.503494 -342.5382),0103000000010000000500000005A3923A01455BC0AB3E575BB12378C06E3480B7401E6040F6285C8FC22378C0F54A598638CE6040ABCFD556EC2F72C0F46C567DAE6E5CC0401361C3D32F72C005A3923A01455BC0AB3E575BB12378C0,342.582408925864229,5.503494,-342.5382,180.92048084,"POLYGON((0.424597 164.229411,0.430789 198.4617,0.339129 204.797686,0.330531 158.652594,0.424597 164.229411))",,POINT(0.362436537474079 180.920480839547),0.362436537474
169,11500.0,,HMI SHARP,HMI,SDO,"11500,11503",HMI,,,4.99999987369e-05,SDO,,cm,28.8869495392,9.98291778564,24.7480049133,32.8951873779,"POLYGON((0.438212 288.035934,0.557112 284.066675,0.575734 292.395845,0.465511 298.153952,0.438212 288.035934))",,POINT(0.509373101704338 290.325244712412),"POLYGON((-110.888555 7.591759,-102.741373 7.591759,-102.741373 12.462315,-110.888555 12.462315,-110.888555 7.591759))",,POINT(-106.74961 9.982918),-106.74961,9.982918,"POLYGON((24.748005 7.591759,32.895187 7.591759,32.895187 12.462315,24.748005 12.462315,24.748005 7.591759))",,POINT(28.88695 9.982918),28.88695,9.982918,"POLYGON((393.8538 128.244,510.8028 127.989,503.1486 207.3402,387.9498 207.6156,393.8538 128.244))",,POINT(451.4916 167.238),010300000001000000050000003255302AA99D78402B8716D9CE076040A913D044D8EC7F409EEFA7C64BFF5F40F8C264AA60727F402D431CEBE2EA6940DA1B7C61323F78405D6DC5FEB2F369403255302AA99D78402B8716D9CE076040,481.469846942215042,451.4916,167.238,290.325244712,"POLYGON((0.438212 288.035934,0.557112 284.066675,0.575734 292.395845,0.465511 298.153952,0.438212 288.035934))",,POINT(0.509373101704338 290.325244712412),0.509373101704
170,11492.0,,HMI SHARP,HMI,SDO,,HMI,,,4.99999987369e-05,SDO,,cm,54.7500114441,-19.6710033417,52.9186782837,56.3262214661,"POLYGON((0.827541 244.566071,0.856668 245.4833,0.852625 247.829743,0.822579 246.980815,0.827541 244.566071))",,POINT(0.840810539369216 246.47241426911),"POLYGON((-82.717882 -20.877049,-79.310338 -20.877049,-79.310338 -18.827587,-82.717882 -18.827587,-82.717882 -20.877049))",,POINT(-80.88655 -19.671003),-80.88655,-19.671003,"POLYGON((52.918678 -20.877049,56.326222 -20.877049,56.326222 -18.827587,52.918678 -18.827587,52.918678 -20.877049))",,POINT(54.75001 -19.671003),54.75001,-19.671003,"POLYGON((706.398 -335.9352,736.734 -336.0084,746.334 -304.1214,715.608 -304.0404,706.398 -335.9352))",,POINT(728.682 -317.2572),0103000000010000000500000077BE9F1A2F13864082734694F6FE74C01D5A643BDF05874095D40968220075C0E9263108AC528740C05B2041F10173C0BE9F1A2FDD5C8640226C787AA50073C077BE9F1A2F13864082734694F6FE74C0,794.751274346785863,728.682,-317.2572,246.472414269,"POLYGON((0.827541 244.566071,0.856668 245.4833,0.852625 247.829743,0.822579 246.980815,0.827541 244.566071))",,POINT(0.840810539369216 246.47241426911),0.840810539369
171,11496.0,,HMI SHARP,HMI,SDO,"11493,11496,11498,11499,11501",HMI,,,4.99999987369e-05,SDO,,cm,-24.4632568359,13.334277153,-53.5588874817,-0.304934978485,"POLYGON((0.807441 85.981277,0.058154 5.267209,0.349213 0.823202,0.832961 65.348623,0.807441 85.981277))",,POINT(0.467497574671115 59.9324979837977),"POLYGON((168.598773 3.133543,-138.147275 3.133543,-138.147275 20.174121,168.598773 20.174121,168.598773 3.133543))",,POINT(-162.305597 13.334277),-162.305597,13.334277,"POLYGON((-53.558887 3.133543,-0.304935 3.133543,-0.304935 20.174121,-53.558887 20.174121,-53.558887 3.133543))",,POINT(-24.463257 13.334277),-24.463257,13.334277,"POLYGON((-761.316 53.4864,-5.046036 54.73518,-4.742226 330.0414,-715.56 328.3854,-761.316 53.4864))",,POINT(-382.4172 221.3898),010300000001000000050000004A0C022B87CA87C02063EE5A42BE4A402FC1A90F242F14C02E56D4601A5E4B40ADF6B0170AF812C0DFE00B93A9A0744014AE47E17A5C86C00EBE30992A8674404A0C022B87CA87C02063EE5A42BE4A40,441.878216706684896,-382.4172,221.3898,59.9324979838,"POLYGON((0.807441 85.981277,0.058154 5.267209,0.349213 0.823202,0.832961 65.348623,0.807441 85.981277))",,POINT(0.467497574671115 59.9324979837977),0.467497574671
172,11494.0,,HMI SHARP,HMI,SDO,"11494,11502",HMI,,,4.99999987369e-05,SDO,,cm,-24.7704238892,-17.9670906067,-37.0226516724,-17.6375808716,"POLYGON((0.68332 125.944103,0.488211 145.209968,0.380157 129.031004,0.633538 112.230127,0.68332 125.944103))",,POINT(0.504408505268591 127.506515575932),"POLYGON((-174.864991 -23.699602,-155.479921 -23.699602,-155.479921 -13.954134,-174.864991 -13.954134,-174.864991 -23.699602))",,POINT(-162.612764 -17.96709),-162.612764,-17.96709,"POLYGON((-37.022651 -23.699602,-17.637581 -23.699602,-17.637581 -13.954134,-37.022651 -13.954134,-37.022651 -23.699602))",,POINT(-24.770424 -17.96709),-24.770424,-17.96709,"POLYGON((-522.8928 -379.125,-263.2938 -378.9708,-279.1248 -226.281,-554.31 -226.5498,-522.8928 -379.125))",,POINT(-378.2112 -290.28),01030000000100000005000000F38E5374245780C00000000000B277C009F9A067B37470C04FAF946588AF77C0A7E8482EFF7171C0A245B6F3FD486CC014AE47E17A5281C0E86A2BF697516CC0F38E5374245780C00000000000B277C0,476.766389550941369,-378.2112,-290.28,127.506515576,"POLYGON((0.68332 125.944103,0.488211 145.209968,0.380157 129.031004,0.633538 112.230127,0.68332 125.944103))",,POINT(0.504408505268591 127.506515575932),0.504408505269
173,11502.0,,HMI SHARP,HMI,SDO,11502,HMI,,,4.99999987369e-05,SDO,,cm,-43.9990959167,-17.5702037811,-47.3616867065,-42.6167373657,"POLYGON((0.768539 114.593776,0.718442 116.428759,0.711244 113.907821,0.762854 112.208049,0.768539 114.593776))",,POINT(0.729251561271348 114.35834434421),"POLYGON((174.795973 -18.712788,179.540923 -18.712788,179.540923 -16.822864,174.795973 -16.822864,174.795973 -18.712788))",,POINT(178.158564 -17.570204),178.158564,-17.570204,"POLYGON((-47.361687 -18.712788,-42.616737 -18.712788,-42.616737 -16.822864,-47.361687 -16.822864,-47.361687 -18.712788))",,POINT(-43.999096 -17.570204),-43.999096,-17.570204,"POLYGON((-660.522 -302.3238,-608.1 -302.244,-614.586 -272.4474,-667.56 -272.5356,-660.522 -302.3238))",,POINT(-627.93 -284.2914),010300000001000000050000001904560E2DA484C01EA7E8482EE572C0CDCCCCCCCC0083C096438B6CE7E372C0A69BC420B03483C0B003E78C280771C014AE47E17ADC84C0CD3B4ED1910871C01904560E2DA484C01EA7E8482EE572C0,689.287809999538695,-627.93,-284.2914,114.358344344,"POLYGON((0.768539 114.593776,0.718442 116.428759,0.711244 113.907821,0.762854 112.208049,0.768539 114.593776))",,POINT(0.729251561271348 114.35834434421),0.729251561271
174,11500.0,,HMI SHARP,HMI,SDO,"11500,11503",HMI,,,4.99999987369e-05,SDO,,cm,31.1803321838,10.0045948029,27.0305213928,35.049282074,"POLYGON((0.472186 286.689712,0.587162 283.327226,0.603728 291.18972,0.496299 296.120868,0.472186 286.689712))",,POINT(0.541554017519854 289.068484349069),"POLYGON((-110.811819 7.609615,-102.793057 7.609615,-102.793057 12.417653,-110.811819 12.417653,-110.811819 7.609615))",,POINT(-106.662008 10.004595),-106.662008,10.004595,"POLYGON((27.030521 7.609615,35.049283 7.609615,35.049283 12.417653,27.030521 12.417653,27.030521 7.609615))",,POINT(31.180332 10.004595),31.180332,10.004595,"POLYGON((427.5084 128.175,540.039 127.9308,532.0614 206.2632,421.191 206.5296,427.5084 128.175))",,POINT(483.789 167.229),0103000000010000000500000095D4096822B87A409A999999990560405A643BDF4FE080407AC7293A92FB5F40CC7F48BF7DA08040D50968226CC86940931804560E537A40C5FEB27BF2D0694095D4096822B87A409A99999999056040,511.876288728048053,483.789,167.229,289.068484349,"POLYGON((0.472186 286.689712,0.587162 283.327226,0.603728 291.18972,0.496299 296.120868,0.472186 286.689712))",,POINT(0.541554017519854 289.068484349069),0.54155401752
175,11497.0,,HMI SHARP,HMI,SDO,11497,HMI,,,4.99999987369e-05,SDO,,cm,2.55281710625,-21.3651657104,-5.12051391602,10.7720928192,"POLYGON((0.41779 168.720645,0.44403 202.666592,0.356353 210.053874,0.319982 164.552698,0.41779 168.720645))",,POINT(0.365466115200742 186.545062855509),"POLYGON((-142.962854 -24.250297,-127.070247 -24.250297,-127.070247 -18.053719,-142.962854 -18.053719,-142.962854 -24.250297))",,POINT(-135.289523 -21.365166),-135.289523,-21.365166,"POLYGON((-5.120514 -24.250297,10.772093 -24.250297,10.772093 -18.053719,-5.120514 -18.053719,-5.120514 -24.250297))",,POINT(2.552817 -21.365166),2.552817,-21.365166,"POLYGON((-77.2386 -387.2676,161.7378 -387.2808,168.6864 -291.54,-80.5572 -291.5208,-77.2386 -387.2676))",,POINT(39.37464 -343.1868),01030000000100000005000000D734EF38454F53C08E06F016483478C0A4DFBE0E9C376440780B24287E3478C02EFF21FDF6156540713D0AD7A33872C03255302AA92354C01C7C6132553872C0D734EF38454F53C08E06F016483478C0,345.438188348320296,39.37464,-343.1868,186.545062856,"POLYGON((0.41779 168.720645,0.44403 202.666592,0.356353 210.053874,0.319982 164.552698,0.41779 168.720645))",,POINT(0.365466115200742 186.545062855509),0.365466115201
176,11495.0,,HMI SHARP,HMI,SDO,11495,HMI,,,4.99999987369e-05,SDO,,cm,30.4160232544,-14.0296916962,26.3368721008,35.1211242676,"POLYGON((0.520302 234.689828,0.627256 241.338239,0.595421 252.53001,0.473132 247.82446,0.520302 234.689828))",,POINT(0.548748977088927 243.965558818372),"POLYGON((-111.505468 -17.584167,-102.721216 -17.584167,-102.721216 -10.398315,-111.505468 -10.398315,-111.505468 -17.584167))",,POINT(-107.426317 -14.029692),-107.426317,-14.029692,"POLYGON((26.336872 -17.584167,35.121124 -17.584167,35.121124 -10.398315,26.336872 -10.398315,26.336872 -17.584167))",,POINT(30.416023 -14.029692),30.416023,-14.029692,"POLYGON((401.3172 -284.2554,520.2342 -284.3688,536.832 -168.9534,414.1248 -168.795,401.3172 -284.2554))",,POINT(466.047 -227.6532),01030000000100000005000000A9A44E401315794060764F1E16C471C0C9E53FA4DF4180403D2CD49AE6C571C02DB29DEFA7C680403480B740821E65C0A7E8482EFFE179403D0AD7A3701965C0A9A44E401315794060764F1E16C471C0,518.676956958027972,466.047,-227.6532,243.965558818,"POLYGON((0.520302 234.689828,0.627256 241.338239,0.595421 252.53001,0.473132 247.82446,0.520302 234.689828))",,POINT(0.548748977088927 243.965558818372),0.548748977089
177,11496.0,,HMI SHARP,HMI,SDO,"11493,11496,11498,11499,11501",HMI,,,4.99999987369e-05,SDO,,cm,-22.3196601868,13.2261314392,-51.4057807922,1.72056627274,"POLYGON((0.784414 86.623614,0.056059 327.484047,0.347794 355.327864,0.813123 64.883041,0.784414 86.623614))",,POINT(0.437830860006551 57.9830814518518),"POLYGON((168.54608 2.546194,-138.327574 2.546194,-138.327574 20.039906,168.54608 20.039906,168.54608 2.546194))",,POINT(-162.3678 13.226131),-162.3678,13.226131,"POLYGON((-51.40578 2.546194,1.720566 2.546194,1.720566 20.039906,-51.40578 20.039906,-51.40578 2.546194))",,POINT(-22.31966 13.226131),-22.31966,13.226131,"POLYGON((-740.124 43.66536,28.48146 44.67948,26.77608 327.6348,-695.874 326.2224,-740.124 43.66536))",,POINT(-350.8812 219.399),01030000000100000005000000A245B6F3FD2087C0850838842AD5454008556AF6407B3C409E245D33F95646406614CB2DADC63A4003780B24287A7440A245B6F3FDBE85C0166A4DF38E637440A245B6F3FD2087C0850838842AD54540,413.827908332002153,-350.8812,219.399,57.9830814519,"POLYGON((0.784414 86.623614,0.056059 327.484047,0.347794 355.327864,0.813123 64.883041,0.784414 86.623614))",,POINT(0.437830860006551 57.9830814518518),0.437830860007
178,11502.0,,HMI SHARP,HMI,SDO,11502,HMI,,,4.99999987369e-05,SDO,,cm,-41.4240646362,-17.6338291168,-44.6676368713,-40.2736968994,"POLYGON((0.739754 115.291482,0.691586 117.186921,0.684921 115.030457,0.734361 113.247535,0.739754 115.291482))",,POINT(0.701021414599267 115.522111428139),"POLYGON((175.284225 -18.471776,179.678165 -18.471776,179.678165 -16.902354,175.284225 -16.902354,175.284225 -18.471776))",,POINT(178.527795 -17.63383),178.527795,-17.63383,"POLYGON((-44.667635 -18.471776,-40.273695 -18.471776,-40.273695 -16.902354,-44.667635 -16.902354,-44.667635 -18.471776))",,POINT(-41.424065 -17.63383),-41.424065,-17.63383,"POLYGON((-632.178 -298.7142,-581.454 -298.659,-586.5726 -273.903,-637.746 -273.9648,-632.178 -298.7142))",,POINT(-597.9336 -285.483),010300000001000000050000008195438B6CC183C0DAACFA5C6DAB72C01283C0CAA12B82C0068195438BAA72C0840D4FAF945482C09CC420B0721E71C08716D9CEF7ED83C0E5F21FD26F1F71C08195438B6CC183C0DAACFA5C6DAB72C0,662.589717168897778,-597.9336,-285.483,115.522111428,"POLYGON((0.739754 115.291482,0.691586 117.186921,0.684921 115.030457,0.734361 113.247535,0.739754 115.291482))",,POINT(0.701021414599267 115.522111428139),0.701021414599
179,11500.0,,HMI SHARP,HMI,SDO,"11500,11503",HMI,,,4.99999987369e-05,SDO,,cm,32.499874115,10.0381069183,22.0726737976,37.2443313599,"POLYGON((0.397964 289.975743,0.617087 282.687226,0.631916 290.167954,0.428341 300.645,0.397964 289.975743))",,POINT(0.559866122039323 288.447850196011),"POLYGON((-117.975466 7.64079,-102.803808 7.64079,-102.803808 12.418106,-117.975466 12.418106,-117.975466 7.64079))",,POINT(-107.548266 10.038107),-107.548266,10.038107,"POLYGON((22.072674 7.64079,37.244332 7.64079,37.244332 12.418106,22.072674 12.418106,22.072674 7.64079))",,POINT(32.499874 10.038107),32.499874,10.038107,"POLYGON((353.517 128.5002,569.016 128.1,560.6514 205.9236,348.3168 206.3634,353.517 128.5002))",,POINT(501.9798 167.4522),0103000000010000000500000083C0CAA145187640B22E6EA301106040E3A59BC420C881403333333333036040EA04341136858140BD5296218EBD6940F775E09C11C57540BA6B09F9A0CB694083C0CAA145187640B22E6EA301106040,529.172900754450893,501.9798,167.4522,288.447850196,"POLYGON((0.397964 289.975743,0.617087 282.687226,0.631916 290.167954,0.428341 300.645,0.397964 289.975743))",,POINT(0.559866122039323 288.447850196011),0.559866122039
180,11497.0,,HMI SHARP,HMI,SDO,11497,HMI,,,4.99999987369e-05,SDO,,cm,4.6896982193,-21.3329753876,-2.97337722778,12.9392814636,"POLYGON((0.412866 173.394717,0.458516 206.555792,0.376029 214.643694,0.313272 170.904106,0.412866 173.394717))",,POINT(0.370861611565084 191.901608820173),"POLYGON((-143.021517 -24.25568,-127.108859 -24.25568,-127.108859 -18.088452,-143.021517 -18.088452,-143.021517 -24.25568))",,POINT(-135.358442 -21.332975),-135.358442,-21.332975,"POLYGON((-2.973377 -24.25568,12.939281 -24.25568,12.939281 -18.088452,-2.973377 -18.088452,-2.973377 -24.25568))",,POINT(4.689698 -21.332975),4.689698,-21.332975,"POLYGON((-44.88786 -387.6414,193.7502 -387.657,202.0428 -292.4004,-46.80924 -292.374,-44.88786 -387.6414))",,POINT(72.2904 -342.9948),010300000001000000050000009AB67F65A57146C0787AA52C433A78C0B22E6EA3013868408D976E12833A78C09A081B9E5E4169401895D409684672C0BA4E232D956747C0448B6CE7FB4572C09AB67F65A57146C0787AA52C433A78C0,350.530076825370372,72.2904,-342.9948,191.90160882,"POLYGON((0.412866 173.394717,0.458516 206.555792,0.376029 214.643694,0.313272 170.904106,0.412866 173.394717))",,POINT(0.370861611565084 191.901608820173),0.370861611565
181,11494.0,,HMI SHARP,HMI,SDO,"11494,11502",HMI,,,4.99999987369e-05,SDO,,cm,-22.5553073883,-17.9668064117,-35.2207298279,-15.3607597351,"POLYGON((0.664615 127.113121,0.469111 148.718542,0.352042 132.82097,0.610736 113.089083,0.664615 127.113121))",,POINT(0.478226699657661 129.998993776789),"POLYGON((-175.26887 -23.679182,-155.4089 -23.679182,-155.4089 -13.929258,-175.26887 -13.929258,-175.26887 -23.679182))",,POINT(-162.603447 -17.966806),-162.603447,-17.966806,"POLYGON((-35.22073 -23.679182,-15.36076 -23.679182,-15.36076 -13.929258,-35.22073 -13.929258,-35.22073 -23.679182))",,POINT(-22.555307 -17.966806),-22.555307,-17.966806,"POLYGON((-500.9388 -379.0374,-230.2284 -378.9354,-244.0602 -226.1682,-531.0138 -226.377,-500.9388 -379.0374))",,POINT(-346.2642 -290.5398),01030000000100000005000000C2172653054F7FC0ED0DBE3099B077C0014D840D4FC76CC0DB8AFD65F7AE77C004E78C28ED816EC0FE65F7E461456CC07AA52C431C9880C0F2D24D62104C6CC0C2172653054F7FC0ED0DBE3099B077C0,452.009149891548077,-346.2642,-290.5398,129.998993777,"POLYGON((0.664615 127.113121,0.469111 148.718542,0.352042 132.82097,0.610736 113.089083,0.664615 127.113121))",,POINT(0.478226699657661 129.998993776789),0.478226699658
182,11495.0,,HMI SHARP,HMI,SDO,11495,HMI,,,4.99999987369e-05,SDO,,cm,32.6171340942,-14.1014785767,28.8362350464,37.2303695679,"POLYGON((0.551079 236.877568,0.652452 242.504636,0.623605 253.256651,0.508928 249.346307,0.551079 236.877568))",,POINT(0.578028955445331 245.206313595395),"POLYGON((-111.211904 -17.588064,-102.817772 -17.588064,-102.817772 -10.431952,-111.211904 -10.431952,-111.211904 -17.588064))",,POINT(-107.431006 -14.101479),-107.431006,-14.101479,"POLYGON((28.836236 -17.588064,37.230368 -17.588064,37.230368 -10.431952,28.836236 -10.431952,28.836236 -17.588064))",,POINT(32.617134 -14.101479),32.617134,-14.101479,"POLYGON((436.2294 -284.6178,547.0278 -284.7084,564.429 -169.8024,450.1116 -169.6674,436.2294 -284.6178))",,POINT(495.9804 -229.1088),010300000001000000050000003D9B559FAB437B4080B74082E2C971C0A1D634EF38188140C8073D9B55CB71C0DF4F8D976EA38140EFC9C342AD3965C0BDE3141DC9217C4036AB3E575B3565C03D9B559FAB437B4080B74082E2C971C0,546.340003497455768,495.9804,-229.1088,245.206313595,"POLYGON((0.551079 236.877568,0.652452 242.504636,0.623605 253.256651,0.508928 249.346307,0.551079 236.877568))",,POINT(0.578028955445331 245.206313595395),0.578028955445
183,11501.0,AXX,SWPC,nil,nil,,various,,,5e-05,various,,cm,-15.0,7.0,-15.5,-14.5,"POLYGON((0.290921 66.450578,0.275591 65.050582,0.282893 61.809032,0.297784 63.337119,0.290921 66.450578))",,POINT(0.286683691342643 64.1622902059478),"POLYGON((-155.54814 6.5,-154.54814 6.5,-154.54814 7.5,-155.54814 7.5,-155.54814 6.5))",,POINT(-155.04814 7),-155.04814,7.0,"POLYGON((-15.5 6.5,-14.5 6.5,-14.5 7.5,-15.5 7.5,-15.5 6.5))",,POINT(-15 7),-15.0,7.0,"POLYGON((-252.0714 109.8624,-236.1744 109.8762,-235.6668 126.3156,-251.529 126.3018,-252.0714 109.8624))",,POINT(-243.879 118.0938),01030000000100000005000000E71DA7E848826FC08104C58F31775B40840D4FAF94856DC055302AA913785B40211FF46C56756DC087A757CA32945F40B0726891ED706FC0B37BF2B050935F40E71DA7E848826FC08104C58F31775B40,270.966994741868859,-243.879,118.0938,64.1622902059,"POLYGON((0.290921 66.450578,0.275591 65.050582,0.282893 61.809032,0.297784 63.337119,0.290921 66.450578))",,POINT(0.286683691342643 64.1622902059478),0.286683691343
184,11496.0,CSO,SWPC,nil,nil,,various,,,5e-05,various,,cm,-17.0,17.0,-20.5,-13.5,"POLYGON((0.44725 48.780789,0.370461 37.260044,0.37232 37.008518,0.44868 48.521511,0.44725 48.780789))",,POINT(0.407997749177848 43.4858283710606),"POLYGON((-160.54814 16.926334,-153.54814 16.926334,-153.54814 17.073666,-160.54814 17.073666,-160.54814 16.926334))",,POINT(-157.04814 17),-157.04814,17.0,"POLYGON((-20.5 16.926334,-13.5 16.926334,-13.5 17.073666,-20.5 17.073666,-20.5 16.926334))",,POINT(-17 17),-17.0,17.0,"POLYGON((-317.9754 278.5548,-211.9932 278.6838,-211.8258 281.0154,-317.7246 280.8864,-317.9754 278.5548))",,POINT(-265.3812 279.792),010300000001000000050000004BC8073D9BDF73C022FDF675E068714064CC5D4BC87F6AC014D044D8F06A71402D211FF46C7A6AC0BC0512143F907140E86A2BF697DB73C0CA32C4B12E8E71404BC8073D9BDF73C022FDF675E0687140,385.630321133388065,-265.3812,279.792,43.4858283711,"POLYGON((0.44725 48.780789,0.370461 37.260044,0.37232 37.008518,0.44868 48.521511,0.44725 48.780789))",,POINT(0.407997749177848 43.4858283710606),0.407997749178
185,11493.0,ESI,SWPC,nil,nil,,various,,,5e-05,various,,cm,-8.0,13.0,-13.5,-2.5,"POLYGON((0.321152 45.385118,0.229661 10.720471,0.235313 10.445589,0.325004 44.623642,0.321152 45.385118))",,POINT(0.266019138240856 30.7988690839497),"POLYGON((-153.54814 12.831238,-142.54814 12.831238,-142.54814 13.168762,-153.54814 13.168762,-153.54814 12.831238))",,POINT(-148.04814 13),-148.04814,13.0,"POLYGON((-13.5 12.831238,-2.5 12.831238,-2.5 13.168762,-13.5 13.168762,-13.5 12.831238))",,POINT(-8 13),-8.0,13.0,"POLYGON((-216.0768 213.1914,-40.37898 213.282,-40.32384 218.727,-215.7822 218.6358,-216.0768 213.1914))",,POINT(-128.7414 215.9754),01030000000100000005000000A60A462575026BC08A8EE4F21FA66A4046EBA86A823044C01B2FDD2406A96A407D91D096732944C02506819543576B40CC5D4BC807F96AC07FD93D7958546B40A60A462575026BC08A8EE4F21FA66A40,251.435322655986425,-128.7414,215.9754,30.7988690839,"POLYGON((0.321152 45.385118,0.229661 10.720471,0.235313 10.445589,0.325004 44.623642,0.321152 45.385118))",,POINT(0.266019138240856 30.7988690839497),0.266019138241
186,11498.0,HSX,SWPC,nil,nil,,various,,,5e-05,various,,cm,-29.0,9.0,-30.0,-28.0,"POLYGON((0.520348 72.378078,0.491626 71.304686,0.49253 70.901553,0.521169 71.99476,0.520348 72.378078))",,POINT(0.506463496018155 71.6625214652816),"POLYGON((-170.04814 8.896868,-168.04814 8.896868,-168.04814 9.103132,-170.04814 9.103132,-170.04814 8.896868))",,POINT(-169.04814 9),-169.04814,9.0,"POLYGON((-30 8.896868,-28 8.896868,-28 9.103132,-30 9.103132,-30 8.896868))",,POINT(-29 9),-29.0,9.0,"POLYGON((-468.7422 148.8912,-440.1564 148.9446,-439.9044 152.3172,-468.474 152.2638,-468.7422 148.8912))",,POINT(-454.3896 150.6048),0103000000010000000500000076711B0DE04B7DC03FC6DCB5849C62408351499D80827BC0A779C7293A9E62400A68226C787E7BC052499D80260A6340DD24068195477DC0EA95B20C7108634076711B0DE04B7DC03FC6DCB5849C6240,478.697936460143922,-454.3896,150.6048,71.6625214653,"POLYGON((0.520348 72.378078,0.491626 71.304686,0.49253 70.901553,0.521169 71.99476,0.520348 72.378078))",,POINT(0.506463496018155 71.6625214652816),0.506463496018
187,11497.0,DAO,SWPC,nil,nil,,various,,,5e-05,various,,cm,6.0,-21.0,2.5,9.5,"POLYGON((0.363359 186.45285,0.392739 203.167083,0.386281 203.652065,0.356184 186.603108,0.363359 186.45285))",,POINT(0.370638281509625 195.332433043923),"POLYGON((-137.54814 -21.220999,-130.54814 -21.220999,-130.54814 -20.779001,-137.54814 -20.779001,-137.54814 -21.220999))",,POINT(-134.04814 -21),-134.04814,-21.0,"POLYGON((2.5 -21.220999,9.5 -21.220999,9.5 -20.779001,2.5 -20.779001,2.5 -21.220999))",,POINT(6 -21),6.0,-21.0,"POLYGON((38.59758 -341.2632,146.0382 -341.274,146.4732 -334.4352,38.71254 -334.4238,38.59758 -341.2632))",,POINT(92.631 -337.8504),01030000000100000005000000315F5E807D4C4340EA043411365475C0A1D634EF38416240AAF1D24D625475C0F38E5374244F624082734694F6E674C0C18BBE82345B4340B84082E2C7E674C0315F5E807D4C4340EA043411365475C0,350.318990266242906,92.631,-337.8504,195.332433044,"POLYGON((0.363359 186.45285,0.392739 203.167083,0.386281 203.652065,0.356184 186.603108,0.363359 186.45285))",,POINT(0.370638281509625 195.332433043923),0.37063828151
188,11499.0,CRO,SWPC,nil,nil,,various,,,5e-05,various,,cm,-34.0,15.0,-36.0,-32.0,"POLYGON((0.626832 65.399534,0.576435 63.067859,0.577005 62.90229,0.627309 65.244273,0.626832 65.399534))",,POINT(0.602071206245155 64.216017387251),"POLYGON((-176.04814 14.948434,-172.04814 14.948434,-172.04814 15.051566,-176.04814 15.051566,-176.04814 14.948434))",,POINT(-174.04814 15),-174.04814,15.0,"POLYGON((-36 14.948434,-32 14.948434,-32 15.051566,-36 15.051566,-36 14.948434))",,POINT(-34 15),-34.0,15.0,"POLYGON((-538.6908 246.6372,-485.7426 246.774,-485.5074 248.4222,-538.4298 248.2848,-538.6908 246.6372))",,POINT(-512.4084 247.5312),010300000001000000050000009D8026C286D580C05C2041F163D46E4027A089B0E15B7EC054E3A59BC4D86E40D95F764F1E587EC0E10B93A9820D6F40917EFB3A70D380C0D3BCE3141D096F409D8026C286D580C05C2041F163D46E40,569.06419968576472,-512.4084,247.5312,64.2160173873,"POLYGON((0.626832 65.399534,0.576435 63.067859,0.577005 62.90229,0.627309 65.244273,0.626832 65.399534))",,POINT(0.602071206245155 64.216017387251),0.602071206245
189,11495.0,AXX,SWPC,nil,nil,,various,,,5e-05,various,,cm,32.0,-15.0,31.0,33.0,"POLYGON((0.562214 242.627554,0.587816 243.909411,0.58728 244.073346,0.561628 242.79705,0.562214 242.627554))",,POINT(0.574768837961746 243.369633036806),"POLYGON((-109.04814 -15.051566,-107.04814 -15.051566,-107.04814 -14.948434,-109.04814 -14.948434,-109.04814 -15.051566))",,POINT(-108.04814 -15),-108.04814,-15.0,"POLYGON((31 -15.051566,33 -15.051566,33 -14.948434,31 -14.948434,31 -15.051566))",,POINT(32 -15),32.0,-15.0,"POLYGON((471.8952 -244.3194,498.9756 -244.344,499.2174 -242.694,472.1238 -242.6694,471.8952 -244.3194))",,POINT(485.628 -243.5064),0103000000010000000500000011363CBD527E7D40F54A5986388A6EC0A4DFBE0E9C2F7F405EBA490C028B6EC068226C787A337F4091ED7C3F35566EC0EB73B515FB817D40287E8CB96B556EC011363CBD527E7D40F54A5986388A6EC0,543.258613576407129,485.628,-243.5064,243.369633037,"POLYGON((0.562214 242.627554,0.587816 243.909411,0.58728 244.073346,0.561628 242.79705,0.562214 242.627554))",,POINT(0.574768837961746 243.369633036806),0.574768837962
190,11502.0,BXO,SWPC,nil,nil,,various,,,5e-05,various,,cm,-41.0,-17.0,-41.5,-40.5,"POLYGON((0.699777 114.768254,0.688353 115.206504,0.687512 114.921548,0.698978 114.486882,0.699777 114.768254))",,POINT(0.693670935091529 114.843222662164),"POLYGON((178.45186 -17.103132,179.45186 -17.103132,179.45186 -16.896868,178.45186 -16.896868,178.45186 -17.103132))",,POINT(178.95186 -17),178.95186,-17.0,"POLYGON((-41.5 -17.103132,-40.5 -17.103132,-40.5 -16.896868,-41.5 -16.896868,-41.5 -17.103132))",,POINT(-41 -17),-41.0,-17.0,"POLYGON((-600.57 -277.0986,-588.663 -277.0854,-589.3134 -273.8196,-601.236 -273.8328,-600.57 -277.0986))",,POINT(-594.9696 -275.4594),01030000000100000005000000C3F5285C8FC482C02BF697DD935171C0FCA9F1D24D6582C041F163CC5D5171C088F4DBD7816A82C0D3BCE3141D1D71C0D9CEF753E3C982C0BEC11726531D71C0C3F5285C8FC482C02BF697DD935171C0,655.642208809439012,-594.9696,-275.4594,114.843222662,"POLYGON((0.699777 114.768254,0.688353 115.206504,0.687512 114.921548,0.698978 114.486882,0.699777 114.768254))",,POINT(0.693670935091529 114.843222662164),0.693670935092
191,11500.0,DRO,SWPC,nil,nil,,various,,,5e-05,various,,cm,34.0,9.0,32.5,35.5,"POLYGON((0.555647 286.461307,0.596953 285.283564,0.597586 285.62185,0.556376 286.822533,0.555647 286.461307))",,POINT(0.576792621465432 286.0209692044),"POLYGON((-107.54814 8.896868,-104.54814 8.896868,-104.54814 9.103132,-107.54814 9.103132,-107.54814 8.896868))",,POINT(-106.04814 9),-106.04814,9.0,"POLYGON((32.5 8.896868,35.5 8.896868,35.5 9.103132,32.5 9.103132,32.5 8.896868))",,POINT(34 9),34.0,9.0,"POLYGON((503.658 148.8204,544.2714 148.728,543.96 152.1,503.37 152.1924,503.658 148.8204))",,POINT(523.9974 150.4614),010300000001000000050000004A0C022B877A7F406E3480B7409A62401361C3D32B0281409EEFA7C64B97624048E17A14AEFF8040333333333303634052B81E85EB757F4003780B24280663404A0C022B877A7F406E3480B7409A6240,545.171448350626633,523.9974,150.4614,286.020969204,"POLYGON((0.555647 286.461307,0.596953 285.283564,0.597586 285.62185,0.556376 286.822533,0.555647 286.461307))",,POINT(0.576792621465432 286.0209692044),0.576792621465
192,11494.0,CSO,SWPC,nil,nil,,various,,,5e-05,various,,cm,-18.0,-16.0,-19.0,-17.0,"POLYGON((0.423381 132.274475,0.400322 135.348529,0.387044 132.99291,0.411138 129.939839,0.423381 132.274475))",,POINT(0.405298718798742 132.608423880188),"POLYGON((-159.04814 -16.618795,-157.04814 -16.618795,-157.04814 -15.381205,-159.04814 -15.381205,-159.04814 -16.618795))",,POINT(-158.04814 -16),-158.04814,-16.0,"POLYGON((-19 -16.618795,-17 -16.618795,-17 -15.381205,-19 -15.381205,-19 -16.618795))",,POINT(-18 -16),-18.0,-16.0,"POLYGON((-296.0982 -269.1876,-265.9194 -269.1744,-267.5784 -249.459,-297.9456 -249.4734,-296.0982 -269.1876))",,POINT(-281.9454 -259.3386),010300000001000000050000007AC7293A928172C0AC8BDB6800D370C0143FC6DCB59E70C0C286A757CAD270C01AC05B2041B970C0A69BC420B02E6FC09031772D219F72C0A5BDC117262F6FC07AC7293A928172C0AC8BDB6800D370C0,383.079258158308505,-281.9454,-259.3386,132.60842388,"POLYGON((0.423381 132.274475,0.400322 135.348529,0.387044 132.99291,0.411138 129.939839,0.423381 132.274475))",,POINT(0.405298718798742 132.608423880188),0.405298718799
193,11496.0,,HMI SHARP,HMI,SDO,"11493,11496,11498,11499,11501",HMI,,,4.99999987369e-05,SDO,,cm,-20.3756351471,13.0616807938,-49.7428474426,3.64499306679,"POLYGON((0.765993 86.710362,0.077984 305.091823,0.351019 350.159129,0.797364 64.396606,0.765993 86.710362))",,POINT(0.410442991994106 56.0797838858794),"POLYGON((168.003213 2.42729,-138.608947 2.42729,-138.608947 20.012646,168.003213 20.012646,168.003213 2.42729))",,POINT(-162.629575 13.061681),-162.629575,13.061681,"POLYGON((-49.742847 2.42729,3.644993 2.42729,3.644993 20.012646,-49.742847 20.012646,-49.742847 2.42729))",,POINT(-20.375635 13.061681),-20.375635,13.061681,"POLYGON((-722.79 41.54466,60.3096 42.37344,56.70318 326.886,-679.632 325.6746,-722.79 41.54466))",,POINT(-321.9126 216.4812),01030000000100000005000000B81E85EB519686C03DB83B6BB7C54440BA6B09F9A0274E405682C5E1CC2F4540C4995FCD015A4C401904560E2D6E7440931804560E3D85C01B9E5E29CB5A7440B81E85EB519686C03DB83B6BB7C54440,387.932767360788944,-321.9126,216.4812,56.0797838859,"POLYGON((0.765993 86.710362,0.077984 305.091823,0.351019 350.159129,0.797364 64.396606,0.765993 86.710362))",,POINT(0.410442991994106 56.0797838858794),0.410442991994
194,11500.0,,HMI SHARP,HMI,SDO,"11500,11503",HMI,,,4.99999987369e-05,SDO,,cm,32.8202934265,10.1832008362,23.9419937134,39.3749542236,"POLYGON((0.425508 288.296766,0.645045 281.915106,0.658372 289.159232,0.453154 298.54325,0.425508 288.296766))",,POINT(0.564739790386763 288.518126686388),"POLYGON((-118.311946 7.525096,-102.878986 7.525096,-102.878986 12.333546,-118.311946 12.333546,-118.311946 7.525096))",,POINT(-109.433647 10.183201),-109.433647,10.183201,"POLYGON((23.941994 7.525096,39.374954 7.525096,39.374954 12.333546,23.941994 12.333546,23.941994 7.525096))",,POINT(32.820293 10.183201),32.820293,10.183201,"POLYGON((381.8394 126.2574,596.5326 125.8734,587.7972 204.2238,376.2438 204.6516,381.8394 126.2574))",,POINT(506.1306 169.527),0103000000010000000500000033C4B12E6EDD7740637FD93D79905F40CCEEC9C342A48240E4141DC9E5775F40F8C264AA605E8240091B9E5E298769403D2CD49AE68377405B423EE8D994694033C4B12E6EDD7740637FD93D79905F40,533.767353802534558,506.1306,169.527,288.518126686,"POLYGON((0.425508 288.296766,0.645045 281.915106,0.658372 289.159232,0.453154 298.54325,0.425508 288.296766))",,POINT(0.564739790386763 288.518126686388),0.564739790387
195,11497.0,,HMI SHARP,HMI,SDO,11497,HMI,,,4.99999987369e-05,SDO,,cm,6.97721385956,-21.320476532,-0.909272670746,15.4462919235,"POLYGON((0.410117 177.969188,0.47694 210.753083,0.401007 219.339306,0.310482 177.203379,0.410117 177.969188))",,POINT(0.380387676196558 197.383053038634),"POLYGON((-143.163213 -24.218964,-126.807649 -24.218964,-126.807649 -18.115154,-143.163213 -18.115154,-143.163213 -24.218964))",,POINT(-135.276726 -21.320477),-135.276726,-21.320477,"POLYGON((-0.909273 -24.218964,15.446291 -24.218964,15.446291 -18.115154,-0.909273 -18.115154,-0.909273 -24.218964))",,POINT(6.977214 -21.320477),6.977214,-21.320477,"POLYGON((-13.73622 -387.381,230.5032 -387.3936,240.2616 -293.1318,-14.31786 -293.1042,-13.73622 -387.381))",,POINT(107.4114 -343.1058),010300000001000000050000007E52EDD3F1782BC06ABC7493183678C01CEBE2361AD06C404A7B832F4C3678C04694F6065F086E40CE1951DA1B5272C0C269C18BBEA22CC0E4839ECDAA5172C07E52EDD3F1782BC06ABC7493183678C0,359.52579718790696,107.4114,-343.1058,197.383053039,"POLYGON((0.410117 177.969188,0.47694 210.753083,0.401007 219.339306,0.310482 177.203379,0.410117 177.969188))",,POINT(0.380387676196558 197.383053038634),0.380387676197
196,11502.0,,HMI SHARP,HMI,SDO,11502,HMI,,,4.99999987369e-05,SDO,,cm,-39.0731391907,-17.6225967407,-42.3272094727,-37.9256362915,"POLYGON((0.714438 116.23774,0.664859 118.35965,0.657581 116.182253,0.708504 114.178379,0.714438 116.23774))",,POINT(0.674239188753652 116.617740663422),"POLYGON((175.41885 -18.447399,179.820424 -18.447399,179.820424 -16.909459,175.41885 -16.909459,175.41885 -18.447399))",,POINT(178.67292 -17.622597),178.67292,-17.622597,"POLYGON((-42.32721 -18.447399,-37.925636 -18.447399,-37.925636 -16.909459,-42.32721 -16.909459,-42.32721 -18.447399))",,POINT(-39.07314 -17.622597),-39.07314,-17.622597,"POLYGON((-605.682 -298.5282,-552.978 -298.491,-557.7462 -274.2306,-610.902 -274.2732,-605.682 -298.5282))",,POINT(-569.7216 -285.516),01030000000100000005000000FA7E6ABC74ED82C0F5DBD78173A872C0E7FBA9F1D24781C060E5D022DBA772C034A2B437F86D81C05227A089B02371C0F0A7C64B371783C04694F6065F2471C0FA7E6ABC74ED82C0F5DBD78173A872C0,637.261396730227148,-569.7216,-285.516,116.617740663,"POLYGON((0.714438 116.23774,0.664859 118.35965,0.657581 116.182253,0.708504 114.178379,0.714438 116.23774))",,POINT(0.674239188753652 116.617740663422),0.674239188754
197,11495.0,,HMI SHARP,HMI,SDO,11495,HMI,,,4.99999987369e-05,SDO,,cm,34.8329086304,-14.060377121,30.5441150665,39.406627655,"POLYGON((0.571903 238.259941,0.677785 243.640717,0.651923 253.93279,0.533123 250.232742,0.571903 238.259941))",,POINT(0.606484005369939 246.481818872567),"POLYGON((-111.709825 -17.553667,-102.847311 -17.553667,-102.847311 -10.459135,-111.709825 -10.459135,-111.709825 -17.553667))",,POINT(-107.42103 -14.060377),-107.42103,-14.060377,"POLYGON((30.544115 -17.553667,39.406629 -17.553667,39.406629 -10.459135,30.544115 -10.459135,30.544115 -17.553667))",,POINT(34.83291 -14.060377),34.83291,-14.060377,"POLYGON((459.6966 -284.3586,574.0068 -284.4312,592.0998 -170.5338,474.1926 -170.4138,459.6966 -284.3586))",,POINT(525.6066 -228.7386),010300000001000000050000004CA60A4625BB7C4088855AD3BCC571C0E78C28ED0DF0814090A0F831E6C671C02041F163CC8082405BD3BCE3145165C05BD3BCE314A37D40B7627FD93D4D65C04CA60A4625BB7C4088855AD3BCC571C0,573.222160330111478,525.6066,-228.7386,246.481818873,"POLYGON((0.571903 238.259941,0.677785 243.640717,0.651923 253.93279,0.533123 250.232742,0.571903 238.259941))",,POINT(0.606484005369939 246.481818872567),0.60648400537
198,11494.0,,HMI SHARP,HMI,SDO,"11494,11502",HMI,,,4.99999987369e-05,SDO,,cm,-20.1861782074,-17.9840450287,-32.9038772583,-13.0450487137,"POLYGON((0.640327 128.751322,0.451337 152.613389,0.325274 137.431626,0.580999 114.367177,0.640327 128.751322))",,POINT(0.451067856320996 133.060726383206),"POLYGON((-175.157818 -23.649896,-155.298988 -23.649896,-155.298988 -13.92628,-175.157818 -13.92628,-175.157818 -23.649896))",,POINT(-162.440118 -17.984045),-162.440118,-17.984045,"POLYGON((-32.903878 -23.649896,-13.045048 -23.649896,-13.045048 -13.92628,-32.903878 -13.92628,-32.903878 -23.649896))",,POINT(-20.186178 -17.984045),-20.186178,-17.984045,"POLYGON((-471.9846 -378.8256,-196.2252 -378.7734,-207.9702 -226.4166,-500.2182 -226.5636,-471.9846 -378.8256))",,POINT(-311.4894 -291.0864),0103000000010000000500000044FAEDEBC07F7DC03E7958A835AD77C0E561A1D6348768C09FABADD85FAC77C089D2DEE00BFF69C06FF085C9544D6CC0CC7F48BF7D437FC0D200DE0209526CC044FAEDEBC07F7DC03E7958A835AD77C0,426.329612597248513,-311.4894,-291.0864,133.060726383,"POLYGON((0.640327 128.751322,0.451337 152.613389,0.325274 137.431626,0.580999 114.367177,0.640327 128.751322))",,POINT(0.451067856320996 133.060726383206),0.451067856321
199,11496.0,,HMI SHARP,HMI,SDO,"11493,11496,11498,11499,11501",HMI,,,4.99999987369e-05,SDO,,cm,-18.5145606995,12.9777517319,-47.5403251648,5.4764175415,"POLYGON((0.740627 86.743289,0.104904 294.053557,0.358528 345.46074,0.776191 63.528919,0.740627 86.743289))",,POINT(0.385020787736429 53.8139332674327),"POLYGON((167.999925 2.329264,-138.983333 2.329264,-138.983333 20.105802,167.999925 20.105802,167.999925 2.329264))",,POINT(-162.97431 12.977752),-162.97431,12.977752,"POLYGON((-47.540325 2.329264,5.476417 2.329264,5.476417 20.105802,-47.540325 20.105802,-47.540325 2.329264))",,POINT(-18.51456 12.977752),-18.51456,12.977752,"POLYGON((-698.862 39.76638,90.5388 40.41192,85.068 328.0062,-656.694 327.0018,-698.862 39.76638))",,POINT(-293.7024 214.848),0103000000010000000500000037894160E5D685C07C2766BD18E243406DC5FEB27BA25640BF4868CBB93444403108AC1C5A445540C3D32B6519807440643BDF4F8D8584C020D26F5F0770744037894160E5D685C07C2766BD18E24340,363.896637618101693,-293.7024,214.848,53.8139332674,"POLYGON((0.740627 86.743289,0.104904 294.053557,0.358528 345.46074,0.776191 63.528919,0.740627 86.743289))",,POINT(0.385020787736429 53.8139332674327),0.385020787736
200,11500.0,,HMI SHARP,HMI,SDO,"11500,11503",HMI,,,4.99999987369e-05,SDO,,cm,34.3342018127,10.1043357849,25.8968772888,41.6241569519,"POLYGON((0.454326 286.829996,0.673804 281.224551,0.685515 288.148582,0.479047 296.528107,0.454326 286.829996))",,POINT(0.584983550827801 287.681424891249),"POLYGON((-118.562873 7.428099,-102.835593 7.428099,-102.835593 12.204353,-118.562873 12.204353,-118.562873 7.428099))",,POINT(-110.12555 10.104336),-110.12555,10.104336,"POLYGON((25.896877 7.428099,41.624157 7.428099,41.624157 12.204353,25.896877 12.204353,25.896877 7.428099))",,POINT(34.3342 10.104336),34.3342,10.104336,"POLYGON((411.0078 124.3254,624.654 123.963,615.672 201.8106,405.0948 202.221,411.0078 124.3254))",,POINT(526.77 167.9256),010300000001000000050000008A8EE4F21FB079409487855AD3145F40AC1C5A643B8583401283C0CAA1FD5E404C378941603D83406744696FF0396940933A014D84517940508D976E124769408A8EE4F21FB079409487855AD3145F40,552.888451710975687,526.77,167.9256,287.681424891,"POLYGON((0.454326 286.829996,0.673804 281.224551,0.685515 288.148582,0.479047 296.528107,0.454326 286.829996))",,POINT(0.584983550827801 287.681424891249),0.584983550828
201,11502.0,,HMI SHARP,HMI,SDO,11502,HMI,,,4.99999987369e-05,SDO,,cm,-36.5197257996,-17.6162796021,-39.4981231689,-35.718208313,"POLYGON((0.682429 117.411315,0.638735 119.461504,0.631865 117.546681,0.676634 115.588556,0.682429 117.411315))",,POINT(0.644454697062377 117.966937285514),"POLYGON((176.042127 -18.332517,179.822041 -18.332517,179.822041 -17.018255,176.042127 -17.018255,176.042127 -18.332517))",,POINT(179.020524 -17.61628),179.020524,-17.61628,"POLYGON((-39.498123 -18.332517,-35.718209 -18.332517,-35.718209 -17.018255,-39.498123 -17.018255,-39.498123 -18.332517))",,POINT(-36.519726 -17.61628),-36.519726,-17.61628,"POLYGON((-572.5716 -296.9364,-525.6252 -296.9184,-529.4958 -276.1866,-576.7866 -276.2082,-572.5716 -296.9364))",,POINT(-537.9654 -285.6432),01030000000100000005000000265305A392E481C097FF907EFB8E72C0AC8BDB68006D80C058CA32C4B18E72C0DB8AFD65F78B80C0F0164850FC4271C045D8F0F44A0682C06FF085C9544371C0265305A392E481C097FF907EFB8E72C0,609.096715886237462,-537.9654,-285.6432,117.966937286,"POLYGON((0.682429 117.411315,0.638735 119.461504,0.631865 117.546681,0.676634 115.588556,0.682429 117.411315))",,POINT(0.644454697062377 117.966937285514),0.644454697062
202,11495.0,,HMI SHARP,HMI,SDO,11495,HMI,,,4.99999987369e-05,SDO,,cm,36.9723472595,-14.0265350342,32.7480201721,41.6268844604,"POLYGON((0.59855 239.898257,0.702974 244.715925,0.680162 254.441847,0.564092 251.14184,0.59855 239.898257))",,POINT(0.63351421567449 247.568548594583),"POLYGON((-111.711728 -17.49595,-102.832864 -17.49595,-102.832864 -10.558178,-111.711728 -10.558178,-111.711728 -17.49595))",,POINT(-107.487403 -14.026535),-107.487403,-14.026535,"POLYGON((32.748022 -17.49595,41.626886 -17.49595,41.626886 -10.558178,32.748022 -10.558178,32.748022 -17.49595))",,POINT(36.972347 -14.026535),36.972347,-14.026535,"POLYGON((489.417 -283.725,600.756 -283.7718,619.29 -172.4214,504.525 -172.326,489.417 -283.725))",,POINT(553.4526 -228.4722),01030000000100000005000000E9263108AC967E409A99999999BB71C0355EBA490CC68240D8F0F44A59BC71C0B81E85EB515A83401A51DA1B7C8D65C06666666666887F40DF4F8D976E8A65C0E9263108AC967E409A99999999BB71C0,598.756483572077855,553.4526,-228.4722,247.568548595,"POLYGON((0.59855 239.898257,0.702974 244.715925,0.680162 254.441847,0.564092 251.14184,0.59855 239.898257))",,POINT(0.63351421567449 247.568548594583),0.633514215674
203,11494.0,,HMI SHARP,HMI,SDO,"11494,11502",HMI,,,4.99999987369e-05,SDO,,cm,-17.8129749298,-17.9477443695,-29.2194862366,-10.6790962219,"POLYGON((0.602263 131.845453,0.436413 157.018349,0.300373 143.02899,0.532796 116.781116,0.602263 131.845453))",,POINT(0.424347955064366 136.47425380479),"POLYGON((-173.679236 -23.694043,-155.138846 -23.694043,-155.138846 -13.932093,-173.679236 -13.932093,-173.679236 -23.694043))",,POINT(-162.272725 -17.947744),-162.272725,-17.947744,"POLYGON((-29.219486 -23.694043,-10.679096 -23.694043,-10.679096 -13.932093,-29.219486 -13.932093,-29.219486 -23.694043))",,POINT(-17.812975 -17.947744),-17.812975,-17.947744,"POLYGON((-424.0386 -379.74,-161.043 -379.7316,-170.7366 -226.8138,-449.5494 -226.8978,-424.0386 -379.74))",,POINT(-276.2064 -290.799),01030000000100000005000000029A081B9E807AC0A4703D0AD7BB77C04C378941602164C00F9C33A2B4BB77C07AC7293A925765C0832F4CA60A5A6CC0C286A757CA187CC029CB10C7BA5C6CC0029A081B9E807AC0A4703D0AD7BB77C0,401.066121483677534,-276.2064,-290.799,136.474253805,"POLYGON((0.602263 131.845453,0.436413 157.018349,0.300373 143.02899,0.532796 116.781116,0.602263 131.845453))",,POINT(0.424347955064366 136.47425380479),0.424347955064
204,11497.0,,HMI SHARP,HMI,SDO,11497,HMI,,,4.99999987369e-05,SDO,,cm,9.16034412384,-21.2879962921,1.2497574091,17.6867828369,"POLYGON((0.411818 182.77855,0.496483 214.055041,0.424851 223.038185,0.311198 183.836128,0.411818 182.77855))",,POINT(0.392202480865914 202.32228057679),"POLYGON((-143.209993 -24.291135,-126.772967 -24.291135,-126.772967 -18.118381,-143.209993 -18.118381,-143.209993 -24.291135))",,POINT(-135.299406 -21.287996),-135.299406,-21.287996,"POLYGON((1.249757 -24.291135,17.686783 -24.291135,17.686783 -18.118381,1.249757 -18.118381,1.249757 -24.291135))",,POINT(9.160344 -21.287996),9.160344,-21.287996,"POLYGON((18.86796 -388.7664,262.7712 -388.7682,274.0464 -293.4864,19.67778 -293.4648,18.86796 -388.7664))",,POINT(140.7918 -342.906),01030000000100000005000000753C66A032DE3240787AA52C434C78C0CEAACFD5566C7040984C158C4A4C78C08D28ED0DBE20714064CC5D4BC85772C004E275FD82AD3340E5F21FD26F5772C0753C66A032DE3240787AA52C434C78C0,370.684307441305066,140.7918,-342.906,202.322280577,"POLYGON((0.411818 182.77855,0.496483 214.055041,0.424851 223.038185,0.311198 183.836128,0.411818 182.77855))",,POINT(0.392202480865914 202.32228057679),0.392202480866
205,11496.0,,HMI SHARP,HMI,SDO,"11493,11496,11498,11499,11501",HMI,,,4.99999987369e-05,SDO,,cm,-16.7485961914,12.9631938934,-45.4418411255,7.50919723511,"POLYGON((0.715418 86.797772,0.137286 287.147493,0.36813 340.441387,0.755049 62.723887,0.715418 86.797772))",,POINT(0.361896277779829 51.1990765354918),"POLYGON((167.892599 2.219469,-139.156363 2.219469,-139.156363 20.116919,167.892599 20.116919,167.892599 2.219469))",,POINT(-163.414156 12.963194),-163.414156,12.963194,"POLYGON((-45.441841 2.219469,7.509197 2.219469,7.509197 20.116919,-45.441841 20.116919,-45.441841 2.219469))",,POINT(-16.748596 12.963194),-16.748596,12.963194,"POLYGON((-675.096 37.77006,123.9834 38.2548,116.475 327.849,-634.26 327.0312,-675.096 37.77006))",,POINT(-266.556 214.3236),0103000000010000000500000054E3A59BC41885C098FA795391E24240BBB88D06F0FE5E40AA8251499D20434066666666661E5D40DD240681957D7440AE47E17A14D283C02A3A92CB7F70744054E3A59BC41885C098FA795391E24240,342.033195250051733,-266.556,214.3236,51.1990765355,"POLYGON((0.715418 86.797772,0.137286 287.147493,0.36813 340.441387,0.755049 62.723887,0.715418 86.797772))",,POINT(0.361896277779829 51.1990765354918),0.36189627778
206,11502.0,,HMI SHARP,HMI,SDO,11502,HMI,,,4.99999987369e-05,SDO,,cm,-34.1632652283,-17.6463985443,-37.2682876587,-33.3714065552,"POLYGON((0.657698 118.805475,0.61203 121.183618,0.603274 118.921051,0.650318 116.656051,0.657698 118.805475))",,POINT(0.616646350701104 119.429726172214),"POLYGON((176.066152 -18.481433,179.963034 -18.481433,179.963034 -16.973987,176.066152 -16.973987,176.066152 -18.481433))",,POINT(179.171175 -17.646399),179.171175,-17.646399,"POLYGON((-37.268288 -18.481433,-33.371406 -18.481433,-33.371406 -16.973987,-37.268288 -16.973987,-37.268288 -18.481433))",,POINT(-34.163265 -17.646399),-34.163265,-17.646399,"POLYGON((-544.683 -299.5098,-494.8608 -299.505,-499.056 -275.733,-549.3 -275.7414,-544.683 -299.5098))",,POINT(-507.5958 -286.3626),010300000001000000050000005839B4C8760581C003780B2428B872C0598638D6C5ED7EC0AE47E17A14B872C037894160E5307FC07D3F355EBA3B71C066666666662A81C012143FC6DC3B71C05839B4C8760581C003780B2428B872C0,582.80102509896119,-507.5958,-286.3626,119.429726172,"POLYGON((0.657698 118.805475,0.61203 121.183618,0.603274 118.921051,0.650318 116.656051,0.657698 118.805475))",,POINT(0.616646350701104 119.429726172214),0.616646350701
207,11495.0,,HMI SHARP,HMI,SDO,11495,HMI,,,4.99999987369e-05,SDO,,cm,39.1282501221,-14.2073822021,35.1160697937,43.680847168,"POLYGON((0.626992 241.448822,0.725728 245.610044,0.705503 254.832751,0.596636 251.985179,0.626992 241.448822))",,POINT(0.660993882500629 248.235602447612),"POLYGON((-111.549489 -17.44716,-102.984711 -17.44716,-102.984711 -10.66733,-111.549489 -10.66733,-111.549489 -17.44716))",,POINT(-107.53731 -14.207382),-107.53731,-14.207382,"POLYGON((35.116071 -17.44716,43.680849 -17.44716,43.680849 -10.66733,35.116071 -10.66733,35.116071 -17.44716))",,POINT(39.12825 -14.207382),39.12825,-14.207382,"POLYGON((520.5156 -283.2192,624.684 -283.2372,643.554 -174.4548,536.2452 -174.39,520.5156 -283.2192))",,POINT(580.1826 -231.6384),010300000001000000050000008A8EE4F21F44804088F4DBD781B371C0B6F3FDD478858340C7293A92CBB371C0DF4F8D976E1C844011C7BAB88DCE65C0D5E76A2BF6C1804014AE47E17ACC65C08A8EE4F21F44804088F4DBD781B371C0,624.714492946433893,580.1826,-231.6384,248.235602448,"POLYGON((0.626992 241.448822,0.725728 245.610044,0.705503 254.832751,0.596636 251.985179,0.626992 241.448822))",,POINT(0.660993882500629 248.235602447612),0.660993882501
208,11497.0,,HMI SHARP,HMI,SDO,11497,HMI,,,4.99999987369e-05,SDO,,cm,11.3620119095,-21.2421092987,3.37881875038,20.1695270538,"POLYGON((0.414885 187.472058,0.518442 217.493197,0.452479 226.659876,0.315596 190.269853,0.414885 187.472058))",,POINT(0.406602622062554 206.968763832943),"POLYGON((-143.286741 -24.272784,-126.496033 -24.272784,-126.496033 -18.10059,-143.286741 -18.10059,-143.286741 -24.272784))",,POINT(-135.303548 -21.24211),-135.303548,-21.24211,"POLYGON((3.378819 -24.272784,20.169527 -24.272784,20.169527 -18.10059,3.378819 -18.10059,3.378819 -24.272784))",,POINT(11.362012 -21.24211),11.362012,-21.24211,"POLYGON((50.99148 -388.7838,298.239 -388.7682,311.022 -293.5038,53.17764 -293.4954,50.99148 -388.7838))",,POINT(174.2754 -342.4962),01030000000100000005000000AD510FD1E87E4940AD69DE718A4C78C0E7FBA9F1D2A37240984C158C4A4C78C03108AC1C5A70734099BB96900F5872C0103B53E8BC964A4004E78C28ED5772C0AD510FD1E87E4940AD69DE718A4C78C0,384.285781755713685,174.2754,-342.4962,206.968763833,"POLYGON((0.414885 187.472058,0.518442 217.493197,0.452479 226.659876,0.315596 190.269853,0.414885 187.472058))",,POINT(0.406602622062554 206.968763832943),0.406602622063
209,11494.0,,HMI SHARP,HMI,SDO,"11494,11502",HMI,,,4.99999987369e-05,SDO,,cm,-15.609910965,-17.9488220215,-26.9554767609,-8.44431114197,"POLYGON((0.578584 133.913575,0.423438 161.396849,0.279497 149.187008,0.502776 118.524089,0.578584 133.913575))",,POINT(0.401197642075451 140.151397150723),"POLYGON((-173.621037 -23.64545,-155.109871 -23.64545,-155.109871 -13.916226,-173.621037 -13.916226,-173.621037 -23.64545))",,POINT(-162.275471 -17.948822),-162.275471,-17.948822,"POLYGON((-26.955477 -23.64545,-8.444311 -23.64545,-8.444311 -13.916226,-26.955477 -13.916226,-26.955477 -23.64545))",,POINT(-15.609911 -17.948822),-15.609911,-17.948822,"POLYGON((-393.9276 -379.2648,-127.6674 -379.287,-135.3108 -226.869,-417.5016 -226.9122,-393.9276 -379.2648))",,POINT(-242.9622 -291.1098),0103000000010000000500000050FC1873D79E78C0B1BFEC9E3CB477C06D567DAEB6EA5FC03BDF4F8D97B477C01973D712F2E960C02B8716D9CE5B6CC0C7BAB88D06187AC029ED0DBE305D6CC050FC1873D79E78C0B1BFEC9E3CB477C0,379.177460148780426,-242.9622,-291.1098,140.151397151,"POLYGON((0.578584 133.913575,0.423438 161.396849,0.279497 149.187008,0.502776 118.524089,0.578584 133.913575))",,POINT(0.401197642075451 140.151397150723),0.401197642075
210,11500.0,,HMI SHARP,HMI,SDO,"11500,11503",HMI,,,4.99999987369e-05,SDO,,cm,36.0405693054,10.1002130508,27.9229125977,43.9166030884,"POLYGON((0.484382 285.742182,0.702368 280.754523,0.712747 287.396013,0.506707 294.920021,0.484382 285.742182))",,POINT(0.607789952729702 286.958066386722),"POLYGON((-118.742647 7.440998,-102.748957 7.440998,-102.748957 12.198102,-118.742647 12.198102,-118.742647 7.440998))",,POINT(-110.62499 10.100213),-110.62499,10.100213,"POLYGON((27.922913 7.440998,43.916603 7.440998,43.916603 12.198102,27.922913 12.198102,27.922913 7.440998))",,POINT(36.04057 10.100213),36.04057,10.100213,"POLYGON((440.625 124.2042,652.158 123.8694,642.816 201.3972,434.3094 201.7842,440.625 124.2042))",,POINT(549.4536 167.5452),0103000000010000000500000000000000008A7B40F775E09C110D5F4025068195436184401DC9E53FA4F75E404A0C022B87168440143FC6DCB52C69401E166A4DF3247B40BE30992A1839694000000000008A7B40F775E09C110D5F40,574.43072044938549,549.4536,167.5452,286.958066387,"POLYGON((0.484382 285.742182,0.702368 280.754523,0.712747 287.396013,0.506707 294.920021,0.484382 285.742182))",,POINT(0.607789952729702 286.958066386722),0.60778995273
211,11496.0,,HMI SHARP,HMI,SDO,"11493,11496,11498,11499,11501",HMI,,,4.99999987369e-05,SDO,,cm,-14.9416227341,12.9037008286,-43.0352249146,9.20143127441,"POLYGON((0.685256 87.024825,0.164508 282.613818,0.379263 336.586766,0.730353 61.601689,0.685256 87.024825))",,POINT(0.338434258601164 48.230317202339),"POLYGON((168.093395 1.979979,-139.669949 1.979979,-139.669949 20.207357,168.093395 20.207357,168.093395 1.979979))",,POINT(-163.813003 12.903701),-163.813003,12.903701,"POLYGON((-43.035225 1.979979,9.201431 1.979979,9.201431 20.207357,-43.035225 20.207357,-43.035225 1.979979))",,POINT(-14.941623 12.903701),-14.941623,12.903701,"POLYGON((-646.758 33.61416,151.7226 33.95244,142.4292 328.926,-607.188 328.2822,-646.758 33.61416))",,POINT(-238.5546 213.0654),01030000000100000005000000F2D24D62103684C074417DCB9CCE4040DE02098A1FF762407DB3CD8DE9F940402F6EA301BCCD6140894160E5D08E74402FDD240681F982C0E6AE25E483847440F2D24D62103684C074417DCB9CCE4040,319.851781077298369,-238.5546,213.0654,48.2303172023,"POLYGON((0.685256 87.024825,0.164508 282.613818,0.379263 336.586766,0.730353 61.601689,0.685256 87.024825))",,POINT(0.338434258601164 48.230317202339),0.338434258601
212,11497.0,,HMI SHARP,HMI,SDO,11497,HMI,,,4.99999987369e-05,SDO,,cm,13.4826164246,-21.1938152313,5.57517623901,22.3596897125,"POLYGON((0.420485 192.214834,0.53865 220.281596,0.477872 229.445179,0.324262 196.621067,0.420485 192.214834))",,POINT(0.422650827428866 211.096269455236),"POLYGON((-143.296204 -24.227976,-126.51169 -24.227976,-126.51169 -18.090974,-143.296204 -18.090974,-143.296204 -24.227976))",,POINT(-135.388764 -21.193815),-135.388764,-21.193815,"POLYGON((5.575176 -24.227976,22.35969 -24.227976,22.35969 -18.090974,5.575176 -18.090974,5.575176 -24.227976))",,POINT(13.482616 -21.193815),13.482616,-21.193815,"POLYGON((84.0804 -388.4004,329.139 -388.3602,343.1436 -293.6406,87.6594 -293.6532,84.0804 -388.4004))",,POINT(206.304 -342.0444),010300000001000000050000004CA60A46250555401895D409684678C04E621058399274404F401361C34578C04A7B832F4C727540151DC9E53F5A72C0E0BE0E9C33EA5540F5DBD781735A72C04CA60A46250555401895D409684678C0,399.444253917064145,206.304,-342.0444,211.096269455,"POLYGON((0.420485 192.214834,0.53865 220.281596,0.477872 229.445179,0.324262 196.621067,0.420485 192.214834))",,POINT(0.422650827428866 211.096269455236),0.422650827429
213,11494.0,,HMI SHARP,HMI,SDO,"11494,11502",HMI,,,4.99999987369e-05,SDO,,cm,-13.3664121628,-17.8937454224,-24.5593585968,-6.24794769287,"POLYGON((0.554625 136.449563,0.414295 166.01893,0.26262 156.168567,0.470973 120.669907,0.554625 136.449563))",,POINT(0.378576252751102 144.296456250406),"POLYGON((-173.430738 -23.669538,-155.119328 -23.669538,-155.119328 -13.907222,-173.430738 -13.907222,-173.430738 -23.669538))",,POINT(-162.237792 -17.893745),-162.237792,-17.893745,"POLYGON((-24.559358 -23.669538,-6.247948 -23.669538,-6.247948 -13.907222,-24.559358 -13.907222,-24.559358 -23.669538))",,POINT(-13.366412 -17.893745),-13.366412,-17.893745,"POLYGON((-361.1508 -379.9032,-94.5984 -379.9482,-100.2846 -227.0382,-382.851 -227.0484,-361.1508 -379.9032))",,POINT(-208.803 -290.5422),01030000000100000005000000CAC342AD699276C0F5DBD78173BE77C04A7B832F4CA657C01361C3D32BBF77C0431CEBE2361259C0A1D634EF38616CC0560E2DB29DED77C00B24287E8C616CC0CAC342AD699276C0F5DBD78173BE77C0,357.789690726046501,-208.803,-290.5422,144.29645625,"POLYGON((0.554625 136.449563,0.414295 166.01893,0.26262 156.168567,0.470973 120.669907,0.554625 136.449563))",,POINT(0.378576252751102 144.296456250406),0.378576252751
214,11502.0,,HMI SHARP,HMI,SDO,11502,HMI,,,4.99999987369e-05,SDO,,cm,-32.2213249207,-17.741733551,-35.5070838928,-31.1287956238,"POLYGON((0.638008 120.021756,0.586303 122.988228,0.576008 120.512647,0.629479 117.683867,0.638008 120.021756))",,POINT(0.593931359123528 120.883858281474),"POLYGON((175.621536 -18.604306,179.999824 -18.604306,179.999824 -16.99943,175.621536 -16.99943,175.621536 -18.604306))",,POINT(178.907295 -17.741734),178.907295,-17.741734,"POLYGON((-35.507084 -18.604306,-31.128796 -18.604306,-31.128796 -16.99943,-35.507084 -16.99943,-35.507084 -18.604306))",,POINT(-32.221325 -17.741734),-32.221325,-17.741734,"POLYGON((-522.0786 -301.6866,-464.7786 -301.695,-468.9936 -276.3978,-526.8126 -276.3936,-522.0786 -301.6866))",,POINT(-481.7304 -288.1254),01030000000100000005000000BA6B09F9A05080C0F0164850FCDA72C0A60A4625750C7DC085EB51B81EDB72C0E4141DC9E54F7DC0956588635D4671C0D6C56D34807680C04A7B832F4C4671C0BA6B09F9A05080C0F0164850FCDA72C0,561.320251201860742,-481.7304,-288.1254,120.883858281,"POLYGON((0.638008 120.021756,0.586303 122.988228,0.576008 120.512647,0.629479 117.683867,0.638008 120.021756))",,POINT(0.593931359123528 120.883858281474),0.593931359124
215,11492.0,,HMI SHARP,HMI,SDO,,HMI,,,4.99999987369e-05,SDO,,cm,69.3785934448,-18.8625144958,66.6309127808,71.9936218262,"POLYGON((0.92967 248.050881,0.95821 248.738884,0.956774 251.597536,0.927211 250.98783,0.92967 248.050881))",,POINT(0.944134361376856 249.969488036465),"POLYGON((-82.240465 -20.325733,-76.877755 -20.325733,-76.877755 -17.577519,-82.240465 -17.577519,-82.240465 -20.325733))",,POINT(-79.49279 -18.862514),-79.49279,-18.862514,"POLYGON((66.630915 -20.325733,71.993625 -20.325733,71.993625 -17.577519,66.630915 -17.577519,66.630915 -20.325733))",,POINT(69.37859 -18.862514),69.37859,-18.862514,"POLYGON((814.938 -328.4148,843.96 -328.3866,858 -285.4596,828.498 -285.4716,814.938 -328.4148))",,POINT(838.32 -305.6292),010300000001000000050000002FDD24068177894018265305A38674C048E17A14AE5F8A40234A7B832F8674C00000000000D08A40DE9387855AD771C0448B6CE7FBE38940B30C71AC8BD771C02FDD24068177894018265305A38674C0,892.294587169865054,838.32,-305.6292,249.969488036,"POLYGON((0.92967 248.050881,0.95821 248.738884,0.956774 251.597536,0.927211 250.98783,0.92967 248.050881))",,POINT(0.944134361376856 249.969488036465),0.944134361377
216,11500.0,,HMI SHARP,HMI,SDO,"11500,11503",HMI,,,4.99999987369e-05,SDO,,cm,37.8421592712,10.1204528809,29.9163227081,46.0613059998,"POLYGON((0.513626 284.858842,0.728175 280.395917,0.737778 286.987546,0.534621 293.821588,0.513626 284.858842))",,POINT(0.631505323562754 286.305978273675),"POLYGON((-118.955058 7.47758,-102.810072 7.47758,-102.810072 12.359724,-118.955058 12.359724,-118.955058 7.47758))",,POINT(-111.02922 10.120453),-111.02922,10.120453,"POLYGON((29.916322 7.47758,46.061308 7.47758,46.061308 12.359724,29.916322 12.359724,29.916322 7.47758))",,POINT(37.84216 10.120453),37.84216,10.120453,"POLYGON((469.1916 124.4814,676.896 124.1838,666.846 203.7168,462.2214 204.072,469.1916 124.4814))",,POINT(572.8242 167.5704),010300000001000000050000009E5E29CB10537D40D712F241CF1E5F40BA490C022B2785404F401361C30B5F4054E3A59BC4D68440BBB88D06F07669405AF5B9DA8AE37C40FCA9F1D24D8269409E5E29CB10537D40D712F241CF1E5F40,596.831134460828935,572.8242,167.5704,286.305978274,"POLYGON((0.513626 284.858842,0.728175 280.395917,0.737778 286.987546,0.534621 293.821588,0.513626 284.858842))",,POINT(0.631505323562754 286.305978273675),0.631505323563
217,11495.0,,HMI SHARP,HMI,SDO,11495,HMI,,,4.99999987369e-05,SDO,,cm,41.1296005249,-14.3833646774,37.4255485535,45.7323036194,"POLYGON((0.654513 242.740809,0.747968 246.373602,0.729979 255.170414,0.627589 252.683777,0.654513 242.740809))",,POINT(0.685832477028397 248.770370855888),"POLYGON((-111.445832 -17.437501,-103.139076 -17.437501,-103.139076 -10.782913,-111.445832 -10.782913,-111.445832 -17.437501))",,POINT(-107.74178 -14.383365),-107.74178,-14.383365,"POLYGON((37.425548 -17.437501,45.732304 -17.437501,45.732304 -10.782913,37.425548 -10.782913,37.425548 -17.437501))",,POINT(41.1296 -14.383365),41.1296,-14.383365,"POLYGON((549.8784 -283.3176,647.646 -283.305,666.918 -176.5758,566.247 -176.5422,549.8784 -283.3176))",,POINT(604.188 -234.7086),01030000000100000005000000744694F6062F81405BD3BCE314B571C0BA490C022B3D84407B14AE47E1B471C0D34D621058D784402D211FF46C1266C0E5D022DBF9B18140857CD0B3591166C0744694F6062F81405BD3BCE314B571C0,648.175336045703034,604.188,-234.7086,248.770370856,"POLYGON((0.654513 242.740809,0.747968 246.373602,0.729979 255.170414,0.627589 252.683777,0.654513 242.740809))",,POINT(0.685832477028397 248.770370855888),0.685832477028
218,11496.0,CSO,SWPC,nil,nil,,various,,,5e-05,various,,cm,-5.0,16.0,-6.0,-4.0,"POLYGON((0.292726 20.183808,0.282902 13.783543,0.287941 13.516243,0.29757 19.80915,0.292726 20.183808))",,POINT(0.28984385901795 16.8774561529165),"POLYGON((-159.28305 15.845301,-157.28305 15.845301,-157.28305 16.154699,-159.28305 16.154699,-159.28305 15.845301))",,POINT(-158.28305 16),-158.28305,16.0,"POLYGON((-6 15.845301,-4 15.845301,-4 16.154699,-6 16.154699,-6 15.845301))",,POINT(-5 16),-5.0,16.0,"POLYGON((-95.4504 259.653,-63.699 259.6578,-63.6 264.5826,-95.3016 264.5778,-95.4504 259.653))",,POINT(-79.5252 262.119),010300000001000000050000009487855AD3DC57C09CC420B0723A7040B6F3FDD478D94FC0F1F44A59863A7040CDCCCCCCCCCC4FC065AA6054528970404F1E166A4DD357C0107A36AB3E8970409487855AD3DC57C09CC420B0723A7040,273.917191129070943,-79.5252,262.119,16.8774561529,"POLYGON((0.292726 20.183808,0.282902 13.783543,0.287941 13.516243,0.29757 19.80915,0.292726 20.183808))",,POINT(0.28984385901795 16.8774561529165),0.289843859018
219,11493.0,ESI,SWPC,nil,nil,,various,,,5e-05,various,,cm,5.0,12.0,-1.0,11.0,"POLYGON((0.207571 4.741319,0.279216 317.796832,0.282811 318.509167,0.212562 4.624698,0.207571 4.741319))",,POINT(0.226197136179986 337.754135885649),"POLYGON((-154.28305 11.853896,-142.28305 11.853896,-142.28305 12.146104,-154.28305 12.146104,-154.28305 11.853896))",,POINT(-148.28305 12),-148.28305,12.0,"POLYGON((-1 11.853896,11 11.853896,11 12.146104,-1 12.146104,-1 11.853896))",,POINT(5 12),5.0,12.0,"POLYGON((-16.21446 195.4938,177.2598 195.4686,177.0672 200.2026,-16.19682 200.2278,-16.21446 195.4938))",,POINT(80.9286 197.8566),01030000000100000005000000D74CBED9E63630C07958A835CD6F684007F0164850286640FB5C6DC5FE6E684052499D80262266406DC5FEB27B066940DF32A7CB623230C0ECC039234A076940D74CBED9E63630C07958A835CD6F6840,213.767800338404555,80.9286,197.8566,337.754135886,"POLYGON((0.207571 4.741319,0.279216 317.796832,0.282811 318.509167,0.212562 4.624698,0.207571 4.741319))",,POINT(0.226197136179986 337.754135885649),0.22619713618
220,11499.0,ERO,SWPC,nil,nil,,various,,,5e-05,various,,cm,-18.0,15.0,-24.5,-11.5,"POLYGON((0.478907 57.128653,0.3241 36.643917,0.324721 36.55296,0.479269 57.041972,0.478907 57.128653))",,POINT(0.397062596355286 49.0184577294281),"POLYGON((-177.78305 14.9762,-164.78305 14.9762,-164.78305 15.0238,-177.78305 15.0238,-177.78305 14.9762))",,POINT(-171.28305 15),-171.28305,15.0,"POLYGON((-24.5 14.9762,-11.5 14.9762,-11.5 15.0238,-24.5 15.0238,-24.5 14.9762))",,POINT(-18 15),-18.0,15.0,"POLYGON((-380.1276 245.646,-182.8068 245.7558,-182.766 246.5172,-380.0424 246.4068,-380.1276 245.646))",,POINT(-283.2798 246.0912),01030000000100000005000000832F4CA60AC277C0E9263108ACB46E4036CD3B4ED1D966C0234A7B832FB86E408D976E1283D866C0B8AF03E78CD06E409B559FABADC077C069006F8104CD6E40832F4CA60AC277C0E9263108ACB46E40,375.244352130022094,-283.2798,246.0912,49.0184577294,"POLYGON((0.478907 57.128653,0.3241 36.643917,0.324721 36.55296,0.479269 57.041972,0.478907 57.128653))",,POINT(0.397062596355286 49.0184577294281),0.397062596355
221,11498.0,DAO,SWPC,nil,nil,,various,,,5e-05,various,,cm,-16.0,7.0,-19.5,-12.5,"POLYGON((0.354166 70.006319,0.247501 60.697745,0.249194 59.967322,0.355271 69.454357,0.354166 70.006319))",,POINT(0.301021632015081 65.9014027457228),"POLYGON((-172.78305 6.896868,-165.78305 6.896868,-165.78305 7.103132,-172.78305 7.103132,-172.78305 6.896868))",,POINT(-169.28305 7),-169.28305,7.0,"POLYGON((-19.5 6.896868,-12.5 6.896868,-12.5 7.103132,-19.5 7.103132,-19.5 6.896868))",,POINT(-16 7),-16.0,7.0,"POLYGON((-314.532 114.441,-203.9736 114.4752,-203.883 117.867,-314.3928 117.8322,-314.532 114.441))",,POINT(-259.6866 116.1558),010300000001000000050000008D976E1283A873C04E621058399C5C4057EC2FBB277F69C0CAC342AD699E5C40C74B3789417C69C0736891ED7C775D40E71DA7E848A673C0CCEEC9C342755D408D976E1283A873C04E621058399C5C40,284.480755224672464,-259.6866,116.1558,65.9014027457,"POLYGON((0.354166 70.006319,0.247501 60.697745,0.249194 59.967322,0.355271 69.454357,0.354166 70.006319))",,POINT(0.301021632015081 65.9014027457228),0.301021632015
222,11492.0,AXX,SWPC,nil,nil,,various,,,5e-05,various,,cm,73.0,-18.0,72.77292,73.22708,"POLYGON((0.960815 250.985449,0.962866 251.027902,0.962666 251.498171,0.960604 251.456594,0.960815 250.985449))",,POINT(0.961744050405749 251.242156484535),"POLYGON((-80.510132 -18.227082,-80.055968 -18.227082,-80.055968 -17.772918,-80.510132 -17.772918,-80.510132 -18.227082))",,POINT(-80.28305 -18),-80.28305,-18.0,"POLYGON((72.772918 -18.227082,73.227082 -18.227082,73.227082 -17.772918,72.772918 -17.772918,72.772918 -18.227082))",,POINT(73 -18),73.0,-18.0,"POLYGON((858.474 -295.8402,860.526 -295.8342,862.746 -288.7014,860.688 -288.7074,858.474 -295.8402))",,POINT(860.622 -292.2732),010300000001000000050000006F1283C0CAD38A4096218E75717D72C091ED7C3F35E48A402C6519E2587D72C08716D9CEF7F58A40A1D634EF380B72C02FDD240681E58A400C93A982510B72C06F1283C0CAD38A4096218E75717D72C0,908.89705155327681,860.622,-292.2732,251.242156485,"POLYGON((0.960815 250.985449,0.962866 251.027902,0.962666 251.498171,0.960604 251.456594,0.960815 250.985449))",,POINT(0.961744050405749 251.242156484535),0.961744050406
223,11503.0,BXO,SWPC,nil,nil,,various,,,5e-05,various,,cm,38.0,11.0,36.5,39.5,"POLYGON((0.616523 288.079359,0.655187 286.974915,0.655392 287.077502,0.616761 288.187711,0.616523 288.079359))",,POINT(0.636136237385834 287.557404655705),"POLYGON((-116.78305 10.965623,-113.78305 10.965623,-113.78305 11.034377,-116.78305 11.034377,-116.78305 10.965623))",,POINT(-115.28305 11),-115.28305,11.0,"POLYGON((36.5 10.965623,39.5 10.965623,39.5 11.034377,36.5 11.034377,36.5 10.965623))",,POINT(38 11),38.0,11.0,"POLYGON((553.8792 180.8148,592.2084 180.7728,592.0698 181.89,553.7496 181.932,553.8792 180.8148))",,POINT(573.1752 181.353),010300000001000000050000002575029A084F8140FC1873D7129A6640E4839ECDAA81824029CB10C7BA986640166A4DF38E80824014AE47E17ABC6640A7E8482EFF4D8140E7FBA9F1D2BD66402575029A084F8140FC1873D7129A6640,601.181104580009219,573.1752,181.353,287.557404656,"POLYGON((0.616523 288.079359,0.655187 286.974915,0.655392 287.077502,0.616761 288.187711,0.616523 288.079359))",,POINT(0.636136237385834 287.557404655705),0.636136237386
224,11500.0,HSX,SWPC,nil,nil,,various,,,5e-05,various,,cm,49.0,9.0,48.5,49.5,"POLYGON((0.75812 281.695938,0.769193 281.524038,0.769804 282.056942,0.758772 282.236211,0.75812 281.695938))",,POINT(0.763998919440285 281.877252873398),"POLYGON((-104.78305 8.793736,-103.78305 8.793736,-103.78305 9.206264,-104.78305 9.206264,-104.78305 8.793736))",,POINT(-104.28305 9),-104.28305,9.0,"POLYGON((48.5 8.793736,49.5 8.793736,49.5 9.206264,48.5 9.206264,48.5 8.793736))",,POINT(49 9),49.0,9.0,"POLYGON((701.586 145.2396,712.272 145.2246,711.456 151.9638,700.788 151.9794,701.586 145.2396))",,POINT(706.56 148.6026),01030000000100000005000000A69BC420B0EC8540E4839ECDAA2762401904560E2D428640D0D556EC2F276240CFF753E3A53B864050FC1873D7FE6240FCA9F1D24DE685407A36AB3E57FF6240A69BC420B0EC8540E4839ECDAA276240,722.017843496100795,706.56,148.6026,281.877252873,"POLYGON((0.75812 281.695938,0.769193 281.524038,0.769804 282.056942,0.758772 282.236211,0.75812 281.695938))",,POINT(0.763998919440285 281.877252873398),0.76399891944
225,11502.0,AXX,SWPC,nil,nil,,various,,,5e-05,various,,cm,-27.0,-17.0,-27.5,-26.5,"POLYGON((0.535077 124.287222,0.522859 125.206045,0.515294 123.536666,0.52782 122.639328,0.535077 124.287222))",,POINT(0.525225327551267 123.916751753398),"POLYGON((179.21695 -17.5,-179.78305 -17.5,-179.78305 -16.5,179.21695 -16.5,179.21695 -17.5))",,POINT(179.71695 -17),179.71695,-17.0,"POLYGON((-27.5 -17.5,-26.5 -17.5,-26.5 -16.5,-27.5 -16.5,-27.5 -17.5))",,POINT(-27 -17),-27.0,-17.0,"POLYGON((-417.801 -284.868,-403.7442 -284.874,-405.9132 -269.0418,-420.045 -269.0364,-417.801 -284.868))",,POINT(-411.9078 -276.9654),01030000000100000005000000894160E5D01C7AC0D9CEF753E3CD71C0EE5A423EE83B79C0448B6CE7FBCD71C0516B9A779C5E79C0910F7A36ABD070C01F85EB51B8407AC031992A1895D070C0894160E5D01C7AC0D9CEF753E3CD71C0,496.364652748360015,-411.9078,-276.9654,123.916751753,"POLYGON((0.535077 124.287222,0.522859 125.206045,0.515294 123.536666,0.52782 122.639328,0.535077 124.287222))",,POINT(0.525225327551267 123.916751753398),0.525225327551
226,11497.0,DAO,SWPC,nil,nil,,various,,,5e-05,various,,cm,18.0,-21.0,14.0,22.0,"POLYGON((0.427819 211.960607,0.504611 224.010753,0.500208 224.666472,0.422114 212.552733,0.427819 211.960607))",,POINT(0.461577461862008 218.871146815327),"POLYGON((-139.28305 -21.219156,-131.28305 -21.219156,-131.28305 -20.780844,-139.28305 -20.780844,-139.28305 -21.219156))",,POINT(-135.28305 -21),-135.28305,-21.0,"POLYGON((14 -21.219156,22 -21.219156,22 -20.780844,14 -20.780844,14 -21.219156))",,POINT(18 -21),18.0,-21.0,"POLYGON((214.0164 -343.0224,331.335 -342.9786,332.3136 -336.2052,214.6488 -336.2478,214.0164 -343.0224))",,POINT(273.7554 -339.6186),01030000000100000005000000F1F44A5986C06A40E3361AC05B7075C08FC2F5285CB57440D93D7958A86F75C069006F8104C574403A92CB7F480375C0A2B437F8C2D46A402EFF21FDF60375C0F1F44A5986C06A40E3361AC05B7075C0,436.214181905082057,273.7554,-339.6186,218.871146815,"POLYGON((0.427819 211.960607,0.504611 224.010753,0.500208 224.666472,0.422114 212.552733,0.427819 211.960607))",,POINT(0.461577461862008 218.871146815327),0.461577461862
227,11494.0,CSO,SWPC,nil,nil,,various,,,5e-05,various,,cm,-6.0,-17.0,-8.5,-3.5,"POLYGON((0.330587 154.616648,0.304361 168.912084,0.293555 168.457119,0.320851 153.688818,0.330587 154.616648))",,POINT(0.309866460183435 161.094547838457),"POLYGON((-161.78305 -17.330023,-156.78305 -17.330023,-156.78305 -16.669977,-161.78305 -16.669977,-161.78305 -17.330023))",,POINT(-159.28305 -17),-159.28305,-17.0,"POLYGON((-8.5 -17.330023,-3.5 -17.330023,-3.5 -16.669977,-8.5 -16.669977,-8.5 -17.330023))",,POINT(-6 -17),-6.0,-17.0,"POLYGON((-133.9266 -282.2604,-55.31688 -282.2676,-55.5129 -271.8132,-134.4012 -271.8066,-133.9266 -282.2604))",,POINT(-94.8822 -277.0422),01030000000100000005000000280F0BB5A6BD60C00EBE30992AA471C0D4601A868FA84BC08E06F01648A471C0280F0BB5A6C14BC0B7D100DE02FD70C0F7E461A1D6CC60C042CF66D5E7FC70C0280F0BB5A6BD60C00EBE30992AA471C0,292.839567780175514,-94.8822,-277.0422,161.094547838,"POLYGON((0.330587 154.616648,0.304361 168.912084,0.293555 168.457119,0.320851 153.688818,0.330587 154.616648))",,POINT(0.309866460183435 161.094547838457),0.309866460183
228,11496.0,,HMI SHARP,HMI,SDO,"11493,11496,11498,11499,11501",HMI,,,4.99999987369e-05,SDO,,cm,-6.71718978882,13.0434236526,-29.1959209442,18.2285480499,"POLYGON((0.490295 86.921153,0.315169 274.792139,0.469252 321.46791,0.585088 51.156,0.490295 86.921153))",,POINT(0.253799880113556 26.8067107763232),"POLYGON((173.10933 1.511755,-139.466201 1.511755,-139.466201 21.453325,173.10933 21.453325,173.10933 1.511755))",,POINT(-164.41194 13.043424),-164.41194,13.043424,"POLYGON((-29.19592 1.511755,18.228549 1.511755,18.228549 21.453325,-29.19592 21.453325,-29.19592 1.511755))",,POINT(-6.71719 13.043424),-6.71719,13.043424,"POLYGON((-462.6648 24.88572,296.7966 24.8817,276.2466 346.8906,-430.6404 346.7886,-462.6648 24.88572))",,POINT(-108.165 214.068),0103000000010000000500000018265305A3EA7CC0C269C18BBEE23840E63FA4DFBE8C724019E25817B7E138401973D712F2437140151DC9E53FAE7540BC0512143FEA7AC0029A081B9EAC754018265305A3EA7CC0C269C18BBEE23840,239.843231818202469,-108.165,214.068,26.8067107763,"POLYGON((0.490295 86.921153,0.315169 274.792139,0.469252 321.46791,0.585088 51.156,0.490295 86.921153))",,POINT(0.253799880113556 26.8067107763232),0.253799880114
229,11492.0,,HMI SHARP,HMI,SDO,,HMI,,,4.99999987369e-05,SDO,,cm,77.745552063,-19.0289382935,73.326133728,83.1808853149,"POLYGON((0.964742 247.980755,0.994364 248.687151,0.994068 252.692318,0.962927 252.098594,0.964742 247.980755))",,POINT(0.980575965783642 250.558265383074),"POLYGON((-84.368616 -21.174329,-74.513864 -21.174329,-74.513864 -17.191249,-84.368616 -17.191249,-84.368616 -21.174329))",,POINT(-79.9492 -19.028938),-79.9492,-19.028938,"POLYGON((73.326134 -21.174329,83.180886 -21.174329,83.180886 -17.191249,73.326134 -17.191249,73.326134 -21.174329))",,POINT(77.74555 -19.028938),77.74555,-19.028938,"POLYGON((845.19 -341.8092,875.418 -341.5374,896.868 -279.4752,865.92 -279.708,845.19 -341.8092))",,POINT(873.816 -308.4348),01030000000100000005000000EC51B81E85698A40C5FEB27BF25C75C0D34D6210585B8B40ED0DBE30995875C06DE7FBA9F1068C40F2B0506B9A7771C08FC2F5285C0F8B4017D9CEF7537B71C0EC51B81E85698A40C5FEB27BF25C75C0,926.653348187465326,873.816,-308.4348,250.558265383,"POLYGON((0.964742 247.980755,0.994364 248.687151,0.994068 252.692318,0.962927 252.098594,0.964742 247.980755))",,POINT(0.980575965783642 250.558265383074),0.980575965784
230,11502.0,,HMI SHARP,HMI,SDO,11502,HMI,,,4.99999987369e-05,SDO,,cm,-26.1312065125,-18.2600708008,-28.4626865387,-22.2228374481,"POLYGON((0.558119 125.855404,0.485633 132.324032,0.469374 129.407636,0.54544 123.10501,0.558119 125.855404))",,POINT(0.524741054175203 126.851775969277),"POLYGON((173.842563 -18.997112,-179.917587 -18.997112,-179.917587 -17.254102,173.842563 -17.254102,173.842563 -18.997112))",,POINT(176.174043 -18.26007),176.174043,-18.26007,"POLYGON((-28.462687 -18.997112,-22.222837 -18.997112,-22.222837 -17.254102,-28.462687 -17.254102,-28.462687 -18.997112))",,POINT(-26.131207 -18.26007),-26.131207,-18.26007,"POLYGON((-427.479 -308.9364,-339.3078 -309.0066,-342.7182 -281.5884,-431.7738 -281.5236,-427.479 -308.9364))",,POINT(-396.8022 -297.4056),010300000001000000050000008B6CE7FBA9B77AC097FF907EFB4E73C0575BB1BFEC3475C075029A081B5073C0CC7F48BF7D6B75C0764F1E166A9971C051DA1B7C61FC7AC0F8C264AA609871C08B6CE7FBA9B77AC097FF907EFB4E73C0,495.885144802906893,-396.8022,-297.4056,126.851775969,"POLYGON((0.558119 125.855404,0.485633 132.324032,0.469374 129.407636,0.54544 123.10501,0.558119 125.855404))",,POINT(0.524741054175203 126.851775969277),0.524741054175
231,11500.0,,HMI SHARP,HMI,SDO,"11500,11503",HMI,,,4.99999987369e-05,SDO,,cm,45.7704238892,9.99623680115,39.3844337463,53.5420455933,"POLYGON((0.646223 282.756214,0.810896 280.128668,0.816155 285.016576,0.657379 288.777186,0.646223 282.756214))",,POINT(0.728977632973234 283.810204062727),"POLYGON((-118.310316 8.182221,-104.152704 8.182221,-104.152704 12.181103,-118.310316 12.181103,-118.310316 8.182221))",,POINT(-111.924326 9.996237),-111.924326,9.996237,"POLYGON((39.384434 8.182221,53.542046 8.182221,53.542046 12.181103,39.384434 12.181103,39.384434 8.182221))",,POINT(45.770424 9.996237),45.770424,9.996237,"POLYGON((595.614 134.8416,754.362 134.7618,744.936 199.836,588.1662 199.9668,595.614 134.8416))",,POINT(668.976 164.4426),01030000000100000005000000F4FDD478E99C8240098A1F63EEDA604037894160E5928740F8C264AA60D86040736891ED7C478740986E1283C0FA6840C364AA6054618240BBB88D06F0FE6840F4FDD478E99C8240098A1F63EEDA6040,688.890598913034978,668.976,164.4426,283.810204063,"POLYGON((0.646223 282.756214,0.810896 280.128668,0.816155 285.016576,0.657379 288.777186,0.646223 282.756214))",,POINT(0.728977632973234 283.810204062727),0.728977632973
232,11494.0,,HMI SHARP,HMI,SDO,"11494,11502",HMI,,,4.99999987369e-05,SDO,,cm,-4.64604377747,-17.8208293915,-15.2202625275,2.48959922791,"POLYGON((0.474246 149.484864,0.410563 185.56989,0.243951 190.001463,0.351061 133.173746,0.474246 149.484864))",,POINT(0.317149889178771 165.864941736709),"POLYGON((-172.915012 -24.001028,-155.205151 -24.001028,-155.205151 -13.8277,-172.915012 -13.8277,-172.915012 -24.001028))",,POINT(-162.340794 -17.82083),-162.340794,-17.82083,"POLYGON((-15.220262 -24.001028,2.489599 -24.001028,2.489599 -13.8277,-15.220262 -13.8277,-15.220262 -24.001028))",,POINT(-4.646044 -17.82083),-4.646044,-17.82083,"POLYGON((-227.5638 -386.0934,37.65786 -386.154,40.03788 -227.0322,-241.944 -226.992,-227.5638 -386.0934))",,POINT(-73.1916 -290.6352),01030000000100000005000000832F4CA60A726CC02497FF907E2178C05CACA8C134D442405839B4C8762278C014967840D9044440CC5D4BC807616CC091ED7C3F353E6EC039B4C876BE5F6CC0832F4CA60A726CC02497FF907E2178C0,299.709575738914282,-73.1916,-290.6352,165.864941737,"POLYGON((0.474246 149.484864,0.410563 185.56989,0.243951 190.001463,0.351061 133.173746,0.474246 149.484864))",,POINT(0.317149889178771 165.864941736709),0.317149889179
233,11497.0,,HMI SHARP,HMI,SDO,11497,HMI,,,4.99999987369e-05,SDO,,cm,22.2508544922,-21.0783367157,14.5089826584,30.1307735443,"POLYGON((0.474743 208.836616,0.618941 227.80974,0.571497 236.942218,0.393042 217.480937,0.474743 208.836616))",,POINT(0.506280547006004 224.480176831554),"POLYGON((-143.185767 -24.458701,-127.563977 -24.458701,-127.563977 -18.084649,-143.185767 -18.084649,-143.185767 -24.458701))",,POINT(-135.443896 -21.078337),-135.443896,-21.078337,"POLYGON((14.508983 -24.458701,30.130773 -24.458701,30.130773 -18.084649,14.508983 -18.084649,14.508983 -24.458701))",,POINT(22.250854 -21.078337),22.250854,-21.078337,"POLYGON((216.3834 -393.0048,433.3668 -392.8188,452.6442 -294.6,226.0134 -294.7494,216.3834 -393.0048))",,POINT(335.2248 -341.3634),010300000001000000050000002AA913D0440C6B4055302AA9139078C0C442AD69DE157B40705F07CE198D78C055C1A8A44E4A7C409A999999996972C08638D6C56D406C40F5B9DA8AFD6B72C02AA913D0440C6B4055302AA9139078C0,478.439794952928253,335.2248,-341.3634,224.480176832,"POLYGON((0.474743 208.836616,0.618941 227.80974,0.571497 236.942218,0.393042 217.480937,0.474743 208.836616))",,POINT(0.506280547006004 224.480176831554),0.506280547006
234,11495.0,,HMI SHARP,HMI,SDO,11495,HMI,,,4.99999987369e-05,SDO,,cm,49.6240272522,-14.3214969635,46.1602287292,52.7178535461,"POLYGON((0.750819 247.301317,0.816869 249.235329,0.807965 254.90363,0.738095 253.427461,0.750819 247.301317))",,POINT(0.780763116901969 251.465258233325),"POLYGON((-111.534522 -16.782008,-104.976898 -16.782008,-104.976898 -12.10785,-111.534522 -12.10785,-111.534522 -16.782008))",,POINT(-108.070723 -14.321497),-108.070723,-14.321497,"POLYGON((46.160228 -16.782008,52.717852 -16.782008,52.717852 -12.10785,46.160228 -12.10785,46.160228 -16.782008))",,POINT(49.624027 -14.321497),49.624027,-14.321497,"POLYGON((654.576 -273.7974,721.806 -273.6792,737.184 -198.8574,668.532 -198.9492,654.576 -273.7974))",,POINT(699.558 -234.5406),01030000000100000005000000F853E3A59B748440499D8026C21C71C09CC420B0728E864017B7D100DE1A71C0B6F3FDD478098740E5F21FD26FDB68C0C74B378941E484409FABADD85FDE68C0F853E3A59B748440499D8026C21C71C0,737.828359723560652,699.558,-234.5406,251.465258233,"POLYGON((0.750819 247.301317,0.816869 249.235329,0.807965 254.90363,0.738095 253.427461,0.750819 247.301317))",,POINT(0.780763116901969 251.465258233325),0.780763116902
235,11496.0,,HMI SHARP,HMI,SDO,"11493,11496,11498,11499,11501",HMI,,,4.99999987369e-05,SDO,,cm,-4.48878097534,13.0295600891,-27.1864681244,20.5635051727,"POLYGON((0.459235 87.053272,0.353447 273.826662,0.492311 318.191925,0.562846 49.316234,0.459235 87.053272))",,POINT(0.238576814237497 18.7251808309123),"POLYGON((172.912932 1.374121,-139.337095 1.374121,-139.337095 21.466183,172.912932 21.466183,172.912932 1.374121))",,POINT(-164.389381 13.02956),-164.389381,13.02956,"POLYGON((-27.186468 1.374121,20.563505 1.374121,20.563505 21.466183,-27.186468 21.466183,-27.186468 1.374121))",,POINT(-4.488781 13.02956),-4.488781,13.02956,"POLYGON((-433.398 22.30938,333.2586 22.29078,310.1388 346.773,-403.3368 346.7256,-433.398 22.30938))",,POINT(-72.3768 213.519),01030000000100000005000000EE7C3F355E167BC057091687334F3640EEEBC03923D47440B554DE8E704A3640F54A598638627340EE7C3F355EAC7540AF946588633579C0A4DFBE0E9CAB7540EE7C3F355E167BC057091687334F3640,225.452355364143415,-72.3768,213.519,18.7251808309,"POLYGON((0.459235 87.053272,0.353447 273.826662,0.492311 318.191925,0.562846 49.316234,0.459235 87.053272))",,POINT(0.238576814237497 18.7251808309123),0.238576814237
236,11502.0,,HMI SHARP,HMI,SDO,11502,HMI,,,4.99999987369e-05,SDO,,cm,-22.4664154053,-18.0610618591,-26.2715358734,-19.5746383667,"POLYGON((0.532684 127.93857,0.456591 135.845953,0.437282 132.677433,0.517814 124.909867,0.532684 127.93857))",,POINT(0.479848787753738 130.51783877628),"POLYGON((173.827863 -19.012957,-179.475239 -19.012957,-179.475239 -17.140829,173.827863 -17.140829,173.827863 -19.012957))",,POINT(177.632985 -18.061062),177.632985,-18.061062,"POLYGON((-26.271537 -19.012957,-19.574639 -19.012957,-19.574639 -17.140829,-26.271537 -17.140829,-26.271537 -19.012957))",,POINT(-22.466415 -18.061062),-22.466415,-18.061062,"POLYGON((-397.0014 -309.4866,-300.5598 -309.5688,-303.7962 -280.1136,-401.2752 -280.0362,-397.0014 -309.4866))",,POINT(-344.7156 -294.6006),010300000001000000050000006EA301BC05D078C0BDE3141DC95773C0D044D8F0F4C872C0705F07CE195973C03411363CBDFC72C036CD3B4ED18171C0BF7D1D38671479C0D8817346948071C06EA301BC05D078C0BDE3141DC95773C0,453.451605360175108,-344.7156,-294.6006,130.517838776,"POLYGON((0.532684 127.93857,0.456591 135.845953,0.437282 132.677433,0.517814 124.909867,0.532684 127.93857))",,POINT(0.479848787753738 130.51783877628),0.479848787754
237,11494.0,,HMI SHARP,HMI,SDO,"11494,11502",HMI,,,4.99999987369e-05,SDO,,cm,-2.5484650135,-17.8021812439,-14.8127880096,4.6949634552,"POLYGON((0.471128 150.143991,0.415509 190.412639,0.252709 198.419699,0.345908 133.868157,0.471128 150.143991))",,POINT(0.310500418989246 172.128991935818),"POLYGON((-174.713388 -23.983822,-155.205637 -23.983822,-155.205637 -13.779576,-174.713388 -13.779576,-174.713388 -23.983822))",,POINT(-162.449065 -17.802181),-162.449065,-17.802181,"POLYGON((-14.812788 -23.983822,4.694963 -23.983822,4.694963 -13.779576,-14.812788 -13.779576,-14.812788 -23.983822))",,POINT(-2.548465 -17.802181),-2.548465,-17.802181,"POLYGON((-221.6358 -386.1222,70.9662 -386.1846,75.4572 -226.5726,-235.659 -226.5276,-221.6358 -386.1222))",,POINT(-40.18182 -290.655),010300000001000000050000007FD93D7958B46BC024B9FC87F42178C04B598638D6BD5140772D211FF42278C0CCEEC9C342DD524011363CBD52526CC00C022B8716756DC0D42B6519E2506CC07FD93D7958B46BC024B9FC87F42178C0,293.419337610036166,-40.18182,-290.655,172.128991936,"POLYGON((0.471128 150.143991,0.415509 190.412639,0.252709 198.419699,0.345908 133.868157,0.471128 150.143991))",,POINT(0.310500418989246 172.128991935818),0.310500418989
238,11495.0,,HMI SHARP,HMI,SDO,11495,HMI,,,4.99999987369e-05,SDO,,cm,51.7218170166,-14.0552453995,48.1686477661,54.8216514587,"POLYGON((0.771863 247.993793,0.836255 249.777858,0.828227 255.471559,0.760154 254.12744,0.771863 247.993793))",,POINT(0.801604668630554 252.290062587328),"POLYGON((-111.731954 -16.740507,-105.07895 -16.740507,-105.07895 -11.942747,-111.731954 -11.942747,-111.731954 -16.740507))",,POINT(-108.178783 -14.055245),-108.178783,-14.055245,"POLYGON((48.168646 -16.740507,54.82165 -16.740507,54.82165 -11.942747,48.168646 -11.942747,48.168646 -16.740507))",,POINT(51.721817 -14.055245),51.721817,-14.055245,"POLYGON((676.26 -273.312,741.54 -273.159,757.638 -196.3398,690.948 -196.464,676.26 -273.312))",,POINT(721.608 -230.4324),01030000000100000005000000AE47E17A14228540A245B6F3FD1471C0B81E85EB512C8740068195438B1271C0C976BE9F1AAD8740C9E53FA4DF8A68C0DD24068195978540022B8716D98E68C0AE47E17A14228540A245B6F3FD1471C0,757.507225466371324,721.608,-230.4324,252.290062587,"POLYGON((0.771863 247.993793,0.836255 249.777858,0.828227 255.471559,0.760154 254.12744,0.771863 247.993793))",,POINT(0.801604668630554 252.290062587328),0.801604668631
239,11492.0,,HMI SHARP,HMI,SDO,,HMI,,,4.99999987369e-05,SDO,,cm,79.2498245239,-19.3313465118,74.5918579102,85.6935958862,"POLYGON((0.97024 247.463915,0.997898 248.145754,0.997763 252.85933,0.968386 252.301269,0.97024 247.463915))",,POINT(0.985215142207114 250.34439255916),"POLYGON((-85.308739 -21.796218,-74.207001 -21.796218,-74.207001 -17.092968,-85.308739 -17.092968,-85.308739 -21.796218))",,POINT(-80.650775 -19.331347),-80.650775,-19.331347,"POLYGON((74.591861 -21.796218,85.693599 -21.796218,85.693599 -17.092968,74.591861 -17.092968,74.591861 -21.796218))",,POINT(79.249825 -19.331347),79.249825,-19.331347,"POLYGON((846.852 -351.4026,875.232 -351.0294,900.996 -277.8828,871.8 -278.2056,846.852 -351.4026))",,POINT(876.768 -313.1622),01030000000100000005000000894160E5D0768A40EA95B20C71F675C060E5D022DB598B400A68226C78F075C08716D9CEF7278C408A8EE4F21F5E71C066666666663E8B40ECC039234A6371C0894160E5D0768A40EA95B20C71F675C0,931.017018820193243,876.768,-313.1622,250.344392559,"POLYGON((0.97024 247.463915,0.997898 248.145754,0.997763 252.85933,0.968386 252.301269,0.97024 247.463915))",,POINT(0.985215142207114 250.34439255916),0.985215142207
240,11497.0,,HMI SHARP,HMI,SDO,11497,HMI,,,4.99999987369e-05,SDO,,cm,24.3556842804,-21.0787448883,16.6900939941,32.3928604126,"POLYGON((0.491402 212.299192,0.641868 229.70454,0.598153 238.767173,0.414222 221.472917,0.491402 212.299192))",,POINT(0.529079260399857 226.89962503666),"POLYGON((-143.210505 -24.408856,-127.507741 -24.408856,-127.507741 -17.974032,-143.210505 -17.974032,-143.210505 -24.408856))",,POINT(-135.544916 -21.078745),-135.544916,-21.078745,"POLYGON((16.690095 -24.408856,32.392859 -24.408856,32.392859 -17.974032,16.690095 -17.974032,16.690095 -24.408856))",,POINT(24.355684 -21.078745),24.355684,-21.078745,"POLYGON((248.1312 -392.517,462.6336 -392.2788,483.3246 -293.0904,259.2342 -293.2902,248.1312 -392.517))",,POINT(365.0598 -341.6214),0103000000010000000500000087A757CA32046F4083C0CAA1458878C0EEEBC03923EA7C40FF21FDF6758478C08104C58F31357E40EF384547725172C092CB7F48BF337040CA54C1A8A45472C087A757CA32046F4083C0CAA1458878C0,499.973837829540855,365.0598,-341.6214,226.899625037,"POLYGON((0.491402 212.299192,0.641868 229.70454,0.598153 238.767173,0.414222 221.472917,0.491402 212.299192))",,POINT(0.529079260399857 226.89962503666),0.5290792604
241,11500.0,,HMI SHARP,HMI,SDO,"11500,11503",HMI,,,4.99999987369e-05,SDO,,cm,48.1417388916,9.93557929993,41.5407562256,55.7151603699,"POLYGON((0.673876 282.210781,0.832213 279.859849,0.836845 284.669721,0.683993 288.056691,0.673876 282.210781))",,POINT(0.755841843065684 283.209234718135),"POLYGON((-118.359842 8.18884,-104.185438 8.18884,-104.185438 12.220972,-118.359842 12.220972,-118.359842 8.18884))",,POINT(-111.75886 9.935579),-111.75886,9.935579,"POLYGON((41.540758 8.18884,55.715162 8.18884,55.715162 12.220972,41.540758 12.220972,41.540758 8.18884))",,POINT(48.14174 9.935579),48.14174,9.935579,"POLYGON((622.398 134.6898,774.816 134.6676,765.03 200.2698,614.532 200.346,622.398 134.6898))",,POINT(695.364 163.2144),0103000000010000000500000077BE9F1A2F738340FC1873D712D660404A0C022B87368840E8D9ACFA5CD560400AD7A3703DE88740BF0E9C33A2086940C74B378941348340508D976E120B694077BE9F1A2F738340FC1873D712D66040,714.261879749549507,695.364,163.2144,283.209234718,"POLYGON((0.673876 282.210781,0.832213 279.859849,0.836845 284.669721,0.683993 288.056691,0.673876 282.210781))",,POINT(0.755841843065684 283.209234718135),0.755841843066
242,11502.0,,HMI SHARP,HMI,SDO,11502,HMI,,,4.99999987369e-05,SDO,,cm,-20.1694412231,-18.023935318,-23.9198188782,-17.2118301392,"POLYGON((0.505192 130.358334,0.431328 139.347539,0.409208 136.019068,0.488061 127.094723,0.505192 130.358334))",,POINT(0.453216166782718 133.41292275247),"POLYGON((173.973711 -18.970932,-179.318301 -18.970932,-179.318301 -17.002796,173.973711 -17.002796,173.973711 -18.970932))",,POINT(177.724089 -18.023935),177.724089,-18.023935,"POLYGON((-23.919819 -18.970932,-17.211831 -18.970932,-17.211831 -17.002796,-23.919819 -17.002796,-23.919819 -18.970932))",,POINT(-20.169441 -18.023935),-20.169441,-18.023935,"POLYGON((-363.7758 -309.1416,-265.533 -309.2292,-268.524 -278.25,-367.8726 -278.1666,-363.7758 -309.1416))",,POINT(-311.1072 -294.3324),01030000000100000005000000CAC342AD69BC76C0D1915CFE435273C04A0C022B879870C0E4839ECDAA5373C0AAF1D24D62C870C000000000006471C0D5E76A2BF6FD76C038F8C264AA6271C0CAC342AD69BC76C0D1915CFE435273C0,428.274738435037762,-311.1072,-294.3324,133.412922752,"POLYGON((0.505192 130.358334,0.431328 139.347539,0.409208 136.019068,0.488061 127.094723,0.505192 130.358334))",,POINT(0.453216166782718 133.41292275247),0.453216166783
243,11494.0,,HMI SHARP,HMI,SDO,"11494,11502",HMI,,,4.99999987369e-05,SDO,,cm,-0.360350996256,-17.753900528,-12.671412468,6.89754152298,"POLYGON((0.455617 153.785644,0.42339 195.085768,0.267023 206.025091,0.321478 138.26957,0.455617 153.785644))",,POINT(0.307165852707314 178.87775622571),"POLYGON((-174.777883 -23.972731,-155.208928 -23.972731,-155.208928 -13.770823,-174.777883 -13.770823,-174.777883 -23.972731))",,POINT(-162.466821 -17.7539),-162.466821,-17.7539,"POLYGON((-12.671413 -23.972731,6.897542 -23.972731,6.897542 -13.770823,-12.671413 -13.770823,-12.671413 -23.972731))",,POINT(-0.360351 -17.7539),-0.360351,-17.7539,"POLYGON((-190.1844 -386.2614,104.1294 -386.3022,110.7126 -226.7424,-202.2084 -226.7112,-190.1844 -386.2614))",,POINT(-5.684952 -290.2062),010300000001000000050000003D2CD49AE6C567C0CA32C4B12E2478C08E06F01648085A409FCDAACFD52478C04BC8073D9BAD5B409D11A5BDC1576CC0910F7A36AB4669C0499D8026C2566CC03D2CD49AE6C567C0CA32C4B12E2478C0,290.261876927856804,-5.684952,-290.2062,178.877756226,"POLYGON((0.455617 153.785644,0.42339 195.085768,0.267023 206.025091,0.321478 138.26957,0.455617 153.785644))",,POINT(0.307165852707314 178.87775622571),0.307165852707
244,11495.0,,HMI SHARP,HMI,SDO,11495,HMI,,,4.99999987369e-05,SDO,,cm,53.7131004333,-13.9651756287,50.50233078,56.7405433655,"POLYGON((0.794574 249.143126,0.852547 250.63347,0.846093 255.741257,0.78523 254.597839,0.794574 249.143126))",,POINT(0.820932748713901 252.8204745163),"POLYGON((-111.604139 -16.353782,-105.365927 -16.353782,-105.365927 -11.970562,-111.604139 -11.970562,-111.604139 -16.353782))",,POINT(-108.39337 -13.965176),-108.39337,-13.965176,"POLYGON((50.502331 -16.353782,56.740543 -16.353782,56.740543 -11.970562,50.502331 -11.970562,50.502331 -16.353782))",,POINT(53.7131 -13.965176),53.7131,-13.965176,"POLYGON((701.646 -267.3276,760.044 -267.1548,774.9 -196.9254,715.368 -197.0742,701.646 -267.3276))",,POINT(741.144 -229.1322),01030000000100000005000000BA490C022BED8540B7627FD93DB570C03108AC1C5AC08740BC96900F7AB270C03333333333378840FDF675E09C9D68C06DE7FBA9F15A86409FABADD85FA268C0BA490C022BED8540B7627FD93DB570C0,775.755112012057566,741.144,-229.1322,252.820474516,"POLYGON((0.794574 249.143126,0.852547 250.63347,0.846093 255.741257,0.78523 254.597839,0.794574 249.143126))",,POINT(0.820932748713901 252.8204745163),0.820932748714
245,11500.0,,HMI SHARP,HMI,SDO,"11500,11503",HMI,,,4.99999987369e-05,SDO,,cm,50.2068939209,9.91030311584,43.9466133118,57.6836090088,"POLYGON((0.703925 281.839265,0.85062 279.778018,0.854589 284.346397,0.712647 287.287126,0.703925 281.839265))",,POINT(0.778346083976063 282.770476767377),"POLYGON((-118.159858 8.312709,-104.422862 8.312709,-104.422862 12.222229,-118.159858 12.222229,-118.159858 8.312709))",,POINT(-111.899576 9.910303),-111.899576,9.910303,"POLYGON((43.946612 8.312709,57.683608 8.312709,57.683608 12.222229,43.946612 12.222229,43.946612 8.312709))",,POINT(50.206894 9.910303),50.206894,9.910303,"POLYGON((651.036 136.4742,792.132 136.512,782.376 200.1,643.008 200.1162,651.036 136.4742))",,POINT(717.318 162.582),010300000001000000050000003F355EBA495884406C787AA52C0F6140931804560EC18840AAF1D24D621061405EBA490C027388403333333333036940F2D24D621018844072F90FE9B70369403F355EBA495884406C787AA52C0F6140,735.512080015005608,717.318,162.582,282.770476767,"POLYGON((0.703925 281.839265,0.85062 279.778018,0.854589 284.346397,0.712647 287.287126,0.703925 281.839265))",,POINT(0.778346083976063 282.770476767377),0.778346083976
246,11492.0,,HMI SHARP,HMI,SDO,,HMI,,,4.99999987369e-05,SDO,,cm,81.0973052979,-19.3183994293,75.9981918335,88.5712966919,"POLYGON((0.975588 247.388218,0.999845 247.998258,0.99983 253.028323,0.973948 252.534669,0.975588 247.388218))",,POINT(0.98998621944368 250.456739315151),"POLYGON((-86.108278 -21.994331,-73.535174 -21.994331,-73.535174 -16.965463,-86.108278 -16.965463,-86.108278 -21.994331))",,POINT(-81.009165 -19.3184),-81.009165,-19.3184,"POLYGON((75.998192 -21.994331,88.571296 -21.994331,88.571296 -16.965463,75.998192 -16.965463,75.998192 -21.994331))",,POINT(81.097305 -19.3184),81.097305,-19.3184,"POLYGON((851.034 -354.4566,876.012 -353.9628,903.66 -275.7882,877.92 -276.2232,851.034 -354.4566))",,POINT(881.61 -312.9438),0103000000010000000500000083C0CAA145988A40A835CD3B4E2776C06ABC749318608B406C09F9A0671F76C0E17A14AE473D8C40516B9A779C3C71C08FC2F5285C6F8B407AC7293A924371C083C0CAA145988A40A835CD3B4E2776C0,935.505218616358093,881.61,-312.9438,250.456739315,"POLYGON((0.975588 247.388218,0.999845 247.998258,0.99983 253.028323,0.973948 252.534669,0.975588 247.388218))",,POINT(0.98998621944368 250.456739315151),0.989986219444
247,11497.0,,HMI SHARP,HMI,SDO,11497,HMI,,,4.99999987369e-05,SDO,,cm,26.5032234192,-21.0710773468,18.8606109619,34.4604263306,"POLYGON((0.509509 215.468039,0.662913 231.280789,0.622948 240.129133,0.437916 224.838517,0.509509 215.468039))",,POINT(0.552738697466954 229.135088580065),"POLYGON((-143.245859 -24.36615,-127.646043 -24.36615,-127.646043 -17.96597,-143.245859 -17.96597,-143.245859 -24.36615))",,POINT(-135.603247 -21.071077),-135.603247,-21.071077,"POLYGON((18.860611 -24.36615,34.460427 -24.36615,34.460427 -17.96597,18.860611 -17.96597,18.860611 -24.36615))",,POINT(26.503223 -21.071077),26.503223,-21.071077,"POLYGON((279.372 -392.1276,488.7546 -391.8354,510.462 -293.1834,291.7866 -293.436,279.372 -392.1276))",,POINT(395.007 -341.7426),01030000000100000005000000CBA145B6F3757140832F4CA60A8278C0FC1873D7128C7E4041F163CC5D7D78C008AC1C5A64E77F4062A1D634EF5272C08AB0E1E9953C7240E5D022DBF95672C0CBA145B6F3757140832F4CA60A8278C0,522.3203372488573,395.007,-341.7426,229.13508858,"POLYGON((0.509509 215.468039,0.662913 231.280789,0.622948 240.129133,0.437916 224.838517,0.509509 215.468039))",,POINT(0.552738697466954 229.135088580065),0.552738697467
248,11496.0,,HMI SHARP,HMI,SDO,"11493,11496,11498,11499,11501",HMI,,,4.99999987369e-05,SDO,,cm,-2.31539702415,13.085893631,-28.5707111359,22.8035945892,"POLYGON((0.480609 87.20517,0.389809 273.441581,0.515352 315.360943,0.57794 50.621966,0.480609 87.20517))",,POINT(0.229990542940912 9.89638054274722),"POLYGON((169.322818 1.381601,-139.302876 1.381601,-139.302876 21.469597,169.322818 21.469597,169.322818 1.381601))",,POINT(-164.421867 13.085894),-164.421867,13.085894,"POLYGON((-28.570712 1.381601,22.803594 1.381601,22.803594 21.469597,-28.570712 21.469597,-28.570712 1.381601))",,POINT(-2.315397 13.085894),-2.315397,13.085894,"POLYGON((-453.6198 22.14468,367.6926 22.11276,342.1788 346.5174,-422.1498 346.4868,-453.6198 22.14468))",,POINT(-37.35246 214.0998),01030000000100000005000000F9A067B3EA597CC0A2629CBF092536405BD3BCE314FB7640064CE0D6DD1C36406688635DDC62754035EF384547A875400E4FAF9465627AC016FBCBEEC9A77540F9A067B3EA597CC0A2629CBF09253640,217.333684982543843,-37.35246,214.0998,9.89638054275,"POLYGON((0.480609 87.20517,0.389809 273.441581,0.515352 315.360943,0.57794 50.621966,0.480609 87.20517))",,POINT(0.229990542940912 9.89638054274722),0.229990542941
249,11496.0,,HMI SHARP,HMI,SDO,"11493,11496,11498,11499,11501",HMI,,,4.99999987369e-05,SDO,,cm,-0.268997997046,13.1326122284,-26.6126689911,24.9721012115,"POLYGON((0.450275 87.023214,0.424457 273.156133,0.538774 312.961877,0.556614 48.726151,0.450275 87.023214))",,POINT(0.227069249098005 1.15892361506302),"POLYGON((169.07499 1.397375,-139.34024 1.397375,-139.34024 21.518153,169.07499 21.518153,169.07499 1.397375))",,POINT(-164.581338 13.132612),-164.581338,13.132612,"POLYGON((-26.61267 1.397375,24.9721 1.397375,24.9721 21.518153,-26.61267 21.518153,-26.61267 1.397375))",,POINT(-0.268998 13.132612),-0.268998,13.132612,"POLYGON((-424.9122 22.09608,400.4814 22.08282,372.5724 346.9662,-395.3016 346.9614,-424.9122 22.09608))",,POINT(-4.339788 214.5246),0103000000010000000500000094F6065F988E7AC0B8CCE9B298183640B6847CD0B3077940697407B133153640B003E78C284977405396218E75AF75409487855AD3B478C0FE65F7E461AF754094F6065F988E7AC0B8CCE9B298183640,214.568492013727308,-4.339788,214.5246,1.15892361506,"POLYGON((0.450275 87.023214,0.424457 273.156133,0.538774 312.961877,0.556614 48.726151,0.450275 87.023214))",,POINT(0.227069249098005 1.15892361506302),0.227069249098
250,11497.0,,HMI SHARP,HMI,SDO,11497,HMI,,,4.99999987369e-05,SDO,,cm,28.7293224335,-21.0866146088,21.0166740417,36.3692588806,"POLYGON((0.529718 218.234698,0.68288 232.49939,0.645555 241.273074,0.462416 227.80209,0.529718 218.234698))",,POINT(0.577758318599236 231.185011780098),"POLYGON((-143.295666 -24.419709,-127.943082 -24.419709,-127.943082 -17.953513,-143.295666 -17.953513,-143.295666 -24.419709))",,POINT(-135.583018 -21.086615),-135.583018,-21.086615,"POLYGON((21.016674 -24.419709,36.369258 -24.419709,36.369258 -17.953513,21.016674 -17.953513,21.016674 -24.419709))",,POINT(28.729322 -21.086615),28.729322,-21.086615,"POLYGON((309.786 -393.1776,511.935 -392.8302,534.9354 -293.1954,323.712 -293.5026,309.786 -393.1776))",,POINT(425.391 -342.2064),010300000001000000050000007F6ABC74935C734050FC1873D79278C0295C8FC2F5FE7F403A92CB7F488D78C06DC5FEB27BB78040371AC05B205372C008AC1C5A643B7440832F4CA60A5872C07F6ABC74935C734050FC1873D79278C0,545.951209433553686,425.391,-342.2064,231.18501178,"POLYGON((0.529718 218.234698,0.68288 232.49939,0.645555 241.273074,0.462416 227.80209,0.529718 218.234698))",,POINT(0.577758318599236 231.185011780098),0.577758318599
251,11492.0,,HMI SHARP,HMI,SDO,,HMI,,,4.99999987369e-05,SDO,,cm,82.9387969971,-19.4305229187,77.6277999878,89.8670349121,"POLYGON((0.981054 247.520189,1.000006 248.004637,1.000008 253.130116,0.979747 252.738656,0.981054 247.520189))",,POINT(0.993832086148223 250.424371671315),"POLYGON((-86.684537 -21.995041,-74.445303 -21.995041,-74.445303 -16.869603,-86.684537 -16.869603,-86.684537 -21.995041))",,POINT(-81.37354 -19.430523),-81.37354,-19.430523,"POLYGON((77.627803 -21.995041,89.867037 -21.995041,89.867037 -16.869603,77.627803 -16.869603,77.627803 -21.995041))",,POINT(82.9388 -19.430523),82.9388,-19.430523,"POLYGON((856.602 -354.4626,876.174 -353.9148,904.29 -274.2252,884.112 -274.716,856.602 -354.4626))",,POINT(884.838 -314.6526),01030000000100000005000000894160E5D0C48A4013F241CF662776C008AC1C5A64618B4018265305A31E76C0B81E85EB51428C40F2B0506B9A2371C037894160E5A08B40FA7E6ABC742B71C0894160E5D0C48A4013F241CF662776C0,939.119025965697233,884.838,-314.6526,250.424371671,"POLYGON((0.981054 247.520189,1.000006 248.004637,1.000008 253.130116,0.979747 252.738656,0.981054 247.520189))",,POINT(0.993832086148223 250.424371671315),0.993832086148
252,11500.0,,HMI SHARP,HMI,SDO,"11500,11503",HMI,,,4.99999987369e-05,SDO,,cm,51.3720932007,10.063123703,46.63123703,59.1254692078,"POLYGON((0.736083 281.518039,0.863521 279.806374,0.866827 283.955747,0.743062 286.336602,0.736083 281.518039))",,POINT(0.790861028292958 282.744728630212),"POLYGON((-117.681103 8.473679,-105.186871 8.473679,-105.186871 12.074871,-117.681103 12.074871,-117.681103 8.473679))",,POINT(-112.940247 10.063124),-112.940247,10.063124,"POLYGON((46.631237 8.473679,59.125469 8.473679,59.125469 12.074871,46.631237 12.074871,46.631237 8.473679))",,POINT(51.372093 10.063124),51.372093,10.063124,"POLYGON((681.552 138.8868,804.06 138.9774,794.928 197.5458,673.806 197.502,681.552 138.8868))",,POINT(728.91 164.865),0103000000010000000500000023DBF97E6A4C8540F8C264AA605C614014AE47E17A20894088635DDC465F61408195438B6CD7884005C58F3177B168409CC420B0720E8540F2D24D6210B0684023DBF97E6A4C8540F8C264AA605C6140,747.322056629536405,728.91,164.865,282.74472863,"POLYGON((0.736083 281.518039,0.863521 279.806374,0.866827 283.955747,0.743062 286.336602,0.736083 281.518039))",,POINT(0.790861028292958 282.744728630212),0.790861028293
253,11494.0,,HMI SHARP,HMI,SDO,"11494,11502",HMI,,,4.99999987369e-05,SDO,,cm,1.86487197876,-17.7456092834,-10.2468729019,9.31206417084,"POLYGON((0.441183 158.296193,0.435953 199.90272,0.287696 213.274495,0.296584 144.191235,0.441183 158.296193))",,POINT(0.308875539393519 185.784357893877),"POLYGON((-174.559213 -24.023571,-155.000276 -24.023571,-155.000276 -13.785781,-174.559213 -13.785781,-174.559213 -24.023571))",,POINT(-162.447468 -17.74561),-162.447468,-17.74561,"POLYGON((-10.246873 -24.023571,9.312064 -24.023571,9.312064 -13.785781,-10.246873 -13.785781,-10.246873 -24.023571))",,POINT(1.864872 -17.74561),1.864872,-17.74561,"POLYGON((-154.1712 -387.3402,140.2386 -387.3474,149.1546 -227.2866,-163.9728 -227.2806,-154.1712 -387.3402))",,POINT(29.41614 -290.385),0103000000010000000500000068226C787A4563C096218E75713578C06B9A779CA2876140166A4DF38E3578C0C5FEB27BF2A462401361C3D32B696CC09031772D217F64C03EE8D9ACFA686CC068226C787A4563C096218E75713578C0,291.871131695992915,29.41614,-290.385,185.784357894,"POLYGON((0.441183 158.296193,0.435953 199.90272,0.287696 213.274495,0.296584 144.191235,0.441183 158.296193))",,POINT(0.308875539393519 185.784357893877),0.308875539394
254,11495.0,,HMI SHARP,HMI,SDO,11495,HMI,,,4.99999987369e-05,SDO,,cm,55.9266891479,-13.9166135788,52.9297447205,58.6911811829,"POLYGON((0.817093 250.380649,0.868256 251.593632,0.863518 255.815022,0.810299 254.848696,0.817093 250.380649))",,POINT(0.841502114008359 253.302329319074),"POLYGON((-111.382595 -15.837612,-105.621159 -15.837612,-105.621159 -12.151048,-111.382595 -12.151048,-111.382595 -15.837612))",,POINT(-108.38565 -13.916614),-108.38565,-13.916614,"POLYGON((52.929745 -15.837612,58.691181 -15.837612,58.691181 -12.151048,52.929745 -12.151048,52.929745 -15.837612))",,POINT(55.92669 -13.916614),55.92669,-13.916614,"POLYGON((727.284 -259.251,778.482 -259.0626,791.1 -199.9584,739.074 -200.1276,727.284 -259.251))",,POINT(761.646 -228.471),0103000000010000000500000083C0CAA145BA8640BC749318043470C060E5D022DB538840AC8BDB68003170C0CDCCCCCCCCB88840910F7A36ABFE68C03BDF4F8D97188740075F984C150469C083C0CAA145BA8640BC749318043470C0,795.17521789665966,761.646,-228.471,253.302329319,"POLYGON((0.817093 250.380649,0.868256 251.593632,0.863518 255.815022,0.810299 254.848696,0.817093 250.380649))",,POINT(0.841502114008359 253.302329319074),0.841502114008
255,11496.0,,HMI SHARP,HMI,SDO,"11493,11496,11498,11499,11501",HMI,,,4.99999987369e-05,SDO,,cm,1.72503900528,13.1844625473,-24.5124359131,27.1888275146,"POLYGON((0.41712 86.901214,0.459221 272.81823,0.562758 310.692991,0.533636 46.560286,0.41712 86.901214))",,POINT(0.229461457139071 352.628339711992),"POLYGON((168.969354 1.369053,-139.329382 1.369053,-139.329382 21.520597,168.969354 21.520597,168.969354 1.369053))",,POINT(-164.793171 13.184463),-164.793171,13.184463,"POLYGON((-24.512436 1.369053,27.188828 1.369053,27.188828 21.520597,-24.512436 21.520597,-24.512436 1.369053))",,POINT(1.725039 13.184463),1.725039,13.184463,"POLYGON((-393.5718 21.30672,433.4052 21.33528,403.1922 346.7142,-366.1332 346.716,-393.5718 21.30672))",,POINT(27.81966 215.0322),01030000000100000005000000A5BDC117269978C07407B133854E35406DC5FEB27B167B40BD00FBE8D4553540A9A44E4013337940DAACFA5C6DAB75403CBD529621E276C0FA7E6ABC74AB7540A5BDC117269978C07407B133854E3540,216.82430795313428,27.81966,215.0322,352.628339712,"POLYGON((0.41712 86.901214,0.459221 272.81823,0.562758 310.692991,0.533636 46.560286,0.41712 86.901214))",,POINT(0.229461457139071 352.628339711992),0.229461457139
256,11497.0,,HMI SHARP,HMI,SDO,11497,HMI,,,4.99999987369e-05,SDO,,cm,30.867521286,-21.0422897339,23.3008346558,38.5707511902,"POLYGON((0.551516 220.959224,0.705305 233.850383,0.671161 242.481816,0.489062 230.590074,0.551516 220.959224))",,POINT(0.601477497394293 233.038961714634),"POLYGON((-143.217375 -24.429527,-127.947459 -24.429527,-127.947459 -17.930505,-143.217375 -17.930505,-143.217375 -24.429527))",,POINT(-135.650689 -21.04229),-135.650689,-21.04229,"POLYGON((23.300835 -24.429527,38.570751 -24.429527,38.570751 -17.930505,23.300835 -17.930505,23.300835 -24.429527))",,POINT(30.867521 -21.04229),30.867521,-21.04229,"POLYGON((341.6202 -393.5544,538.1538 -393.1428,562.4472 -293.0184,357.051 -293.3886,341.6202 -393.5544))",,POINT(454.1388 -341.7342),01030000000100000005000000ABCFD556EC59754070CE88D2DE9878C000917EFB3AD18040E71DA7E8489278C02BF697DD93938140F163CC5D4B5072C0894160E5D05076409C33A2B4375672C0ABCFD556EC59754070CE88D2DE9878C0,568.352279062097182,454.1388,-341.7342,233.038961715,"POLYGON((0.551516 220.959224,0.705305 233.850383,0.671161 242.481816,0.489062 230.590074,0.551516 220.959224))",,POINT(0.601477497394293 233.038961714634),0.601477497394
257,11495.0,,HMI SHARP,HMI,SDO,11495,HMI,,,4.99999987369e-05,SDO,,cm,58.0130729675,-14.0992231369,55.3998718262,60.8281669617,"POLYGON((0.839623 251.167971,0.88512 252.184362,0.881442 255.904875,0.834355 255.077136,0.839623 251.167971))",,POINT(0.86018512943762 253.452347238505),"POLYGON((-111.118338 -15.633419,-105.690042 -15.633419,-105.690042 -12.323883,-111.118338 -12.323883,-111.118338 -15.633419))",,POINT(-108.505137 -14.099223),-108.505137,-14.099223,"POLYGON((55.399872 -15.633419,60.828168 -15.633419,60.828168 -12.323883,55.399872 -12.323883,55.399872 -15.633419))",,POINT(58.013073 -14.099223),58.013073,-14.099223,"POLYGON((750.912 -256.0998,796.266 -255.8928,807.822 -202.8378,761.814 -203.0286,750.912 -256.0998))",,POINT(779.148 -231.4992),010300000001000000050000009EEFA7C64B7787404182E2C7980170C0E3A59BC420E28840CD3B4ED191FC6FC07F6ABC74933E8940D712F241CF5A69C08D976E1283CE87404D158C4AEA6069C09EEFA7C64B7787404182E2C7980170C0,812.812084989291975,779.148,-231.4992,253.452347239,"POLYGON((0.839623 251.167971,0.88512 252.184362,0.881442 255.904875,0.834355 255.077136,0.839623 251.167971))",,POINT(0.86018512943762 253.452347238505),0.860185129438
258,11500.0,,HMI SHARP,HMI,SDO,"11500,11503",HMI,,,4.99999987369e-05,SDO,,cm,53.1189460754,10.0086336136,49.6193885803,56.6872749329,"POLYGON((0.769813 281.016773,0.841558 280.073457,0.844979 283.887458,0.77504 285.164578,0.769813 281.016773))",,POINT(0.808646852909651 282.377346460769),"POLYGON((-116.898823 8.493003,-109.830937 8.493003,-109.830937 11.721619,-116.898823 11.721619,-116.898823 8.493003))",,POINT(-113.399264 10.008634),-113.399264,10.008634,"POLYGON((49.619387 8.493003,56.687273 8.493003,56.687273 11.721619,49.619387 11.721619,49.619387 8.493003))",,POINT(53.118946 10.008634),53.118946,10.008634,"POLYGON((714.012 139.0068,782.952 139.0908,775.104 191.6388,706.854 191.5788,714.012 139.0068))",,POINT(746.352 163.7868),010300000001000000050000006ABC7493185086409C33A2B437606140560E2DB29D77884042CF66D5E762614046B6F3FDD4388840EA95B20C71F4674046B6F3FDD416864098DD938785F267406ABC7493185086409C33A2B437606140,764.112180087609886,746.352,163.7868,282.377346461,"POLYGON((0.769813 281.016773,0.841558 280.073457,0.844979 283.887458,0.77504 285.164578,0.769813 281.016773))",,POINT(0.808646852909651 282.377346460769),0.80864685291
259,11492.0,,HMI SHARP,HMI,SDO,,HMI,,,4.99999987369e-05,SDO,,cm,84.6940765381,-19.4974822998,79.2900772095,89.7997055054,"POLYGON((0.98598 247.372296,1.000009 247.741628,1.000011 253.386339,0.984902 253.093175,0.98598 247.372296))",,POINT(0.996638959647796 250.417503607767),"POLYGON((-87.228134 -22.257878,-76.718506 -22.257878,-76.718506 -16.61322,-87.228134 -16.61322,-87.228134 -22.257878))",,POINT(-81.82413 -19.497482),-81.82413,-19.497482,"POLYGON((79.290076 -22.257878,89.799704 -22.257878,89.799704 -16.61322,79.290076 -16.61322,79.290076 -22.257878))",,POINT(84.69408 -19.497482),84.69408,-19.497482,"POLYGON((859.962 -358.4556,874.524 -357.9264,905.49 -270.1734,890.436 -270.651,859.962 -358.4556))",,POINT(887.28 -315.6408),0103000000010000000500000004560E2DB2DF8A40ECC039234A6776C0D578E92631548B403B70CE88D25E76C052B81E85EB4B8C400612143FC6E270C0736891ED7CD38B4023DBF97E6AEA70C004560E2DB2DF8A40ECC039234A6776C0,941.750982491996069,887.28,-315.6408,250.417503608,"POLYGON((0.98598 247.372296,1.000009 247.741628,1.000011 253.386339,0.984902 253.093175,0.98598 247.372296))",,POINT(0.996638959647796 250.417503607767),0.996638959648
260,11494.0,,HMI SHARP,HMI,SDO,"11494,11502",HMI,,,4.99999987369e-05,SDO,,cm,4.14474201202,-17.7587127686,-7.06239938736,11.6212406158,"POLYGON((0.426048 164.656432,0.450429 204.207427,0.310461 219.271441,0.268647 153.479887,0.426048 164.656432))",,POINT(0.31551824011095 192.656838607267),"POLYGON((-173.580609 -24.061906,-154.89697 -24.061906,-154.89697 -13.756328,-173.580609 -13.756328,-173.580609 -24.061906))",,POINT(-162.373468 -17.758713),-162.373468,-17.758713,"POLYGON((-7.062399 -24.061906,11.62124 -24.061906,11.62124 -13.756328,-7.062399 -13.756328,-7.062399 -24.061906))",,POINT(4.144742 -17.758713),4.144742,-17.758713,"POLYGON((-106.5264 -388.2348,174.5226 -388.1958,185.6976 -227.109,-113.3478 -227.1408,-106.5264 -388.2348))",,POINT(65.3262 -290.8968),010300000001000000050000005227A089B0A15AC09D11A5BDC14378C0789CA223B9D06540E9482EFF214378C011363CBD52366740736891ED7C636CC02063EE5A42565CC0DC68006F81646CC05227A089B0A15AC09D11A5BDC14378C0,298.141678831860077,65.3262,-290.8968,192.656838607,"POLYGON((0.426048 164.656432,0.450429 204.207427,0.310461 219.271441,0.268647 153.479887,0.426048 164.656432))",,POINT(0.31551824011095 192.656838607267),0.315518240111
261,11494.0,CSO,SWPC,nil,nil,,various,,,5e-05,various,,cm,6.0,-18.0,1.0,11.0,"POLYGON((0.315067 183.030206,0.363469 210.062624,0.358896 210.549562,0.30958 183.089765,0.315067 183.030206))",,POINT(0.327457500877593 197.752887175072),"POLYGON((-165.51821 -18.165012,-155.51821 -18.165012,-155.51821 -17.834988,-165.51821 -17.834988,-165.51821 -18.165012))",,POINT(-160.51821 -18),-160.51821,-18.0,"POLYGON((1 -18.165012,11 -18.165012,11 -17.834988,1 -17.834988,1 -18.165012))",,POINT(6 -18),6.0,-18.0,"POLYGON((15.73794 -297.2988,172.0506 -297.2496,172.3746 -292.056,15.76752 -292.1052,15.73794 -297.2988))",,POINT(94.347 -294.6888),010300000001000000050000000BD28C45D3792F40B84082E2C79472C0AF25E4839E8165404ED1915CFE9372C09CA223B9FC8B654037894160E54072C0450DA661F8882F40A1F831E6AE4172C00BD28C45D3792F40B84082E2C79472C0,309.423407735161504,94.347,-294.6888,197.752887175,"POLYGON((0.315067 183.030206,0.363469 210.062624,0.358896 210.549562,0.30958 183.089765,0.315067 183.030206))",,POINT(0.327457500877593 197.752887175072),0.327457500878
262,11498.0,CAO,SWPC,nil,nil,,various,,,5e-05,various,,cm,-1.0,6.0,-3.0,1.0,"POLYGON((0.115096 27.022446,0.104002 350.347565,0.105775 350.512742,0.116697 26.616833,0.115096 27.022446))",,POINT(0.104887770688569 9.5691947475916),"POLYGON((-169.51821 5.948434,-165.51821 5.948434,-165.51821 6.051566,-169.51821 6.051566,-169.51821 5.948434))",,POINT(-167.51821 6),-167.51821,6.0,"POLYGON((-3 5.948434,1 5.948434,1 6.051566,-3 6.051566,-3 5.948434))",,POINT(-1 6),-1.0,6.0,"POLYGON((-49.41258 96.8838,16.47768 96.8826,16.4745 98.5824,-49.40322 98.5836,-49.41258 96.8838))",,POINT(-16.47612 97.7322),01030000000100000005000000E97DE36BCFB448C01B0DE02D903858400AF4893C497A3040C6DCB5847C385840B6F3FDD478793040304CA60A46A55840EB8B84B69CB348C0857CD0B359A55840E97DE36BCFB448C01B0DE02D90385840,99.1112781024157812,-16.47612,97.7322,9.56919474759,"POLYGON((0.115096 27.022446,0.104002 350.347565,0.105775 350.512742,0.116697 26.616833,0.115096 27.022446))",,POINT(0.104887770688569 9.5691947475916),0.104887770689
263,11496.0,HAX,SWPC,nil,nil,,various,,,5e-05,various,,cm,10.0,16.0,9.5,10.5,"POLYGON((0.3152 329.598027,0.323923 327.063323,0.329585 327.773741,0.321052 330.276694,0.3152 329.598027))",,POINT(0.322361337955669 328.663192495838),"POLYGON((-157.01821 15.793736,-156.01821 15.793736,-156.01821 16.206264,-157.01821 16.206264,-157.01821 15.793736))",,POINT(-156.51821 16),-156.51821,16.0,"POLYGON((9.5 15.793736,10.5 15.793736,10.5 16.206264,9.5 16.206264,9.5 15.793736))",,POINT(10 16),10.0,16.0,"POLYGON((150.7266 256.887,166.4214 256.8876,166.0764 263.457,150.4146 263.4558,150.7266 256.887))",,POINT(158.4168 260.1732),01030000000100000005000000C1A8A44E40D76240D578E926310E70401A51DA1B7CCD6440E0BE0E9C330E704043AD69DE71C264405A643BDF4F7770407E1D386744CD624045D8F0F44A777040C1A8A44E40D76240D578E926310E7040,304.607906201529829,158.4168,260.1732,328.663192496,"POLYGON((0.3152 329.598027,0.323923 327.063323,0.329585 327.773741,0.321052 330.276694,0.3152 329.598027))",,POINT(0.322361337955669 328.663192495838),0.322361337956
264,11499.0,BXI,SWPC,nil,nil,,various,,,5e-05,various,,cm,-5.0,15.0,-14.5,4.5,"POLYGON((0.354547 43.244177,0.269241 343.576046,0.269592 343.599691,0.354798 43.200589,0.354547 43.244177))",,POINT(0.27192104081786 18.1177565665459),"POLYGON((178.98179 14.989144,-162.01821 14.989144,-162.01821 15.010856,178.98179 15.010856,178.98179 14.989144))",,POINT(-171.51821 15),-171.51821,15.0,"POLYGON((-14.5 14.989144,4.5 14.989144,4.5 15.010856,-14.5 15.010856,-14.5 14.989144))",,POINT(-5 15),-5.0,15.0,"POLYGON((-229.5258 244.0428,71.9334 244.032,71.9262 244.3794,-229.5024 244.3902,-229.5258 244.0428))",,POINT(-79.9026 244.206),010300000001000000050000009487855AD3B06CC09A081B9E5E816E4088855AD3BCFB51401B2FDD2406816E4088635DDC46FB51404703780B248C6E4055302AA913B06CC0C6DCB5847C8C6E409487855AD3B06CC09A081B9E5E816E40,256.945511583214852,-79.9026,244.206,18.1177565665,"POLYGON((0.354547 43.244177,0.269241 343.576046,0.269592 343.599691,0.354798 43.200589,0.354547 43.244177))",,POINT(0.27192104081786 18.1177565665459),0.271921040818
265,11503.0,AXX,SWPC,nil,nil,,various,,,5e-05,various,,cm,55.0,9.0,54.5,55.5,"POLYGON((0.820627 280.339757,0.830344 280.218333,0.831368 281.418325,0.821715 281.55349,0.820627 280.339757))",,POINT(0.82602770495622 280.882106904697),"POLYGON((-112.01821 8.5,-111.01821 8.5,-111.01821 9.5,-112.01821 9.5,-112.01821 8.5))",,POINT(-111.51821 9),-111.51821,9.0,"POLYGON((54.5 8.5,55.5 8.5,55.5 9.5,54.5 9.5,54.5 8.5))",,POINT(55 9),55.0,9.0,"POLYGON((762.84 139.1784,772.17 139.1904,770.034 155.5224,760.728 155.5116,762.84 139.1784))",,POINT(766.5 147.3564),010300000001000000050000001F85EB51B8D6874068B3EA73B56561408FC2F5285C21884012A5BDC11766614083C0CAA145108840C66D3480B7706340E7FBA9F1D2C587404694F6065F7063401F85EB51B8D6874068B3EA73B5656140,780.53581507894944,766.5,147.3564,280.882106905,"POLYGON((0.820627 280.339757,0.830344 280.218333,0.831368 281.418325,0.821715 281.55349,0.820627 280.339757))",,POINT(0.82602770495622 280.882106904697),0.826027704956
266,11502.0,AXX,SWPC,nil,nil,,various,,,5e-05,various,,cm,-12.0,-17.0,-12.5,-11.5,"POLYGON((0.367522 145.662366,0.358563 147.820911,0.345073 146.195571,0.354473 143.986556,0.367522 145.662366))",,POINT(0.356323760463364 145.91662374014),"POLYGON((-179.01821 -17.5,-178.01821 -17.5,-178.01821 -16.5,-179.01821 -16.5,-179.01821 -17.5))",,POINT(-178.51821 -17),-178.51821,-17.0,"POLYGON((-12.5 -17.5,-11.5 -17.5,-11.5 -16.5,-12.5 -16.5,-12.5 -17.5))",,POINT(-12 -17),-12.0,-17.0,"POLYGON((-195.8904 -286.7598,-180.4422 -286.7694,-181.4118 -270.9444,-196.9428 -270.9348,-195.8904 -286.7598))",,POINT(-188.6862 -278.8626),01030000000100000005000000780B24287E7C68C003780B2428EC71C052499D80268E66C0AED85F764FEC71C0C58F31772DAD66C07AA52C431CEF70C067D5E76A2B9E68C0D044D8F0F4EE70C0780B24287E7C68C003780B2428EC71C0,336.699913497464365,-188.6862,-278.8626,145.91662374,"POLYGON((0.367522 145.662366,0.358563 147.820911,0.345073 146.195571,0.354473 143.986556,0.367522 145.662366))",,POINT(0.356323760463364 145.91662374014),0.356323760463
267,11497.0,DAO,SWPC,nil,nil,,various,,,5e-05,various,,cm,31.0,-22.0,27.5,34.5,"POLYGON((0.574754 228.236353,0.650231 233.953215,0.645889 234.873698,0.569048 229.200474,0.574754 228.236353))",,POINT(0.609933079946968 231.794135975099),"POLYGON((-139.01821 -22.338864,-132.01821 -22.338864,-132.01821 -21.661136,-139.01821 -21.661136,-139.01821 -22.338864))",,POINT(-135.51821 -22),-135.51821,-22.0,"POLYGON((27.5 -22.338864,34.5 -22.338864,34.5 -21.661136,27.5 -21.661136,27.5 -22.338864))",,POINT(31 -22),31.0,-22.0,"POLYGON((405.0978 -361.737,496.782 -361.5534,499.17 -351.165,407.046 -351.3468,405.0978 -361.737))",,POINT(452.886 -356.4612),01030000000100000005000000C898BB96905179406F1283C0CA9B76C08D976E12830C7F40B459F5B9DA9876C01F85EB51B8327F40713D0AD7A3F275C0DBF97E6ABC7079400B24287E8CF575C0C898BB96905179406F1283C0CA9B76C0,576.342186640402019,452.886,-356.4612,231.794135975,"POLYGON((0.574754 228.236353,0.650231 233.953215,0.645889 234.873698,0.569048 229.200474,0.574754 228.236353))",,POINT(0.609933079946968 231.794135975099),0.609933079947
268,11493.0,ESI,SWPC,nil,nil,,various,,,5e-05,various,,cm,18.0,14.0,11.0,25.0,"POLYGON((0.303533 322.20142,0.476656 300.215303,0.478007 300.573464,0.306019 322.598299,0.303533 322.20142))",,POINT(0.385985470592948 308.728801699603),"POLYGON((-155.51821 13.904234,-141.51821 13.904234,-141.51821 14.095766,-155.51821 14.095766,-155.51821 13.904234))",,POINT(-148.51821 14),-148.51821,14.0,"POLYGON((11 13.904234,25 13.904234,25 14.095766,11 14.095766,11 13.904234))",,POINT(18 14),18.0,14.0,"POLYGON((175.7862 226.6338,389.2134 226.6668,388.8882 229.7448,175.6392 229.7124,175.7862 226.6338))",,POINT(284.5302 228.1866),01030000000100000005000000B003E78C28F965408E06F01648546C40764F1E166A537840211FF46C56556C40EA043411364E7840F241CF66D5B76C404DF38E5374F4654074B515FBCBB66C40B003E78C28F965408E06F01648546C40,364.728061892144524,284.5302,228.1866,308.7288017,"POLYGON((0.303533 322.20142,0.476656 300.215303,0.478007 300.573464,0.306019 322.598299,0.303533 322.20142))",,POINT(0.385985470592948 308.728801699603),0.385985470593
269,11495.0,,HMI SHARP,HMI,SDO,11495,HMI,,,4.99999987369e-05,SDO,,cm,59.9931564331,-14.105222702,58.1105537415,62.6974487305,"POLYGON((0.862758 252.076579,0.898877 252.833831,0.896146 255.97506,0.858975 255.341143,0.862758 252.076579))",,POINT(0.876710581711375 253.759770843569),"POLYGON((-110.613547 -15.301907,-106.026653 -15.301907,-106.026653 -12.466251,-110.613547 -12.466251,-110.613547 -15.301907))",,POINT(-108.730944 -14.105223),-108.730944,-14.105223,"POLYGON((58.110553 -15.301907,62.697447 -15.301907,62.697447 -12.466251,58.110553 -12.466251,58.110553 -15.301907))",,POINT(59.993156 -14.105223),59.993156,-14.105223,"POLYGON((775.662 -250.8822,811.518 -250.6818,821.532 -205.2108,785.232 -205.3992,775.662 -250.8822))",,POINT(795.354 -231.6774),010300000001000000050000009EEFA7C64B3D884000917EFB3A5C6FC0A01A2FDD245C894036CD3B4ED1556FC0C74B378941AC8940E63FA4DFBEA669C060E5D022DB8988400612143FC6AC69C09EEFA7C64B3D884000917EFB3A5C6FC0,828.409562346282883,795.354,-231.6774,253.759770844,"POLYGON((0.862758 252.076579,0.898877 252.833831,0.896146 255.97506,0.858975 255.341143,0.862758 252.076579))",,POINT(0.876710581711375 253.759770843569),0.876710581711
270,11492.0,,HMI SHARP,HMI,SDO,,HMI,,,4.99999987369e-05,SDO,,cm,85.9592285156,-19.7150878906,81.0388183594,89.8505554199,"POLYGON((0.990381 247.040688,1.000011 247.306678,1.000011 253.415891,0.989552 253.206695,0.990381 247.040688))",,POINT(0.998141884754643 250.232585850984),"POLYGON((-87.685279 -22.692997,-78.873541 -22.692997,-78.873541 -16.583771,-87.685279 -16.583771,-87.685279 -22.692997))",,POINT(-82.76487 -19.715088),-82.76487,-19.715088,"POLYGON((81.038821 -22.692997,89.850559 -22.692997,89.850559 -16.583771,81.038821 -16.583771,81.038821 -22.692997))",,POINT(85.95923 -19.715088),85.95923,-19.715088,"POLYGON((861.684 -365.0412,871.764 -364.5474,905.61 -269.7006,895.158 -270.15,861.684 -365.0412))",,POINT(887.574 -318.9762),01030000000100000005000000B6F3FDD478ED8A4086C954C1A8D076C0273108AC1C3E8B40499D8026C2C876C07B14AE47E14C8C403E7958A835DB70C02506819543F98B406666666666E270C0B6F3FDD478ED8A4086C954C1A8D076C0,943.150794752588808,887.574,-318.9762,250.232585851,"POLYGON((0.990381 247.040688,1.000011 247.306678,1.000011 253.415891,0.989552 253.206695,0.990381 247.040688))",,POINT(0.998141884754643 250.232585850984),0.998141884755
271,11496.0,,HMI SHARP,HMI,SDO,"11493,11496,11498,11499,11501",HMI,,,4.99999987369e-05,SDO,,cm,3.81094694138,13.1989135742,-22.3772888184,29.4336700439,"POLYGON((0.382894 86.574712,0.493772 272.666951,0.588178 308.779449,0.511803 43.964883,0.382894 86.574712))",,POINT(0.236573899400986 344.052850790501),"POLYGON((168.89861 1.407642,-139.290431 1.407642,-139.290431 21.628372,168.89861 21.628372,168.89861 1.407642))",,POINT(-164.913153 13.198914),-164.913153,13.198914,"POLYGON((-22.37729 1.407642,29.433669 1.407642,29.433669 21.628372,-22.37729 21.628372,-22.37729 1.407642))",,POINT(3.810947 13.198914),3.810947,13.198914,"POLYGON((-361.1526 21.61638,466.0632 21.70956,433.26 348.0942,-335.7276 348.0828,-361.1526 21.61638))",,POINT(61.4178 214.9374),01030000000100000005000000EA95B20C719276C092E86514CB9D3540B7D100DE02217D40BD8C62B9A5B535405C8FC2F528147B4088F4DBD781C175401DC9E53FA4FB74C0BEC1172653C17540EA95B20C719276C092E86514CB9D3540,223.54022473729421,61.4178,214.9374,344.052850791,"POLYGON((0.382894 86.574712,0.493772 272.666951,0.588178 308.779449,0.511803 43.964883,0.382894 86.574712))",,POINT(0.236573899400986 344.052850790501),0.236573899401
272,11494.0,,HMI SHARP,HMI,SDO,"11494,11502",HMI,,,4.99999987369e-05,SDO,,cm,6.37045192719,-17.7813434601,-4.6902551651,13.9439210892,"POLYGON((0.420593 169.745003,0.468933 208.0677,0.337101 224.200192,0.254565 161.741311,0.420593 169.745003))",,POINT(0.326289628282652 198.979018111329),"POLYGON((-173.414355 -24.229665,-154.780179 -24.229665,-154.780179 -13.816081,-173.414355 -13.816081,-173.414355 -24.229665))",,POINT(-162.353648 -17.781343),-162.353648,-17.781343,"POLYGON((-4.690255 -24.229665,13.943921 -24.229665,13.943921 -13.816081,-4.690255 -13.816081,-4.690255 -24.229665))",,POINT(6.370452 -17.781343),6.370452,-17.781343,"POLYGON((-70.7526 -391.0722,208.4838 -390.9858,222.0678 -228.3558,-75.363 -228.429,-70.7526 -391.0722))",,POINT(100.2702 -291.5526),010300000001000000050000000EBE30992AB051C057EC2FBB277178C0C139234A7B0F6A40598638D6C56F78C067D5E76A2BC26B40567DAEB6628B6CC0AC1C5A643BD752C07D3F355EBA8D6CC00EBE30992AB051C057EC2FBB277178C0,308.313203698446898,100.2702,-291.5526,198.979018111,"POLYGON((0.420593 169.745003,0.468933 208.0677,0.337101 224.200192,0.254565 161.741311,0.420593 169.745003))",,POINT(0.326289628282652 198.979018111329),0.326289628283
273,11500.0,,HMI SHARP,HMI,SDO,"11500,11503",HMI,,,4.99999987369e-05,SDO,,cm,55.6742172241,9.87157535553,52.1905899048,58.9717903137,"POLYGON((0.797176 280.568816,0.862106 279.772916,0.864961 283.43161,0.801564 284.509167,0.797176 280.568816))",,POINT(0.833390467846454 281.826540341133),"POLYGON((-116.533508 8.451927,-109.752308 8.451927,-109.752308 11.620373,-116.533508 11.620373,-116.533508 8.451927))",,POINT(-113.049883 9.871575),-113.049883,9.871575,"POLYGON((52.190592 8.451927,58.971792 8.451927,58.971792 11.620373,52.190592 11.620373,52.190592 8.451927))",,POINT(55.674217 9.871575),55.674217,9.871575,"POLYGON((740.478 138.1596,802.788 138.2748,794.952 189.8478,733.248 189.756,740.478 138.1596))",,POINT(770.76 161.3928),01030000000100000005000000E7FBA9F1D2238740228E75711B456140FCA9F1D24D1689401B9E5E29CB486140560E2DB29DD788409031772D21BB6740448B6CE7FBE98640D578E92631B86740E7FBA9F1D2238740228E75711B456140,787.476103441774285,770.76,161.3928,281.826540341,"POLYGON((0.797176 280.568816,0.862106 279.772916,0.864961 283.43161,0.801564 284.509167,0.797176 280.568816))",,POINT(0.833390467846454 281.826540341133),0.833390467846
274,11497.0,,HMI SHARP,HMI,SDO,11497,HMI,,,4.99999987369e-05,SDO,,cm,33.0559844971,-21.0328807831,25.6281051636,40.8307533264,"POLYGON((0.574456 223.477691,0.727952 235.114762,0.696891 243.601461,0.516751 233.094069,0.574456 223.477691))",,POINT(0.626022291879127 234.704533313113),"POLYGON((-143.095994 -24.437224,-127.893346 -24.437224,-127.893346 -17.9046,-143.095994 -17.9046,-143.095994 -24.437224))",,POINT(-135.668116 -21.03288),-135.668116,-21.03288,"POLYGON((25.628106 -24.437224,40.830754 -24.437224,40.830754 -17.9046,25.628106 -17.9046,25.628106 -24.437224))",,POINT(33.055984 -21.03288),33.055984,-21.03288,"POLYGON((373.4904 -393.8838,564.24 -393.4032,589.8312 -292.776,390.441 -293.2146,373.4904 -393.8838))",,POINT(482.799 -341.7834),01030000000100000005000000569FABADD85777404703780B249E78C052B81E85EBA18140F5DBD781739678C07B832F4CA66E824023DBF97E6A4C72C0931804560E6778408CDB68006F5372C0569FABADD85777404703780B249E78C0,591.532557782375989,482.799,-341.7834,234.704533313,"POLYGON((0.574456 223.477691,0.727952 235.114762,0.696891 243.601461,0.516751 233.094069,0.574456 223.477691))",,POINT(0.626022291879127 234.704533313113),0.626022291879
275,11502.0,,HMI SHARP,HMI,SDO,11502,HMI,,,4.99999987369e-05,SDO,,cm,-11.2501811981,-17.2348861694,-12.6255750656,-9.8912820816,"POLYGON((0.372322 145.84088,0.349189 151.931619,0.33593 150.554815,0.360156 144.308489,0.372322 145.84088))",,POINT(0.353060111579777 147.991602047825),"POLYGON((178.650325 -17.757102,-178.615383 -17.757102,-178.615383 -16.82509,178.650325 -16.82509,178.650325 -17.757102))",,POINT(-179.974281 -17.234886),-179.974281,-17.234886,"POLYGON((-12.625575 -17.757102,-9.891283 -17.757102,-9.891283 -16.82509,-12.625575 -16.82509,-12.625575 -17.757102))",,POINT(-11.250181 -17.234886),-11.250181,-17.234886,"POLYGON((-197.5386 -291.1158,-155.25 -291.144,-156.042 -276.42,-198.546 -276.3924,-197.5386 -291.1158))",,POINT(-176.8272 -282.8904),01030000000100000005000000053411363CB168C007CE1951DA3172C000000000006863C0FCA9F1D24D3272C0D34D6210588163C01F85EB51B84671C0B6F3FDD478D168C035EF3845474671C0053411363CB168C007CE1951DA3172C0,333.60880844486104,-176.8272,-282.8904,147.991602048,"POLYGON((0.372322 145.84088,0.349189 151.931619,0.33593 150.554815,0.360156 144.308489,0.372322 145.84088))",,POINT(0.353060111579777 147.991602047825),0.35306011158
276,11496.0,,HMI SHARP,HMI,SDO,"11493,11496,11498,11499,11501",HMI,,,4.99999987369e-05,SDO,,cm,6.014316082,13.28083992,-19.9400405884,32.4733581543,"POLYGON((0.343277 85.881733,0.539374 272.641996,0.624331 306.859595,0.490895 40.287849,0.343277 85.881733))",,POINT(0.250435153094239 335.857433946683),"POLYGON((169.12997 1.529495,-138.456631 1.529495,-138.456631 22.021185,169.12997 22.021185,169.12997 1.529495))",,POINT(-164.915674 13.28084),-164.915674,13.28084,"POLYGON((-19.94004 1.529495,32.473359 1.529495,32.473359 22.021185,-19.94004 22.021185,-19.94004 1.529495))",,POINT(6.014316 13.28084),6.014316,13.28084,"POLYGON((-323.5206 23.29392,509.1054 23.49228,472.0008 353.868,-299.9322 353.82,-323.5206 23.29392))",,POINT(96.7848 215.9346),01030000000100000005000000C364AA60543874C0ECA353573E4B3740F90FE9B7AFD17F409279E40F067E3740645DDC4603807D40D9CEF753E31D76404D158C4AEABE72C085EB51B81E1D7640C364AA60543874C0ECA353573E4B3740,236.632730171039526,96.7848,215.9346,335.857433947,"POLYGON((0.343277 85.881733,0.539374 272.641996,0.624331 306.859595,0.490895 40.287849,0.343277 85.881733))",,POINT(0.250435153094239 335.857433946683),0.250435153094
277,11502.0,,HMI SHARP,HMI,SDO,11502,HMI,,,4.99999987369e-05,SDO,,cm,-9.22617816925,-17.2322101593,-10.4398851395,-7.6953458786,"POLYGON((0.353838 150.67214,0.334043 157.454424,0.319492 156.234512,0.340348 149.209196,0.353838 150.67214))",,POINT(0.336852127445836 152.833329503664),"POLYGON((178.630125 -17.75969,-178.625336 -17.75969,-178.625336 -16.79589,178.630125 -16.79589,178.630125 -17.75969))",,POINT(179.843832 -17.23221),179.843832,-17.23221,"POLYGON((-10.439885 -17.75969,-7.695346 -17.75969,-7.695346 -16.79589,-10.439885 -16.79589,-10.439885 -17.75969))",,POINT(-9.226178 -17.23221),-9.226178,-17.23221,"POLYGON((-163.7604 -291.4854,-121.0194 -291.5106,-121.6572 -276.2844,-164.6238 -276.2598,-163.7604 -291.4854))",,POINT(-145.3236 -283.1742),010300000001000000050000001C7C6132557864C0A857CA32C43772C0B7627FD93D415EC067D5E76A2B3872C099BB96900F6A5EC0B8AF03E78C4471C0D5E76A2BF69364C003780B24284471C01C7C6132557864C0A857CA32C43772C0,318.286940138297211,-145.3236,-283.1742,152.833329504,"POLYGON((0.353838 150.67214,0.334043 157.454424,0.319492 156.234512,0.340348 149.209196,0.353838 150.67214))",,POINT(0.336852127445836 152.833329503664),0.336852127446
278,11500.0,,HMI SHARP,HMI,SDO,"11500,11503",HMI,,,4.99999987369e-05,SDO,,cm,58.9507408142,9.4258146286,55.902015686,61.3942146301,"POLYGON((0.834081 280.101122,0.882494 279.550256,0.884154 282.147277,0.836503 282.842668,0.834081 280.101122))",,POINT(0.862674095602863 280.89066893681),"POLYGON((-115.027972 8.463513,-109.535774 8.463513,-109.535774 10.761459,-115.027972 10.761459,-115.027972 8.463513))",,POINT(-111.97925 9.425815),-111.97925,9.425815,"POLYGON((55.902018 8.463513,61.394216 8.463513,61.394216 10.761459,55.902018 10.761459,55.902018 8.463513))",,POINT(58.95074 9.425815),58.95074,9.425815,"POLYGON((775.896 138.2238,822.3 138.3474,816.72 175.7946,770.628 175.686,775.896 138.2238))",,POINT(800.448 154.0068),01030000000100000005000000BA490C022B3F8840091B9E5E294761406666666666B289402CD49AE61D4B6140F6285C8FC2858940DAACFA5C6DF965401B2FDD2406158840CBA145B6F3F56540BA490C022B3F8840091B9E5E29476140,815.12888253958954,800.448,154.0068,280.890668937,"POLYGON((0.834081 280.101122,0.882494 279.550256,0.884154 282.147277,0.836503 282.842668,0.834081 280.101122))",,POINT(0.862674095602863 280.89066893681),0.862674095603
279,11497.0,,HMI SHARP,HMI,SDO,11497,HMI,,,4.99999987369e-05,SDO,,cm,35.1408843994,-21.1112937927,27.898557663,42.9475975037,"POLYGON((0.600045 225.296176,0.750226 235.816208,0.720438 244.542207,0.544114 235.240959,0.600045 225.296176))",,POINT(0.649813097197464 236.019125848627),"POLYGON((-143.031433 -24.753411,-127.982393 -24.753411,-127.982393 -17.884475,-143.031433 -17.884475,-143.031433 -24.753411))",,POINT(-135.789106 -21.111294),-135.789106,-21.111294,"POLYGON((27.898557 -24.753411,42.947597 -24.753411,42.947597 -17.884475,27.898557 -17.884475,27.898557 -24.753411))",,POINT(35.140884 -21.111294),35.140884,-21.111294,"POLYGON((402.9786 -398.8338,586.4124 -398.283,614.634 -292.6098,422.3838 -293.1168,402.9786 -398.8338))",,POINT(509.1432 -343.1742),01030000000100000005000000D93D7958A82F79407A36AB3E57ED78C0F7065F984C5382404A0C022B87E478C0508D976E123583409D11A5BDC14972C04703780B24667A40C442AD69DE5172C0D93D7958A82F79407A36AB3E57ED78C0,613.999454113666161,509.1432,-343.1742,236.019125849,"POLYGON((0.600045 225.296176,0.750226 235.816208,0.720438 244.542207,0.544114 235.240959,0.600045 225.296176))",,POINT(0.649813097197464 236.019125848627),0.649813097197
280,11494.0,,HMI SHARP,HMI,SDO,"11494,11502",HMI,,,4.99999987369e-05,SDO,,cm,8.72895908356,-17.6955432892,-2.26096725464,16.2768001556,"POLYGON((0.415856 175.016469,0.48719 211.783373,0.365092 228.475097,0.245204 170.971194,0.415856 175.016469))",,POINT(0.34000194898905 205.282140992684),"POLYGON((-173.190957 -24.234708,-154.65319 -24.234708,-154.65319 -13.820124,-173.190957 -13.820124,-173.190957 -24.234708))",,POINT(-162.201031 -17.695543),-162.201031,-17.695543,"POLYGON((-2.260967 -24.234708,16.2768 -24.234708,16.2768 -13.820124,-2.260967 -13.820124,-2.260967 -24.234708))",,POINT(8.728959 -17.695543),8.728959,-17.695543,"POLYGON((-34.13418 -391.4514,242.4648 -391.3092,258.2682 -228.6966,-36.3594 -228.8196,-34.13418 -391.4514))",,POINT(137.2038 -290.4912),010300000001000000050000007EE36BCF2C1141C0A1D634EF387778C0C9E53FA4DF4E6E40C5FEB27BF27478C0984C158C4A247040984C158C4A966CC05917B7D1002E42C0A779C7293A9A6CC07EE36BCF2C1141C0A1D634EF387778C0,321.263163172935208,137.2038,-290.4912,205.282140993,"POLYGON((0.415856 175.016469,0.48719 211.783373,0.365092 228.475097,0.245204 170.971194,0.415856 175.016469))",,POINT(0.34000194898905 205.282140992684),0.340001948989
281,11494.0,,HMI SHARP,HMI,SDO,"11494,11502",HMI,,,4.99999987369e-05,SDO,,cm,10.8591766357,-17.7166004181,0.0704937651753,18.6749801636,"POLYGON((0.413269 180.1563,0.506611 215.381217,0.395108 232.216489,0.24227 180.28383,0.413269 180.1563))",,POINT(0.356939277659197 210.327534698828),"POLYGON((-173.065396 -24.150682,-154.46091 -24.150682,-154.46091 -13.805754,-173.065396 -13.805754,-173.065396 -24.150682))",,POINT(-162.276713 -17.7166),-162.276713,-17.7166,"POLYGON((0.070494 -24.150682,18.67498 -24.150682,18.67498 -13.805754,0.070494 -13.805754,0.070494 -24.150682))",,POINT(10.859177 -17.7166),10.859177,-17.7166,"POLYGON((1.065216 -390.4824,277.1622 -390.276,295.0494 -228.7278,1.133976 -228.9096,1.065216 -390.4824))",,POINT(170.2968 -291.1068),01030000000100000005000000A2D0B2EE1F0BF13F72F90FE9B76778C094F6065F9852714023DBF97E6A6478C0C286A757CA707240ECC039234A976CC0AE2EA704C424F23F228E75711B9D6CC0A2D0B2EE1F0BF13F72F90FE9B76778C0,337.259794663520438,170.2968,-291.1068,210.327534699,"POLYGON((0.413269 180.1563,0.506611 215.381217,0.395108 232.216489,0.24227 180.28383,0.413269 180.1563))",,POINT(0.356939277659197 210.327534698828),0.356939277659
282,11496.0,,HMI SHARP,HMI,SDO,"11493,11496,11498,11499,11501",HMI,,,4.99999987369e-05,SDO,,cm,8.2792263031,13.3562850952,-16.7060184479,34.8283576965,"POLYGON((0.289928 84.509962,0.573705 272.805723,0.649959 305.175745,0.460109 35.557064,0.289928 84.509962))",,POINT(0.26919517718975 328.482369801409),"POLYGON((170.158091 1.727032,-138.307531 1.727032,-138.307531 22.032293,170.158091 22.032293,170.158091 1.727032))",,POINT(-164.856664 13.356285),-164.856664,13.356285,"POLYGON((-16.706019 1.727032,34.828359 1.727032,34.828359 22.032293,-16.706019 22.032293,-16.706019 1.727032))",,POINT(8.279226 13.356285),8.279226,13.356285,"POLYGON((-272.6868 26.2089,541.4244 26.53428,501.9786 353.7888,-252.8082 353.6784,-272.6868 26.2089))",,POINT(132.966 216.831),01030000000100000005000000492EFF21FD0A71C068226C787A353A4061C3D32B65EB804029E8F692C6883A40D93D7958A85F7F405BB1BFEC9E1C764012143FC6DC996FC0B459F5B9DA1A7640492EFF21FD0A71C068226C787A353A40,254.353375674473796,132.966,216.831,328.482369801,"POLYGON((0.289928 84.509962,0.573705 272.805723,0.649959 305.175745,0.460109 35.557064,0.289928 84.509962))",,POINT(0.26919517718975 328.482369801409),0.26919517719
283,11497.0,,HMI SHARP,HMI,SDO,11497,HMI,,,4.99999987369e-05,SDO,,cm,37.2713317871,-21.1528453827,30.1340103149,44.9203414917,"POLYGON((0.623103 227.219439,0.769282 236.682153,0.741621 245.409895,0.570784 237.19829,0.623103 227.219439))",,POINT(0.673569420794763 237.283854013582),"POLYGON((-143.00188 -24.810482,-128.215548 -24.810482,-128.215548 -17.811008,-143.00188 -17.811008,-143.00188 -24.810482))",,POINT(-135.86456 -21.152845),-135.86456,-21.152845,"POLYGON((30.13401 -24.810482,44.920342 -24.810482,44.920342 -17.811008,30.13401 -17.811008,30.13401 -24.810482))",,POINT(37.27133 -21.152845),37.27133,-21.152845,"POLYGON((432.1182 -399.8736,607.398 -399.2568,637.182 -291.5916,453.321 -292.1646,432.1182 -399.8736))",,POINT(535.4682 -343.9776),0103000000010000000500000032E6AE25E4017B40925CFE43FAFD78C077BE9F1A2FFB8240CE1951DA1BF478C0FA7E6ABC74E9834005C58F31773972C04260E5D022557C40BF0E9C33A24272C032E6AE25E4017B40925CFE43FAFD78C0,636.432857820053187,535.4682,-343.9776,237.283854014,"POLYGON((0.623103 227.219439,0.769282 236.682153,0.741621 245.409895,0.570784 237.19829,0.623103 227.219439))",,POINT(0.673569420794763 237.283854013582),0.673569420795
284,11502.0,,HMI SHARP,HMI,SDO,11502,HMI,,,4.99999987369e-05,SDO,,cm,-7.41108322144,-17.317855835,-8.46004104614,-6.15114402771,"POLYGON((0.339152 155.484344,0.325174 161.626334,0.310619 160.63026,0.325371 154.232603,0.339152 155.484344))",,POINT(0.325855447385709 157.694420041431),"POLYGON((178.404069 -17.743996,-179.287034 -17.743996,-179.287034 -16.81327,178.404069 -16.81327,178.404069 -17.743996))",,POINT(179.453027 -17.317856),179.453027,-17.317856,"POLYGON((-8.460041 -17.743996,-6.151144 -17.743996,-6.151144 -16.81327,-8.460041 -16.81327,-8.460041 -17.743996))",,POINT(-7.411083 -17.317856),-7.411083,-17.317856,"POLYGON((-132.9696 -291.564,-96.8478 -291.5826,-97.341 -276.8814,-133.6464 -276.8628,-132.9696 -291.564))",,POINT(-116.8584 -284.8512),01030000000100000005000000744694F6069F60C01B2FDD24063972C02063EE5A423658C065AA6054523972C0E7FBA9F1D25558C01CEBE2361A4E71C04D840D4FAFB460C0D26F5F07CE4D71C0744694F6069F60C01B2FDD24063972C0,307.889739666654066,-116.8584,-284.8512,157.694420041,"POLYGON((0.339152 155.484344,0.325174 161.626334,0.310619 160.63026,0.325371 154.232603,0.339152 155.484344))",,POINT(0.325855447385709 157.694420041431),0.325855447386
285,11500.0,,HMI SHARP,HMI,SDO,"11500,11503",HMI,,,4.99999987369e-05,SDO,,cm,61.32421875,9.40406799316,58.8344078064,63.4567375183,"POLYGON((0.860872 279.812146,0.898662 279.404616,0.899905 281.677089,0.862626 282.18081,0.860872 279.812146))",,POINT(0.882533548262667 280.610512950327),"POLYGON((-114.301482 8.49435,-109.679152 8.49435,-109.679152 10.540274,-114.301482 10.540274,-114.301482 8.49435))",,POINT(-111.81167 9.404068),-111.81167,9.404068,"POLYGON((58.834408 8.49435,63.456738 8.49435,63.456738 10.540274,58.834408 10.540274,58.834408 8.49435))",,POINT(61.32422 9.404068),61.32422,9.404068,"POLYGON((801.51 138.6198,837.702 138.75,832.692 172.095,796.716 171.9768,801.51 138.6198))",,POINT(819.618 153.543),01030000000100000005000000AE47E17A140C8940F241CF66D5536140560E2DB29D2D8A400000000000586140A8C64B3789058A40D7A3703D0A8365407D3F355EBAE5884073D712F2417F6540AE47E17A140C8940F241CF66D5536140,833.875961263424301,819.618,153.543,280.61051295,"POLYGON((0.860872 279.812146,0.898662 279.404616,0.899905 281.677089,0.862626 282.18081,0.860872 279.812146))",,POINT(0.882533548262667 280.610512950327),0.882533548263
286,11507.0,,HMI SHARP,HMI,SDO,"11507,11508,11509",HMI,,,4.99999987369e-05,SDO,,cm,-72.563117981,-25.7075309753,-73.3676300049,-71.8060073853,"POLYGON((0.967882 117.152448,0.961498 117.355308,0.960938 116.515777,0.967411 116.317232,0.967882 117.152448))",,POINT(0.964392823642423 116.8166150934),"POLYGON((112.393529 -26.133397,113.955151 -26.133397,113.955151 -25.319079,112.393529 -25.319079,112.393529 -26.133397))",,POINT(113.19804 -25.707531),113.19804,-25.707531,"POLYGON((-73.367631 -26.133397,-71.806009 -26.133397,-71.806009 -25.319079,-73.367631 -25.319079,-73.367631 -26.133397))",,POINT(-72.56312 -25.707531),-72.56312,-25.707531,"POLYGON((-813.726 -417.345,-806.886 -417.4518,-812.442 -405.348,-819.324 -405.2418,-813.726 -417.345))",,POINT(-813.216 -411.081),010300000001000000050000002B8716D9CE6D89C0EC51B81E85157AC00C022B87163789C05305A3923A177AC0A8C64B37896389C021B07268915579C03BDF4F8D979A89C0C442AD69DE5379C02B8716D9CE6D89C0EC51B81E85157AC0,911.212297555844088,-813.216,-411.081,116.816615093,"POLYGON((0.967882 117.152448,0.961498 117.355308,0.960938 116.515777,0.967411 116.317232,0.967882 117.152448))",,POINT(0.964392823642423 116.8166150934),0.964392823642
287,11494.0,,HMI SHARP,HMI,SDO,"11494,11502",HMI,,,4.99999987369e-05,SDO,,cm,13.009475708,-17.7186889648,2.31081199646,20.9060230255,"POLYGON((0.413976 185.123395,0.526074 218.443513,0.424774 234.974669,0.2472 189.151475,0.413976 185.123395))",,POINT(0.376166045674021 214.923692205047),"POLYGON((-173.030978 -24.071632,-154.435767 -24.071632,-154.435767 -13.890946,-173.030978 -13.890946,-173.030978 -24.071632))",,POINT(-162.332314 -17.718689),-162.332314,-17.718689,"POLYGON((2.310812 -24.071632,20.906023 -24.071632,20.906023 -13.890946,2.310812 -13.890946,2.310812 -24.071632))",,POINT(13.009476 -17.718689),13.009476,-17.718689,"POLYGON((34.92954 -389.5812,309.0426 -389.307,328.6614 -230.3478,37.14756 -230.5932,34.92954 -389.5812))",,POINT(203.472 -291.4134),010300000001000000050000007429AE2AFB764140F7065F984C5978C0F46C567DAE507340F4FDD478E95478C031992A18958A74409031772D21CB6CC05019FF3EE392424097FF907EFBD26CC07429AE2AFB764140F7065F984C5978C0,355.418942212651359,203.472,-291.4134,214.923692205,"POLYGON((0.413976 185.123395,0.526074 218.443513,0.424774 234.974669,0.2472 189.151475,0.413976 185.123395))",,POINT(0.376166045674021 214.923692205047),0.376166045674
288,11496.0,,HMI SHARP,HMI,SDO,"11493,11496,11498,11499,11501",HMI,,,4.99999987369e-05,SDO,,cm,10.3327302933,13.4390487671,-15.664226532,36.9525413513,"POLYGON((0.272569 83.975423,0.603768 272.76031,0.672082 303.620579,0.449003 34.070701,0.272569 83.975423))",,POINT(0.28959274350488 322.76637437112),"POLYGON((168.993983 1.796727,-138.389249 1.796727,-138.389249 21.905201,168.993983 21.905201,168.993983 1.796727))",,POINT(-165.00906 13.439049),-165.00906,13.439049,"POLYGON((-15.664227 1.796727,36.952541 1.796727,36.952541 21.905201,-15.664227 21.905201,-15.664227 1.796727))",,POINT(10.33273 13.439049),10.33273,13.439049,"POLYGON((-256.113 27.02964,569.8056 27.4725,528.7902 351.6012,-237.6648 351.4164,-256.113 27.02964))",,POINT(165.5586 217.8498),010300000001000000050000002B8716D9CE0170C048A7AE7C96073B4043AD69DE71CE8140295C8FC2F5783B4065AA605452868040AF25E4839EF97540304CA60A46B56DC0DFE00B93A9F675402B8716D9CE0170C048A7AE7C96073B40,273.620513474410416,165.5586,217.8498,322.766374371,"POLYGON((0.272569 83.975423,0.603768 272.76031,0.672082 303.620579,0.449003 34.070701,0.272569 83.975423))",,POINT(0.28959274350488 322.76637437112),0.289592743505
289,11507.0,,HMI SHARP,HMI,SDO,"11507,11508,11509",HMI,,,4.99999987369e-05,SDO,,cm,-71.4450836182,-25.6749839783,-73.0613174438,-69.9376144409,"POLYGON((0.96682 117.397825,0.953334 117.834571,0.952386 116.671525,0.966143 116.247111,0.96682 117.397825))",,POINT(0.959634478272439 116.93472730595),"POLYGON((111.596892 -26.333071,114.720596 -26.333071,114.720596 -25.212065,111.596892 -25.212065,111.596892 -26.333071))",,POINT(113.21313 -25.674984),113.21313,-25.674984,"POLYGON((-73.061318 -26.333071,-69.937614 -26.333071,-69.937614 -25.212065,-73.061318 -25.212065,-73.061318 -26.333071))",,POINT(-71.44508 -25.674984),-71.44508,-25.674984,"POLYGON((-811.032 -420.36,-796.536 -420.5802,-804.108 -403.9236,-818.736 -403.7046,-811.032 -420.36))",,POINT(-808.35 -410.7156),01030000000100000005000000C74B3789415889C0F6285C8FC2457AC03F355EBA49E488C03A92CB7F48497AC0BE9F1A2FDD2089C05F29CB10C73E79C0D9CEF753E39589C0304CA60A463B79C0C74B3789415889C0F6285C8FC2457AC0,906.706692698008055,-808.35,-410.7156,116.934727306,"POLYGON((0.96682 117.397825,0.953334 117.834571,0.952386 116.671525,0.966143 116.247111,0.96682 117.397825))",,POINT(0.959634478272439 116.93472730595),0.959634478272
290,11497.0,,HMI SHARP,HMI,SDO,11497,HMI,,,4.99999987369e-05,SDO,,cm,39.4337425232,-21.2632923126,32.3977737427,46.8619995117,"POLYGON((0.647061 228.892452,0.787833 237.378936,0.762132 246.109154,0.598202 238.861576,0.647061 228.892452))",,POINT(0.69762619359413 238.355443185952),"POLYGON((-142.944016 -24.938843,-128.47979 -24.938843,-128.47979 -17.806137,-142.944016 -17.806137,-142.944016 -24.938843))",,POINT(-135.908047 -21.263292),-135.908047,-21.263292,"POLYGON((32.397774 -24.938843,46.862 -24.938843,46.862 -17.806137,32.397774 -17.806137,32.397774 -24.938843))",,POINT(39.433743 -21.263292),39.433743,-21.263292,"POLYGON((460.6554 -401.9622,626.958 -401.2812,658.398 -291.636,483.774 -292.2738,460.6554 -401.9622))",,POINT(561.1464 -345.8214),01030000000100000005000000C6DCB5847CCA7C4061C3D32B651F79C08B6CE7FBA99783402A3A92CB7F1479C077BE9F1A2F9384401904560E2D3A72C0AAF1D24D623C7E4051DA1B7C614472C0C6DCB5847CCA7C4061C3D32B651F79C0,659.149241773757922,561.1464,-345.8214,238.355443186,"POLYGON((0.647061 228.892452,0.787833 237.378936,0.762132 246.109154,0.598202 238.861576,0.647061 228.892452))",,POINT(0.69762619359413 238.355443185952),0.697626193594
291,11502.0,,HMI SHARP,HMI,SDO,11502,HMI,,,4.99999987369e-05,SDO,,cm,-5.18639278412,-17.5177669525,-6.49294185638,-4.03714084625,"POLYGON((0.331121 160.960012,0.320165 167.87409,0.301418 167.023687,0.313177 159.688916,0.331121 160.960012))",,POINT(0.317207957688233 164.160386270966),"POLYGON((178.165268 -17.988773,-179.378931 -17.988773,-179.378931 -16.833211,178.165268 -16.833211,178.165268 -17.988773))",,POINT(179.471817 -17.517767),179.471817,-17.517767,"POLYGON((-6.492942 -17.988773,-4.037141 -17.988773,-4.037141 -16.833211,-6.492942 -16.833211,-6.492942 -17.988773))",,POINT(-5.186393 -17.517767),-5.186393,-17.517767,"POLYGON((-102.063 -295.7418,-63.5448 -295.7574,-63.9498 -277.5204,-102.7134 -277.5054,-102.063 -295.7418))",,POINT(-81.8052 -288.3324),0103000000010000000500000079E92631088459C0C442AD69DE7B72C02F6EA301BCC54FC0D95F764F1E7C72C0D3DEE00B93F94FC06A4DF38E535871C0D93D7958A8AD59C060764F1E165871C079E92631088459C0C442AD69DE7B72C0,299.712635097020893,-81.8052,-288.3324,164.160386271,"POLYGON((0.331121 160.960012,0.320165 167.87409,0.301418 167.023687,0.313177 159.688916,0.331121 160.960012))",,POINT(0.317207957688233 164.160386270966),0.317207957688
292,11494.0,,HMI SHARP,HMI,SDO,"11494,11502",HMI,,,4.99999987369e-05,SDO,,cm,15.2271080017,-17.7272834778,4.39565086365,23.1221790314,"POLYGON((0.418314 189.672053,0.547104 221.144728,0.454333 237.385983,0.256342 196.946394,0.418314 189.672053))",,POINT(0.398129065084738 219.126331064586),"POLYGON((-173.152049 -24.054979,-154.425521 -24.054979,-154.425521 -13.939489,-173.152049 -13.939489,-173.152049 -24.054979))",,POINT(-162.320592 -17.727283),-162.320592,-17.727283,"POLYGON((4.395651 -24.054979,23.122179 -24.054979,23.122179 -13.939489,4.395651 -13.939489,4.395651 -24.054979))",,POINT(15.227108 -17.727283),15.227108,-17.727283,"POLYGON((66.4026 -389.6154,340.113 -389.265,361.5792 -231.3642,70.5954 -231.6822,66.4026 -389.6154))",,POINT(237.3708 -291.8106),01030000000100000005000000A857CA32C4995040569FABADD85978C02B8716D9CE4175400AD7A3703D5478C07E1D3867449976408126C286A7EB6CC075029A081BA65140992A1895D4F56CC0A857CA32C4995040569FABADD85978C0,376.162628347101986,237.3708,-291.8106,219.126331065,"POLYGON((0.418314 189.672053,0.547104 221.144728,0.454333 237.385983,0.256342 196.946394,0.418314 189.672053))",,POINT(0.398129065084738 219.126331064586),0.398129065085
293,11497.0,,HMI SHARP,HMI,SDO,11497,HMI,,,4.99999987369e-05,SDO,,cm,41.7127799988,-21.3264408112,34.7010345459,48.968711853,"POLYGON((0.670791 230.518232,0.806981 238.160621,0.783916 246.687515,0.626358 240.231608,0.670791 230.518232))",,POINT(0.722124792349875 239.438966524751),"POLYGON((-142.846666 -24.997093,-128.578988 -24.997093,-128.578988 -17.894219,-142.846666 -17.894219,-142.846666 -24.997093))",,POINT(-135.83492 -21.32644),-135.83492,-21.32644,"POLYGON((34.701034 -24.997093,48.968712 -24.997093,48.968712 -17.894219,34.701034 -17.894219,34.701034 -24.997093))",,POINT(41.71278 -21.32644),41.71278,-21.32644,"POLYGON((489.1692 -402.9786,647.73 -402.2262,680.196 -293.1144,513.705 -293.8254,489.1692 -402.9786))",,POINT(587.505 -346.9104),01030000000100000005000000BB270F0BB5927E40D93D7958A82F79C0A4703D0AD73D8440AF25E4839E2379C021B0726891418540992A1895D45172C0713D0AD7A30D8040E561A1D6345D72C0BB270F0BB5927E40D93D7958A82F79C0,682.282163516796004,587.505,-346.9104,239.438966525,"POLYGON((0.670791 230.518232,0.806981 238.160621,0.783916 246.687515,0.626358 240.231608,0.670791 230.518232))",,POINT(0.722124792349875 239.438966524751),0.72212479235
294,11507.0,,HMI SHARP,HMI,SDO,"11507,11508,11509",HMI,,,4.99999987369e-05,SDO,,cm,-69.1970443726,-25.5879650116,-70.8363113403,-67.5853118896,"POLYGON((0.957583 117.834403,0.941939 118.355709,0.940495 116.931462,0.95653 116.427531,0.957583 117.834403))",,POINT(0.949183618766771 117.181594010959),"POLYGON((111.615985 -26.457446,114.866985 -26.457446,114.866985 -25.09686,111.615985 -25.09686,111.615985 -26.457446))",,POINT(113.255256 -25.587965),113.255256,-25.587965,"POLYGON((-70.836315 -26.457446,-67.585315 -26.457446,-67.585315 -25.09686,-70.836315 -25.09686,-70.836315 -26.457446))",,POINT(-69.197044 -25.587965),-69.197044,-25.587965,"POLYGON((-800.07 -422.4432,-783.186 -422.685,-792.234 -402.4704,-809.31 -402.2298,-800.07 -422.4432))",,POINT(-797.772 -409.6752),01030000000100000005000000C3F5285C8F0089C06519E25817677AC0736891ED7C7988C0295C8FC2F56A7AC01D5A643BDFC188C09D8026C2862779C014AE47E17A4A89C0EFC9C342AD2379C0C3F5285C8F0089C06519E25817677AC0,896.813209915554239,-797.772,-409.6752,117.181594011,"POLYGON((0.957583 117.834403,0.941939 118.355709,0.940495 116.931462,0.95653 116.427531,0.957583 117.834403))",,POINT(0.949183618766771 117.181594010959),0.949183618767
295,11496.0,,HMI SHARP,HMI,SDO,"11493,11496,11498,11499,11501",HMI,,,4.99999987369e-05,SDO,,cm,12.0444726944,13.4674806595,-14.1426229477,38.5442733765,"POLYGON((0.247454 82.380444,0.625851 273.060126,0.687896 302.379401,0.432977 31.772154,0.247454 82.380444))",,POINT(0.307861547432362 318.542794132796),"POLYGON((168.309677 2.057242,-139.003425 2.057242,-139.003425 21.689686,168.309677 21.689686,168.309677 2.057242))",,POINT(-165.503227 13.467481),-165.503227,13.467481,"POLYGON((-14.142623 2.057242,38.544275 2.057242,38.544275 21.689686,-14.142623 21.689686,-14.142623 2.057242))",,POINT(12.044473 13.467481),12.044473,13.467481,"POLYGON((-231.7368 31.0008,590.4768 31.56696,548.889 348.0588,-215.4024 347.7858,-231.7368 31.0008))",,POINT(192.5772 217.9968),010300000001000000050000002BF697DD93F76CC039D6C56D34003F40DDB5847CD0738240E223624A24913F40273108AC1C27814014D044D8F0C0754022FDF675E0EC6AC0265305A392BC75402BF697DD93F76CC039D6C56D34003F40,290.875545156480996,192.5772,217.9968,318.542794133,"POLYGON((0.247454 82.380444,0.625851 273.060126,0.687896 302.379401,0.432977 31.772154,0.247454 82.380444))",,POINT(0.307861547432362 318.542794132796),0.307861547432
296,11494.0,,HMI SHARP,HMI,SDO,"11494,11502",HMI,,,4.99999987369e-05,SDO,,cm,17.4632492065,-17.6686172485,6.69034719467,25.2715530396,"POLYGON((0.425334 194.553685,0.56779 223.591965,0.483109 239.426016,0.271082 204.765147,0.425334 194.553685))",,POINT(0.421186626423745 222.978672406652),"POLYGON((-173.063263 -23.99353,-154.482057 -23.99353,-154.482057 -13.975808,-173.063263 -13.975808,-173.063263 -23.99353))",,POINT(-162.29036 -17.668617),-162.29036,-17.668617,"POLYGON((6.690347 -23.99353,25.271553 -23.99353,25.271553 -13.975808,6.690347 -13.975808,6.690347 -23.99353))",,POINT(17.46325 -17.668617),17.46325,-17.668617,"POLYGON((100.9818 -388.9638,369.8928 -388.5348,392.9862 -232.1706,107.2884 -232.5648,100.9818 -388.9638))",,POINT(271.2858 -291.1356),010300000001000000050000009FCDAACFD53E5940287E8CB96B4F78C0E71DA7E8481E77406ADE718A8E4878C00BB5A679C78F78405396218E75056DC0A60A462575D25A40FC1873D712126DC09FCDAACFD53E5940287E8CB96B4F78C0,397.93959701065188,271.2858,-291.1356,222.978672407,"POLYGON((0.425334 194.553685,0.56779 223.591965,0.483109 239.426016,0.271082 204.765147,0.425334 194.553685))",,POINT(0.421186626423745 222.978672406652),0.421186626424
297,11496.0,,HMI SHARP,HMI,SDO,"11493,11496,11498,11499,11501",HMI,,,4.99999987369e-05,SDO,,cm,13.9290180206,13.55697155,-12.0188713074,40.7468795776,"POLYGON((0.211864 80.601509,0.655477 273.093872,0.710096 300.879623,0.412785 28.128859,0.211864 80.601509))",,POINT(0.330203705915365 314.620383731331),"POLYGON((168.227519 2.180385,-139.006731 2.180385,-139.006731 21.460943,168.227519 21.460943,168.227519 2.180385))",,POINT(-165.824592 13.556972),-165.824592,13.556972,"POLYGON((-12.018871 2.180385,40.746879 2.180385,40.746879 21.460943,-12.018871 21.460943,-12.018871 2.180385))",,POINT(13.929018 13.556972),13.929018,13.556972,"POLYGON((-197.4834 32.68782,618.396 33.4248,575.8008 344.3316,-183.8688 343.9386,-197.4834 32.68782))",,POINT(222.0588 219.1356),010300000001000000050000005DDC460378AF68C072C45A7C0A584040BA490C022B5383409FABADD85FB640401895D40968FE8140A835CD3B4E8575407958A835CDFB66C069006F81047F75405DDC460378AF68C072C45A7C0A584040,311.978399644590809,222.0588,219.1356,314.620383731,"POLYGON((0.211864 80.601509,0.655477 273.093872,0.710096 300.879623,0.412785 28.128859,0.211864 80.601509))",,POINT(0.330203705915365 314.620383731331),0.330203705915
298,11507.0,,HMI SHARP,HMI,SDO,"11507,11508,11509",HMI,,,4.99999987369e-05,SDO,,cm,-69.7516479492,-25.4335899353,-85.7278747559,-65.2823410034,"POLYGON((0.998185 116.550086,0.92956 118.808084,0.926282 116.086409,0.998086 113.975318,0.998185 116.550086))",,POINT(0.951781229664556 116.941315344229),"POLYGON((94.518513 -26.473884,114.964047 -26.473884,114.964047 -23.903088,94.518513 -23.903088,94.518513 -26.473884))",,POINT(110.49474 -25.43359),110.49474,-25.43359,"POLYGON((-85.727877 -26.473884,-65.282343 -26.473884,-65.282343 -23.903088,-85.727877 -23.903088,-85.727877 -26.473884))",,POINT(-69.75165 -25.43359),-69.75165,-25.43359,"POLYGON((-843.636 -421.5426,-769.56 -423.2106,-786.006 -384.8292,-861.636 -383.1804,-843.636 -421.5426))",,POINT(-801.654 -407.4294),010300000001000000050000000C022B87165D8AC0F46C567DAE587AC014AE47E17A0C88C09A081B9E5E737AC0355EBA490C9088C07E1D3867440D78C00C022B8716ED8AC02D431CEBE2F277C00C022B87165D8AC0F46C567DAE587AC0,899.248492742890221,-801.654,-407.4294,116.941315344,"POLYGON((0.998185 116.550086,0.92956 118.808084,0.926282 116.086409,0.998086 113.975318,0.998185 116.550086))",,POINT(0.951781229664556 116.941315344229),0.951781229665
299,11497.0,,HMI SHARP,HMI,SDO,11497,HMI,,,4.99999987369e-05,SDO,,cm,43.918888092,-21.3075885773,37.0036659241,51.1407775879,"POLYGON((0.694063 232.039486,0.825867 238.943307,0.805034 247.432495,0.653154 241.686937,0.694063 232.039486))",,POINT(0.744885113040777 240.4844926849),"POLYGON((-142.749946 -25.014705,-128.612834 -25.014705,-128.612834 -17.812519,-142.749946 -17.812519,-142.749946 -25.014705))",,POINT(-135.834722 -21.307589),-135.834722,-21.307589,"POLYGON((37.003664 -25.014705,51.140776 -25.014705,51.140776 -17.812519,37.003664 -17.812519,37.003664 -25.014705))",,POINT(43.918888 -21.307589),43.918888,-21.307589,"POLYGON((517.02 -403.3668,668.436 -402.5376,702.36 -291.897,543.279 -292.6854,517.02 -403.3668))",,POINT(612.438 -346.7196),010300000001000000050000005C8FC2F528288040C442AD69DE3579C0736891ED7CE38440462575029A2879C07B14AE47E1F285403108AC1C5A3E72C0AC1C5A643BFA8040DB8AFD65F74A72C05C8FC2F528288040C442AD69DE3579C0,703.771827276539966,612.438,-346.7196,240.484492685,"POLYGON((0.694063 232.039486,0.825867 238.943307,0.805034 247.432495,0.653154 241.686937,0.694063 232.039486))",,POINT(0.744885113040777 240.4844926849),0.744885113041
300,11494.0,DSO,SWPC,nil,nil,,various,,,5e-05,various,,cm,19.0,-18.0,14.0,24.0,"POLYGON((0.391208 216.17198,0.500178 230.889009,0.498017 231.296433,0.388084 216.569723,0.391208 216.17198))",,POINT(0.441618179746121 224.751637483585),"POLYGON((-165.75361 -18.123758,-155.75361 -18.123758,-155.75361 -17.876242,-165.75361 -17.876242,-165.75361 -18.123758))",,POINT(-160.75361 -18),-160.75361,-18.0,"POLYGON((14 -18.123758,24 -18.123758,24 -17.876242,14 -17.876242,14 -18.123758))",,POINT(19 -18),19.0,-18.0,"POLYGON((218.151 -298.3716,366.6798 -298.1094,367.197 -294.2178,218.4588 -294.48,218.151 -298.3716))",,POINT(293.754 -296.3118),0103000000010000000500000046B6F3FDD4446B401973D712F2A572C022FDF675E0EA7640EBE2361AC0A172C0FED478E926F376401A51DA1B7C6372C0F46C567DAE4E6B4048E17A14AE6772C046B6F3FDD4446B401973D712F2A572C0,417.243448522849803,293.754,-296.3118,224.751637484,"POLYGON((0.391208 216.17198,0.500178 230.889009,0.498017 231.296433,0.388084 216.569723,0.391208 216.17198))",,POINT(0.441618179746121 224.751637483585),0.441618179746
301,11499.0,CAI,SWPC,nil,nil,,various,,,5e-05,various,,cm,9.0,15.0,-0.5,18.5,"POLYGON((0.256349 1.89282,0.400563 309.787265,0.400774 309.830505,0.256717 1.889906,0.256349 1.89282))",,POINT(0.297971159663299 329.380049913695),"POLYGON((179.74639 14.989144,-161.25361 14.989144,-161.25361 15.010856,179.74639 15.010856,179.74639 14.989144))",,POINT(-170.75361 15),-170.75361,15.0,"POLYGON((-0.5 14.989144,18.5 14.989144,18.5 15.010856,-0.5 15.010856,-0.5 14.989144))",,POINT(9 15),9.0,15.0,"POLYGON((-7.99986 242.0682,290.814 242.1876,290.7846 242.535,-7.99902 242.4162,-7.99986 242.0682))",,POINT(143.3922 242.2704),010300000001000000050000007250C24CDBFF1FC0CA32C4B12E426E401B2FDD24062D72405917B7D100466E4011C7BAB88D2C724085EB51B81E516E401E335019FFFE1FC00C93A982514D6E407250C24CDBFF1FC0CA32C4B12E426E40,281.524900740591647,143.3922,242.2704,329.380049914,"POLYGON((0.256349 1.89282,0.400563 309.787265,0.400774 309.830505,0.256717 1.889906,0.256349 1.89282))",,POINT(0.297971159663299 329.380049913695),0.297971159663
302,11498.0,CAO,SWPC,nil,nil,,various,,,5e-05,various,,cm,11.0,6.0,8.0,14.0,"POLYGON((0.171199 305.681149,0.261544 292.460081,0.262633 293.070941,0.17293 306.496506,0.171199 305.681149))",,POINT(0.215901636521695 298.006929031583),"POLYGON((-171.75361 5.914056,-165.75361 5.914056,-165.75361 6.085944,-171.75361 6.085944,-171.75361 5.914056))",,POINT(-168.75361 6),-168.75361,6.0,"POLYGON((8 5.914056,14 5.914056,14 6.085944,8 6.085944,8 5.914056))",,POINT(11 6),11.0,6.0,"POLYGON((131.3856 94.3446,228.3642 94.4052,228.2916 97.2378,131.3442 97.1772,131.3856 94.3446))",,POINT(180.0966 95.787),01030000000100000005000000CEAACFD5566C6040E78C28ED0D9657408126C286A78B6C40B515FBCBEE9957406FF085C954896C4048BF7D1D384F584010E9B7AF036B60407A36AB3E574B5840CEAACFD5566C6040E78C28ED0D965740,203.985133528303976,180.0966,95.787,298.006929032,"POLYGON((0.171199 305.681149,0.261544 292.460081,0.262633 293.070941,0.17293 306.496506,0.171199 305.681149))",,POINT(0.215901636521695 298.006929031583),0.215901636522
303,11497.0,DAI,SWPC,nil,nil,,various,,,5e-05,various,,cm,44.0,-21.0,39.5,48.5,"POLYGON((0.698249 238.446119,0.789616 242.480065,0.788333 242.951483,0.696279 238.959205,0.698249 238.446119))",,POINT(0.744438650984383 240.908091376392),"POLYGON((-140.25361 -21.194805,-131.25361 -21.194805,-131.25361 -20.805195,-140.25361 -20.805195,-140.25361 -21.194805))",,POINT(-135.75361 -21),-135.75361,-21.0,"POLYGON((39.5 -21.194805,48.5 -21.194805,48.5 -20.805195,39.5 -20.805195,39.5 -21.194805))",,POINT(44 -21),44.0,-21.0,"POLYGON((562.1706 -345.2262,661.62 -344.7102,663.354 -338.7036,563.6448 -339.2184,562.1706 -345.2262))",,POINT(614.616 -341.9772),01030000000100000005000000956588635D918140AF25E4839E9375C0295C8FC2F5AC8440E8D9ACFA5C8B75C046B6F3FDD4BA844073D712F2412B75C0B003E78C289D81402497FF907E3375C0956588635D918140AF25E4839E9375C0,703.350007304926407,614.616,-341.9772,240.908091376,"POLYGON((0.698249 238.446119,0.789616 242.480065,0.788333 242.951483,0.696279 238.959205,0.698249 238.446119))",,POINT(0.744438650984383 240.908091376392),0.744438650984
304,11496.0,HAX,SWPC,nil,nil,,various,,,5e-05,various,,cm,24.0,16.0,23.5,24.5,"POLYGON((0.470458 305.025379,0.483152 303.979395,0.486391 304.713222,0.473835 305.769369,0.470458 305.025379))",,POINT(0.478444660471337 304.865128306819),"POLYGON((-156.25361 15.793736,-155.25361 15.793736,-155.25361 16.206264,-156.25361 16.206264,-156.25361 15.793736))",,POINT(-155.75361 16),-155.75361,16.0,"POLYGON((23.5 15.793736,24.5 15.793736,24.5 16.206264,23.5 16.206264,23.5 15.793736))",,POINT(24 16),24.0,16.0,"POLYGON((363.993 255.111,378.5352 255.1272,377.7516 261.6966,363.2388 261.681,363.993 255.111))",,POINT(370.8966 258.4056),01030000000100000005000000D9CEF753E3BF7640643BDF4F8DE36F401B0DE02D90A87740A301BC0512E46F40C7BAB88D069C77404CA60A46255B70408FE4F21FD2B3764037894160E55A7040D9CEF753E3BF7640643BDF4F8DE36F40,452.037323683476359,370.8966,258.4056,304.865128307,"POLYGON((0.470458 305.025379,0.483152 303.979395,0.486391 304.713222,0.473835 305.769369,0.470458 305.025379))",,POINT(0.478444660471337 304.865128306819),0.478444660471
305,11493.0,EAI,SWPC,nil,nil,,various,,,5e-05,various,,cm,33.0,15.0,26.0,40.0,"POLYGON((0.496069 300.986198,0.673639 292.309139,0.674192 292.519104,0.497107 301.250226,0.496069 300.986198))",,POINT(0.58717254243213 295.933491168333),"POLYGON((-153.75361 14.926334,-139.75361 14.926334,-139.75361 15.073666,-153.75361 15.073666,-153.75361 14.926334))",,POINT(-146.75361 15),-146.75361,15.0,"POLYGON((26 14.926334,40 14.926334,40 15.073666,26 15.073666,26 14.926334))",,POINT(33 15),33.0,15.0,"POLYGON((401.8032 241.296,588.819 241.602,588.4122 243.9582,401.5248 243.6534,401.8032 241.296))",,POINT(498.9006 242.6136),010300000001000000050000005B423EE8D91C7940B6F3FDD478296E40643BDF4F8D6682402506819543336E404A7B832F4C638240DFE00B93A97E6E400E4FAF94651879409BE61DA7E8746E405B423EE8D91C7940B6F3FDD478296E40,554.764064792700879,498.9006,242.6136,295.933491168,"POLYGON((0.496069 300.986198,0.673639 292.309139,0.674192 292.519104,0.497107 301.250226,0.496069 300.986198))",,POINT(0.58717254243213 295.933491168333),0.587172542432
306,11494.0,,HMI SHARP,HMI,SDO,"11494,11502",HMI,,,4.99999987369e-05,SDO,,cm,19.6167678833,-17.694360733,9.05674743652,27.4675102234,"POLYGON((0.433639 199.482884,0.588325 226.056778,0.512285 241.302702,0.290343 211.899243,0.433639 199.482884))",,POINT(0.445558927427454 226.121668029978),"POLYGON((-172.902782 -23.795489,-154.49202 -23.795489,-154.49202 -13.977777,-172.902782 -13.977777,-172.902782 -23.795489))",,POINT(-162.342762 -17.69436),-162.342762,-17.69436,"POLYGON((9.056748 -23.795489,27.46751 -23.795489,27.46751 -13.977777,9.056748 -13.977777,9.056748 -23.795489))",,POINT(19.616768 -17.69436),19.616768,-17.69436,"POLYGON((136.644 -386.2374,400.221 -385.7232,424.5498 -232.4082,144.954 -232.8852,136.644 -386.2374))",,POINT(303.432 -291.7782),01030000000100000005000000F853E3A59B1461402041F163CC2378C0A8C64B37890379407AC7293A921B78C074B515FBCB887A40454772F90F0D6DC04A0C022B871E62406A4DF38E531C6DC0F853E3A59B1461402041F163CC2378C0,420.957832352885418,303.432,-291.7782,226.12166803,"POLYGON((0.433639 199.482884,0.588325 226.056778,0.512285 241.302702,0.290343 211.899243,0.433639 199.482884))",,POINT(0.445558927427454 226.121668029978),0.445558927427
307,11496.0,,HMI SHARP,HMI,SDO,"11493,11496,11498,11499,11501",HMI,,,4.99999987369e-05,SDO,,cm,16.0720367432,13.6591091156,-9.76069259644,42.9535903931,"POLYGON((0.174025 77.909382,0.68417 273.13657,0.733223 299.844061,0.397269 23.499088,0.174025 77.909382))",,POINT(0.357011600468614 310.820090648598),"POLYGON((168.279778 2.307497,-139.00594 2.307497,-139.00594 21.499419,168.279778 21.499419,168.279778 2.307497))",,POINT(-165.887493 13.659109),-165.887493,13.659109,"POLYGON((-9.760692 2.307497,42.95359 2.307497,42.95359 21.499419,-9.760692 21.499419,-9.760692 2.307497))",,POINT(16.072037 13.659109),16.072037,13.659109,"POLYGON((-160.7694 34.43844,645.426 35.3682,600.87 344.7354,-149.6586 344.2062,-160.7694 34.43844))",,POINT(255.2568 220.488),010300000001000000050000005BB1BFEC9E1864C00EA14ACD1E384140C520B072682B84409031772D21AF4140295C8FC2F5C68240A857CA32C48B7540A9A44E4013B562C0F7065F984C8375405BB1BFEC9E1864C00EA14ACD1E384140,337.299558390223751,255.2568,220.488,310.820090649,"POLYGON((0.174025 77.909382,0.68417 273.13657,0.733223 299.844061,0.397269 23.499088,0.174025 77.909382))",,POINT(0.357011600468614 310.820090648598),0.357011600469
308,11497.0,,HMI SHARP,HMI,SDO,11497,HMI,,,4.99999987369e-05,SDO,,cm,46.1012153625,-21.3153324127,39.2095336914,53.2491607666,"POLYGON((0.715921 233.403419,0.843391 239.673198,0.824496 248.210473,0.67797 243.078015,0.715921 233.403419))",,POINT(0.766885660298161 241.392357632966),"POLYGON((-142.749997 -24.999565,-128.710369 -24.999565,-128.710369 -17.634987,-142.749997 -17.634987,-142.749997 -24.999565))",,POINT(-135.858315 -21.315332),-135.858315,-21.315332,"POLYGON((39.209533 -24.999565,53.249161 -24.999565,53.249161 -17.634987,39.209533 -17.634987,39.209533 -24.999565))",,POINT(46.101215 -21.315332),46.101215,-21.315332,"POLYGON((543.0432 -403.2492,687.786 -402.3414,723.318 -289.1532,571.1178 -290.0202,543.0432 -403.2492))",,POINT(636.09 -346.9176),010300000001000000050000007FD93D7958F880409CA223B9FC3379C03F355EBA497E8540ACADD85F762579C0068195438B9A8640F5DBD781731272C0C05B2041F1D8814011363CBD522072C07FD93D7958F880409CA223B9FC3379C0,724.542827781601886,636.09,-346.9176,241.392357633,"POLYGON((0.715921 233.403419,0.843391 239.673198,0.824496 248.210473,0.67797 243.078015,0.715921 233.403419))",,POINT(0.766885660298161 241.392357632966),0.766885660298
309,11507.0,,HMI SHARP,HMI,SDO,"11507,11508,11509",HMI,,,4.99999987369e-05,SDO,,cm,-70.0934906006,-25.1692314148,-84.2583084106,-62.9118423462,"POLYGON((0.996555 116.759658,0.915903 119.472996,0.911148 116.152531,0.996345 113.650122,0.996555 116.759658))",,POINT(0.953229075267311 116.621453665382),"POLYGON((93.782162 -26.625536,115.128628 -26.625536,115.128628 -23.525044,93.782162 -23.525044,93.782162 -26.625536))",,POINT(107.94698 -25.169231),107.94698,-25.169231,"POLYGON((-84.258308 -26.625536,-62.911842 -26.625536,-62.911842 -23.525044,-84.258308 -23.525044,-84.258308 -26.625536))",,POINT(-70.09349 -25.169231),-70.09349,-25.169231,"POLYGON((-840.696 -423.9234,-753.348 -425.7552,-772.71 -379.4256,-862.272 -377.616,-840.696 -423.9234))",,POINT(-805.122 -403.5522),0103000000010000000500000021B0726891458AC00612143FC67E7AC0105839B4C88A87C0075F984C159C7AC048E17A14AE2588C0D712F241CFB677C01904560E2DF28AC060E5D022DB9977C021B0726891458AC00612143FC67E7AC0,900.597475573210772,-805.122,-403.5522,116.621453665,"POLYGON((0.996555 116.759658,0.915903 119.472996,0.911148 116.152531,0.996345 113.650122,0.996555 116.759658))",,POINT(0.953229075267311 116.621453665382),0.953229075267
310,11502.0,,HMI SHARP,HMI,SDO,11502,HMI,,,4.99999987369e-05,SDO,,cm,1.62733900547,-17.632144928,-0.125418946147,2.92313098907,"POLYGON((0.318034 179.623794,0.321719 188.697264,0.298473 189.454923,0.294433 179.590444,0.318034 179.623794))",,POINT(0.309290124430788 185.042157404963),"POLYGON((177.915051 -18.228715,-179.036399 -18.228715,-179.036399 -16.814353,177.915051 -16.814353,177.915051 -18.228715))",,POINT(179.667809 -17.632145),179.667809,-17.632145,"POLYGON((-0.125419 -18.228715,2.923131 -18.228715,2.923131 -16.814353,-0.125419 -16.814353,-0.125419 -18.228715))",,POINT(1.627339 -17.632145),1.627339,-17.632145,"POLYGON((-1.972908 -300.4674,45.96228 -300.4608,46.32348 -278.1624,-1.988412 -278.169,-1.972908 -300.4674))",,POINT(25.68222 -291.0822),01030000000100000005000000AF44A0FA0791FFBF68226C787AC772C025CCB4FD2BFB4640F31FD26F5FC772C07E74EACA67294740ED0DBE30996271C04F95EF1989D0FFBF62105839B46271C0AF44A0FA0791FFBF68226C787AC772C0,292.212976407565463,25.68222,-291.0822,185.042157405,"POLYGON((0.318034 179.623794,0.321719 188.697264,0.298473 189.454923,0.294433 179.590444,0.318034 179.623794))",,POINT(0.309290124430788 185.042157404963),0.309290124431
311,11494.0,,HMI SHARP,HMI,SDO,"11494,11502",HMI,,,4.99999987369e-05,SDO,,cm,21.71367836,-17.7259750366,11.1345767975,29.6301517487,"POLYGON((0.442737 203.668391,0.608898 228.325697,0.54114 242.854589,0.310915 217.247309,0.442737 203.668391))",,POINT(0.470163540918768 228.814795604054),"POLYGON((-173.030883 -23.570937,-154.535309 -23.570937,-154.535309 -14.018937,-173.030883 -14.018937,-173.030883 -23.570937))",,POINT(-162.451782 -17.725975),-162.451782,-17.725975,"POLYGON((11.134577 -23.570937,29.630151 -23.570937,29.630151 -14.018937,11.134577 -14.018937,11.134577 -23.570937))",,POINT(21.713678 -17.725975),21.713678,-17.725975,"POLYGON((167.9166 -383.0988,429.687 -382.4916,454.9374 -233.2584,177.789 -233.8272,167.9166 -383.0988))",,POINT(334.2942 -292.5),010300000001000000050000006FF085C954FD6440840D4FAF94F177C0A245B6F3FDDA7A406B2BF697DDE777C054742497FF6E7C402AA913D044286DC06891ED7C3F3966400A68226C783A6DC06FF085C954FD6440840D4FAF94F177C0,444.194621932368761,334.2942,-292.5,228.814795604,"POLYGON((0.442737 203.668391,0.608898 228.325697,0.54114 242.854589,0.310915 217.247309,0.442737 203.668391))",,POINT(0.470163540918768 228.814795604054),0.470163540919
312,11507.0,,HMI SHARP,HMI,SDO,"11507,11508,11509",HMI,,,4.99999987369e-05,SDO,,cm,-67.1316452026,-25.2439022064,-82.0596008301,-60.9696006775,"POLYGON((0.993134 116.825612,0.903647 119.879868,0.898177 116.529613,0.992735 113.710651,0.993134 116.825612))",,POINT(0.938394731269494 117.18362354858),"POLYGON((93.774942 -26.576243,114.864938 -26.576243,114.864938 -23.479031,93.774942 -23.479031,93.774942 -26.576243))",,POINT(108.702895 -25.243902),108.702895,-25.243902,"POLYGON((-82.059598 -26.576243,-60.969602 -26.576243,-60.969602 -23.479031,-82.059598 -23.479031,-82.059598 -26.576243))",,POINT(-67.131645 -25.243902),-67.131645,-25.243902,"POLYGON((-837.306 -423.4236,-740.25 -425.3166,-759.216 -379.0212,-858.732 -377.1474,-837.306 -423.4236))",,POINT(-788.64 -405.021),010300000001000000050000009CC420B0722A8AC05F29CB10C7767AC000000000002287C09E5E29CB10957AC07D3F355EBAB987C0CEAACFD556B077C060E5D022DBD58AC0E3361AC05B9277C09CC420B0722A8AC05F29CB10C7767AC0,886.563624361500615,-788.64,-405.021,117.183623549,"POLYGON((0.993134 116.825612,0.903647 119.879868,0.898177 116.529613,0.992735 113.710651,0.993134 116.825612))",,POINT(0.938394731269494 117.18362354858),0.938394731269
313,11497.0,,HMI SHARP,HMI,SDO,11497,HMI,,,4.99999987369e-05,SDO,,cm,48.2003364563,-21.4233570099,41.2857322693,55.2479743958,"POLYGON((0.736747 234.449915,0.859594 240.191226,0.842514 248.708267,0.70161 244.05727,0.736747 234.449915))",,POINT(0.787734129651001 242.065451647572),"POLYGON((-142.879728 -25.089875,-128.917486 -25.089875,-128.917486 -17.625151,-142.879728 -17.625151,-142.879728 -25.089875))",,POINT(-135.965124 -21.423357),-135.965124,-21.423357,"POLYGON((41.285732 -25.089875,55.247974 -25.089875,55.247974 -17.625151,41.285732 -17.625151,41.285732 -25.089875))",,POINT(48.200336 -21.423357),48.200336,-21.423357,"POLYGON((566.3148 -404.6958,704.664 -403.7082,741.648 -289.0332,596.0622 -289.9818,566.3148 -404.6958))",,POINT(657.51 -348.6414),010300000001000000050000003FC6DCB584B28140E9482EFF214B79C05A643BDF4F0586406FF085C9543B79C077BE9F1A2F2D8740A323B9FC871072C07DAEB6627FA0824068B3EA73B51F72C03FC6DCB584B28140E9482EFF214B79C0,744.224580280683767,657.51,-348.6414,242.065451648,"POLYGON((0.736747 234.449915,0.859594 240.191226,0.842514 248.708267,0.70161 244.05727,0.736747 234.449915))",,POINT(0.787734129651001 242.065451647572),0.787734129651
314,11496.0,,HMI SHARP,HMI,SDO,"11493,11496,11498,11499,11501",HMI,,,4.99999987369e-05,SDO,,cm,17.8168773651,13.7169513702,-7.61141586304,45.4095840454,"POLYGON((0.138014 74.423652,0.71486 273.069798,0.758188 298.789032,0.384836 18.756138,0.138014 74.423652))",,POINT(0.379336023316245 308.098965007497),"POLYGON((168.223124 2.363419,-138.755876 2.363419,-138.755876 21.524881,168.223124 21.524881,168.223124 2.363419))",,POINT(-166.348583 13.716951),-166.348583,13.716951,"POLYGON((-7.611416 2.363419,45.409584 2.363419,45.409584 21.524881,-7.611416 21.524881,-7.611416 2.363419))",,POINT(17.816877 13.716951),17.816877,13.716951,"POLYGON((-125.6022 35.01288,674.406 36.168,627.774 344.9652,-116.9058 344.2722,-125.6022 35.01288))",,POINT(282.0288 221.1306),01030000000100000005000000AD69DE718A665FC0E162450DA68141406891ED7C3F1385402FDD240681154240D578E926319E834096218E75718F7540E02D90A0F8395DC08A1F63EE5A847540AD69DE718A665FC0E162450DA6814140,358.383853271600401,282.0288,221.1306,308.098965007,"POLYGON((0.138014 74.423652,0.71486 273.069798,0.758188 298.789032,0.384836 18.756138,0.138014 74.423652))",,POINT(0.379336023316245 308.098965007497),0.379336023316
315,11504.0,,HMI SHARP,HMI,SDO,"11504,11505",HMI,,,4.99999987369e-05,SDO,,cm,-86.4193344116,-17.5112400055,-87.6820373535,-85.0563659668,"POLYGON((0.999486 108.237182,0.997133 108.297877,0.997079 106.947603,0.999475 106.889923,0.999486 108.237182))",,POINT(0.998575084461379 107.558625115178),"POLYGON((86.167164 -18.213475,88.792836 -18.213475,88.792836 -16.867007,86.167164 -16.867007,86.167164 -18.213475))",,POINT(87.429866 -17.51124),87.429866,-17.51124,"POLYGON((-87.682036 -18.213475,-85.056364 -18.213475,-85.056364 -16.867007,-87.682036 -16.867007,-87.682036 -18.213475))",,POINT(-86.419334 -17.51124),-86.419334,-17.51124,"POLYGON((-896.832 -295.5084,-894.408 -295.7604,-901.08 -274.587,-903.522 -274.3374,-896.832 -295.5084))",,POINT(-899.448 -284.607),010300000001000000050000002DB29DEFA7068CC095D40968227872C02506819543F38BC00EBE30992A7C72C0713D0AD7A3288CC008AC1C5A642971C01904560E2D3C8CC0BADA8AFD652571C02DB29DEFA7068CC095D40968227872C0,943.402273239258193,-899.448,-284.607,107.558625115,"POLYGON((0.999486 108.237182,0.997133 108.297877,0.997079 106.947603,0.999475 106.889923,0.999486 108.237182))",,POINT(0.998575084461379 107.558625115178),0.998575084461
316,11494.0,,HMI SHARP,HMI,SDO,"11494,11502",HMI,,,4.99999987369e-05,SDO,,cm,23.9749698639,-17.7339267731,13.366402626,31.7083377838,"POLYGON((0.459304 207.575395,0.631336 229.93229,0.568501 244.19954,0.33512 222.232034,0.459304 207.575395))",,POINT(0.497054861229717 231.421938126129),"POLYGON((-173.004987 -23.656258,-154.663053 -23.656258,-154.663053 -14.039414,-173.004987 -14.039414,-173.004987 -23.656258))",,POINT(-162.39642 -17.733927),-162.39642,-17.733927,"POLYGON((13.366403 -23.656258,31.708337 -23.656258,31.708337 -14.039414,13.366403 -14.039414,13.366403 -23.656258))",,POINT(23.97497 -17.733927),23.97497,-17.733927,"POLYGON((200.871 -384.633,456.456 -383.9322,483.5496 -233.7618,212.8002 -234.4224,200.871 -384.633))",,POINT(367.107 -292.8276),010300000001000000050000001D5A643BDF1B6940E3A59BC4200A78C09EEFA7C64B877C404D158C4AEAFE77C01B9E5E29CB387E40F8C264AA60386DC04BC8073D9B996A40933A014D844D6DC01D5A643BDF1B6940E3A59BC4200A78C0,469.590835484211766,367.107,-292.8276,231.421938126,"POLYGON((0.459304 207.575395,0.631336 229.93229,0.568501 244.19954,0.33512 222.232034,0.459304 207.575395))",,POINT(0.497054861229717 231.421938126129),0.49705486123
317,11496.0,,HMI SHARP,HMI,SDO,"11493,11496,11498,11499,11501",HMI,,,4.99999987369e-05,SDO,,cm,19.8172111511,13.7172527313,-5.87983703613,47.7604026794,"POLYGON((0.108718 71.056793,0.742951 272.837057,0.781346 297.904735,0.377089 14.698077,0.108718 71.056793))",,POINT(0.405019640470237 305.25400728696),"POLYGON((167.748773 2.283448,-138.610987 2.283448,-138.610987 21.566866,167.748773 21.566866,167.748773 2.283448))",,POINT(-166.554179 13.717253),-166.554179,13.717253,"POLYGON((-5.879837 2.283448,47.760403 2.283448,47.760403 21.566866,-5.879837 21.566866,-5.879837 2.283448))",,POINT(19.817211 13.717253),19.817211,13.717253,"POLYGON((-97.1484 33.3432,701.04 34.74108,652.344 345.4674,-90.3906 344.5956,-97.1484 33.3432))",,POINT(312.465 220.8612),010300000001000000050000007DAEB6627F4958C05DFE43FAEDAB4040B81E85EB51E885401EDC9DB5DB5E4140986E1283C062844068226C787A97754054742497FF9856C0F697DD93878975407DAEB6627F4958C05DFE43FAEDAB4040,382.640883715318637,312.465,220.8612,305.254007287,"POLYGON((0.108718 71.056793,0.742951 272.837057,0.781346 297.904735,0.377089 14.698077,0.108718 71.056793))",,POINT(0.405019640470237 305.25400728696),0.40501964047
318,11504.0,,HMI SHARP,HMI,SDO,"11504,11505",HMI,,,4.99999987369e-05,SDO,,cm,-86.275352478,-17.5105800629,-87.9729385376,-84.3350219727,"POLYGON((0.999631 108.362843,0.996163 108.451629,0.996071 106.776049,0.99962 106.692759,0.999631 108.362843))",,POINT(0.998445681903245 107.561356666099),"POLYGON((85.655672 -18.343539,89.293588 -18.343539,89.293588 -16.674135,85.655672 -16.674135,85.655672 -18.343539))",,POINT(87.35326 -17.51058),87.35326,-17.51058,"POLYGON((-87.972938 -18.343539,-84.335022 -18.343539,-84.335022 -16.674135,-87.972938 -16.674135,-87.972938 -18.343539))",,POINT(-86.27535 -17.51058),-86.27535,-17.51058,"POLYGON((-896.31 -297.5172,-892.74 -297.8688,-900.984 -271.6122,-904.59 -271.2654,-896.31 -297.5172))",,POINT(-899.316 -284.6124),0103000000010000000500000014AE47E17A028CC0DCD78173469872C052B81E85EBE58BC03D2CD49AE69D72C01D5A643BDF278CC0C7293A92CBF970C01F85EB51B8448CC0BC0512143FF470C014AE47E17A028CC0DCD78173469872C0,943.278053433747687,-899.316,-284.6124,107.561356666,"POLYGON((0.999631 108.362843,0.996163 108.451629,0.996071 106.776049,0.99962 106.692759,0.999631 108.362843))",,POINT(0.998445681903245 107.561356666099),0.998445681903
319,11507.0,,HMI SHARP,HMI,SDO,"11507,11508,11509",HMI,,,4.99999987369e-05,SDO,,cm,-64.5819854736,-25.8569488525,-79.3444824219,-58.2555999756,"POLYGON((0.987558 117.967128,0.887507 121.612847,0.879007 117.284122,0.986618 113.97363,0.987558 117.967128))",,POINT(0.924890134604287 118.317340548948),"POLYGON((94.284129 -27.517033,115.373011 -27.517033,115.373011 -23.563807,94.284129 -23.563807,94.284129 -27.517033))",,POINT(109.046625 -25.856949),109.046625,-25.856949,"POLYGON((-79.344481 -27.517033,-58.255599 -27.517033,-58.255599 -23.563807,-79.344481 -23.563807,-79.344481 -27.517033))",,POINT(-64.581985 -25.856949),-64.581985,-25.856949,"POLYGON((-824.034 -437.5404,-714.048 -439.506,-738.048 -380.676,-851.694 -378.729,-824.034 -437.5404))",,POINT(-769.224 -414.4848),0103000000010000000500000083C0CAA145C089C0226C787AA5587BC0AAF1D24D625086C06ABC749318787BC0AAF1D24D621087C0894160E5D0CA77C0643BDF4F8D9D8AC08B6CE7FBA9AB77C083C0CAA145C089C0226C787AA5587BC0,873.786708303027353,-769.224,-414.4848,118.317340549,"POLYGON((0.987558 117.967128,0.887507 121.612847,0.879007 117.284122,0.986618 113.97363,0.987558 117.967128))",,POINT(0.924890134604287 118.317340548948),0.924890134604
320,11497.0,,HMI SHARP,HMI,SDO,11497,HMI,,,4.99999987369e-05,SDO,,cm,50.5345802307,-21.3946914673,43.4714241028,57.5700950623,"POLYGON((0.757695 235.571684,0.8772 240.853919,0.862333 249.262325,0.725777 245.023602,0.757695 235.571684))",,POINT(0.809537563279834 242.915187589917),"POLYGON((-142.899965 -25.086328,-128.801295 -25.086328,-128.801295 -17.590346,-142.899965 -17.590346,-142.899965 -25.086328))",,POINT(-135.83681 -21.394691),-135.83681,-21.394691,"POLYGON((43.471425 -25.086328,57.570095 -25.086328,57.570095 -17.590346,43.471425 -17.590346,43.471425 -25.086328))",,POINT(50.53458 -21.394691),50.53458,-21.394691,"POLYGON((590.4408 -404.712,723.798 -403.6236,761.904 -288.4722,621.552 -289.5228,590.4408 -404.712))",,POINT(680.934 -348.2238),010300000001000000050000009D8026C28673824008AC1C5A644B79C0AAF1D24D629E8640925CFE43FA3979C0AC1C5A643BCF8740BD5296218E0772C023DBF97E6A6C8340956588635D1872C09D8026C28673824008AC1C5A644B79C0,764.807771431776132,680.934,-348.2238,242.91518759,"POLYGON((0.757695 235.571684,0.8772 240.853919,0.862333 249.262325,0.725777 245.023602,0.757695 235.571684))",,POINT(0.809537563279834 242.915187589917),0.80953756328
321,11494.0,,HMI SHARP,HMI,SDO,"11494,11502",HMI,,,4.99999987369e-05,SDO,,cm,26.3491916656,-17.6471729279,15.593413353,33.7075424194,"POLYGON((0.476424 211.260985,0.65223 231.456146,0.59392 245.537816,0.359901 226.720334,0.476424 211.260985))",,POINT(0.524971643036451 233.982023995569),"POLYGON((-172.983917 -23.648394,-154.869787 -23.648394,-154.869787 -13.940946,-172.983917 -13.940946,-172.983917 -23.648394))",,POINT(-162.228138 -17.647173),-162.228138,-17.647173,"POLYGON((15.593413 -23.648394,33.707543 -23.648394,33.707543 -13.940946,15.593413 -13.940946,15.593413 -23.648394))",,POINT(26.349192 -17.647173),26.349192,-17.647173,"POLYGON((233.5686 -384.7428,481.9332 -383.9496,510.7254 -232.344,247.5312 -233.0958,233.5686 -384.7428))",,POINT(401.1444 -291.6408),010300000001000000050000002E90A0F831326D4080B74082E20B78C0098A1F63EE1E7E408104C58F31FF77C04BC8073D9BEB7F405EBA490C020B6DC054742497FFF06E409E5E29CB10236DC02E90A0F831326D4080B74082E20B78C0,495.954822414300168,401.1444,-291.6408,233.982023996,"POLYGON((0.476424 211.260985,0.65223 231.456146,0.59392 245.537816,0.359901 226.720334,0.476424 211.260985))",,POINT(0.524971643036451 233.982023995569),0.524971643036
322,11504.0,,HMI SHARP,HMI,SDO,"11504,11505",HMI,,,4.99999987369e-05,SDO,,cm,-84.4138793945,-17.4027099609,-89.7013702393,-80.7163085938,"POLYGON((1.000012 108.946143,0.989232 109.220207,0.988792 106.022197,1.000009 105.78105,1.000012 108.946143))",,POINT(0.996233553105758 107.506570862992),"POLYGON((81.721299 -18.944687,90.706361 -18.944687,90.706361 -15.779479,81.721299 -15.779479,81.721299 -18.944687))",,POINT(87.00879 -17.40271),87.00879,-17.40271,"POLYGON((-89.701371 -18.944687,-80.716309 -18.944687,-80.716309 -15.779479,-89.701371 -15.779479,-89.701371 -18.944687))",,POINT(-84.41388 -17.40271),-84.41388,-17.40271,"POLYGON((-893.556 -306.7368,-882.462 -307.6548,-897.852 -257.8314,-909.126 -256.932,-893.556 -306.7368))",,POINT(-897.576 -283.1178),010300000001000000050000009CC420B072EC8BC016FBCBEEC92B73C004560E2DB2938BC0BC96900F7A3A73C0894160E5D00E8CC04F1E166A4D1D70C05EBA490C02698CC0F4FDD478E90E70C09CC420B072EC8BC016FBCBEEC92B73C0,941.168616376916816,-897.576,-283.1178,107.506570863,"POLYGON((1.000012 108.946143,0.989232 109.220207,0.988792 106.022197,1.000009 105.78105,1.000012 108.946143))",,POINT(0.996233553105758 107.506570862992),0.996233553106
323,11507.0,,HMI SHARP,HMI,SDO,"11507,11508,11509",HMI,,,4.99999987369e-05,SDO,,cm,-60.8648719788,-26.0786399841,-66.9314346313,-55.9597053528,"POLYGON((0.940098 119.668885,0.871522 122.355556,0.863562 118.848916,0.936495 116.345335,0.940098 119.668885))",,POINT(0.902200225614631 119.38659267227),"POLYGON((104.491235 -27.570313,115.462965 -27.570313,115.462965 -24.400327,104.491235 -24.400327,104.491235 -27.570313))",,POINT(110.557798 -26.07864),110.557798,-26.07864,"POLYGON((-66.931435 -27.570313,-55.959705 -27.570313,-55.959705 -24.400327,-66.931435 -24.400327,-66.931435 -27.570313))",,POINT(-60.864872 -26.07864),-60.864872,-26.07864,"POLYGON((-771.702 -439.6158,-695.52 -440.634,-714.582 -393.6396,-792.84 -392.6268,-771.702 -439.6158))",,POINT(-742.662 -418.2396),01030000000100000005000000560E2DB29D1D88C007CE1951DA797BC05C8FC2F528BC85C0A01A2FDD248A7BC02DB29DEFA75486C058A835CD3B9A78C01F85EB51B8C688C020D26F5F078A78C0560E2DB29D1D88C007CE1951DA797BC0,852.332804280206005,-742.662,-418.2396,119.386592672,"POLYGON((0.940098 119.668885,0.871522 122.355556,0.863562 118.848916,0.936495 116.345335,0.940098 119.668885))",,POINT(0.902200225614631 119.38659267227),0.902200225615
324,11497.0,,HMI SHARP,HMI,SDO,11497,HMI,,,4.99999987369e-05,SDO,,cm,52.7959060669,-21.3826656342,45.5953941345,59.9254989624,"POLYGON((0.777448 236.603432,0.893965 241.492924,0.881294 249.727497,0.748734 245.828208,0.777448 236.603432))",,POINT(0.829833946890445 243.643763208735),"POLYGON((-142.981937 -25.053839,-128.651833 -25.053839,-128.651833 -17.593393,-142.981937 -17.593393,-142.981937 -25.053839))",,POINT(-135.781424 -21.382666),-135.781424,-21.382666,"POLYGON((45.595393 -25.053839,59.925497 -25.053839,59.925497 -17.593393,45.595393 -17.593393,45.595393 -25.053839))",,POINT(52.795906 -21.382666),52.795906,-21.382666,"POLYGON((613.2 -404.2782,742.158 -403.0776,781.008 -288.4776,645.33 -289.641,613.2 -404.2782))",,POINT(702.474 -348.0426),010300000001000000050000009A99999999298340F5DBD781734479C02506819543318740B7627FD93D3179C0F2D24D62106888401DC9E53FA40772C0713D0AD7A32A8440C74B3789411A72C09A99999999298340F5DBD781734479C0,783.966435563895857,702.474,-348.0426,243.643763209,"POLYGON((0.777448 236.603432,0.893965 241.492924,0.881294 249.727497,0.748734 245.828208,0.777448 236.603432))",,POINT(0.829833946890445 243.643763208735),0.82983394689
325,11496.0,,HMI SHARP,HMI,SDO,"11493,11496,11498,11499,11501",HMI,,,4.99999987369e-05,SDO,,cm,21.7396259308,13.7665023804,-3.74137067795,50.0993843079,"POLYGON((0.073765 62.622451,0.769666 272.657334,0.80359 297.144363,0.370532 9.462545,0.073765 62.622451))",,POINT(0.430598243384462 302.971668824316),"POLYGON((167.681299 2.22602,-138.477945 2.22602,-138.477945 21.632904,167.681299 21.632904,167.681299 2.22602))",,POINT(-166.837704 13.766502),-166.837704,13.766502,"POLYGON((-3.741371 2.22602,50.099385 2.22602,50.099385 21.632904,-3.741371 21.632904,-3.741371 2.22602))",,POINT(21.739626 13.766502),21.739626,13.766502,"POLYGON((-61.8828 32.04624,726.342 33.71136,675.558 346.3608,-57.54948 345.2886,-61.8828 32.04624))",,POINT(341.2788 221.3892),0103000000010000000500000054742497FFF04EC02EE23B31EB054040DBF97E6ABCB286405ED72FD80DDB40405839B4C8761C8540598638D6C5A575402EE7525C55C64CC0029A081B9E94754054742497FFF04EC02EE23B31EB054040,406.797735006083826,341.2788,221.3892,302.971668824,"POLYGON((0.073765 62.622451,0.769666 272.657334,0.80359 297.144363,0.370532 9.462545,0.073765 62.622451))",,POINT(0.430598243384462 302.971668824316),0.430598243384
326,11494.0,,HMI SHARP,HMI,SDO,"11494,11502",HMI,,,4.99999987369e-05,SDO,,cm,28.5570850372,-17.6528339386,17.7399864197,35.8986587524,"POLYGON((0.492794 214.700851,0.67415 233.162241,0.621717 246.752376,0.385869 230.333685,0.492794 214.700851))",,POINT(0.551879908899144 235.95306297009),"POLYGON((-173.043293 -23.501825,-154.884621 -23.501825,-154.884621 -13.900511,-173.043293 -13.900511,-173.043293 -23.501825))",,POINT(-162.226195 -17.652834),-162.226195,-17.652834,"POLYGON((17.739987 -23.501825,35.898659 -23.501825,35.898659 -13.900511,17.739987 -13.900511,17.739987 -23.501825))",,POINT(28.557085 -17.652834),28.557085,-17.652834,"POLYGON((265.0314 -382.7418,509.7138 -381.8388,539.6532 -231.8268,280.6086 -232.6872,265.0314 -382.7418))",,POINT(431.9922 -291.8976),010300000001000000050000008351499D80907040C442AD69DEEB77C0287E8CB96BDB7F40287E8CB96BDD77C0FAEDEBC039DD8040A60A462575FA6CC088855AD3BC897140F5B9DA8AFD156DC08351499D80907040C442AD69DEEB77C0,521.365006254351442,431.9922,-291.8976,235.95306297,"POLYGON((0.492794 214.700851,0.67415 233.162241,0.621717 246.752376,0.385869 230.333685,0.492794 214.700851))",,POINT(0.551879908899144 235.95306297009),0.551879908899
327,11507.0,,HMI SHARP,HMI,SDO,"11507,11508,11509",HMI,,,4.99999987369e-05,SDO,,cm,-58.8623390198,-26.0434761047,-64.7957000732,-53.9223480225,"POLYGON((0.928609 120.077584,0.856464 123.002155,0.847583 119.492614,0.924335 116.759669,0.928609 120.077584))",,POINT(0.88866290064777 119.864752146149),"POLYGON((104.42102 -27.551386,115.294372 -27.551386,115.294372 -24.414838,104.42102 -24.414838,104.42102 -27.551386))",,POINT(110.35438 -26.043476),110.35438,-26.043476,"POLYGON((-64.7957 -27.551386,-53.922348 -27.551386,-53.922348 -24.414838,-64.7957 -24.414838,-64.7957 -27.551386))",,POINT(-58.86234 -26.043476),-58.86234,-26.043476,"POLYGON((-759.138 -439.6602,-678.558 -440.697,-696.96 -394.2024,-779.706 -393.1692,-759.138 -439.6602))",,POINT(-728.04 -418.0458),01030000000100000005000000C976BE9F1AB987C01B0DE02D907A7BC05839B4C8763485C0FED478E9268B7BC048E17A14AEC785C05E4BC8073DA378C0CFF753E3A55D88C0BB270F0BB59278C0C976BE9F1AB987C01B0DE02D907A7BC0,839.526373914268447,-728.04,-418.0458,119.864752146,"POLYGON((0.928609 120.077584,0.856464 123.002155,0.847583 119.492614,0.924335 116.759669,0.928609 120.077584))",,POINT(0.88866290064777 119.864752146149),0.888662900648
328,11497.0,,HMI SHARP,HMI,SDO,11497,HMI,,,4.99999987369e-05,SDO,,cm,55.0623817444,-21.311006546,47.8419380188,62.0741233826,"POLYGON((0.797635 237.645221,0.908261 242.064477,0.897596 250.007715,0.772471 246.484873,0.797635 237.645221))",,POINT(0.849105637429597 244.374773101786),"POLYGON((-142.941343 -24.984396,-128.709157 -24.984396,-128.709157 -17.687936,-142.941343 -17.687936,-142.941343 -24.984396))",,POINT(-135.7209 -21.311007),-135.7209,-21.311007,"POLYGON((47.841937 -24.984396,62.074123 -24.984396,62.074123 -17.687936,47.841937 -17.687936,47.841937 -24.984396))",,POINT(55.06238 -21.311007),55.06238,-21.311007,"POLYGON((636.546 -403.26,758.058 -401.973,796.866 -289.914,669.156 -291.1674,636.546 -403.26))",,POINT(723.258 -346.9188),01030000000100000005000000EE7C3F355EE483405C8FC2F5283479C05839B4C876B0874021B07268911F79C0B0726891EDE68840B4C876BE9F1E72C06891ED7C3FE984409B559FABAD3272C0EE7C3F355EE483405C8FC2F5283479C0,802.1563366061755,723.258,-346.9188,244.374773102,"POLYGON((0.797635 237.645221,0.908261 242.064477,0.897596 250.007715,0.772471 246.484873,0.797635 237.645221))",,POINT(0.849105637429597 244.374773101786),0.84910563743
329,11504.0,,HMI SHARP,HMI,SDO,"11504,11505",HMI,,,4.99999987369e-05,SDO,,cm,-82.8514175415,-17.2788619995,-89.6929092407,-77.737953186,"POLYGON((1.00001 109.164184,0.980932 109.636182,0.979946 105.405379,1.000013 105.01013,1.00001 109.164184))",,POINT(0.993641297833772 107.44151356664),"POLYGON((79.523812 -19.162562,91.478768 -19.162562,91.478768 -15.008512,79.523812 -15.008512,79.523812 -19.162562))",,POINT(86.3653 -17.278862),86.3653,-17.278862,"POLYGON((-89.692908 -19.162562,-77.737952 -19.162562,-77.737952 -15.008512,-89.692908 -15.008512,-89.692908 -19.162562))",,POINT(-82.85142 -17.278862),-82.85142,-17.278862,"POLYGON((-892.362 -310.128,-872.802 -311.412,-892.5 -245.9256,-912.486 -244.6728,-892.362 -310.128))",,POINT(-895.542 -281.3586),0103000000010000000500000037894160E5E28BC0355EBA490C6273C023DBF97E6A468BC03BDF4F8D977673C00000000000E48BC0AF25E4839EBD6EC0D9CEF753E3838CC0F697DD9387956EC037894160E5E28BC0355EBA490C6273C0,938.700237327103309,-895.542,-281.3586,107.441513567,"POLYGON((1.00001 109.164184,0.980932 109.636182,0.979946 105.405379,1.000013 105.01013,1.00001 109.164184))",,POINT(0.993641297833772 107.44151356664),0.993641297834
330,11496.0,,HMI SHARP,HMI,SDO,"11493,11496,11498,11499,11501",HMI,,,4.99999987369e-05,SDO,,cm,23.410741806,13.7993373871,-1.51086091995,52.3973274231,"POLYGON((0.042902 38.092261,0.794686 272.584003,0.82429 296.373584,0.365629 3.860712,0.042902 38.092261))",,POINT(0.452945754054117 301.198908893764),"POLYGON((167.705859 2.237684,-138.385953 2.237684,-138.385953 21.610972,167.705859 21.610972,167.705859 2.237684))",,POINT(-167.372538 13.799337),-167.372538,13.799337,"POLYGON((-1.510861 2.237684,52.397327 2.237684,52.397327 21.610972,-1.510861 21.610972,-1.510861 2.237684))",,POINT(23.410742 13.799337),23.410742,13.799337,"POLYGON((-25.00416 31.89786,749.982 33.84666,697.662 345.9216,-23.25702 344.6286,-25.00416 31.89786))",,POINT(366.0156 221.6574),010300000001000000050000008CF337A1100139C0F6622827DAE53F4060E5D022DB6F87406A6AD95A5FEC40409EEFA7C64BCD8540E63FA4DFBE9E7540FD6A0E10CC4137C040A4DFBE0E8A75408CF337A1100139C0F6622827DAE53F40,427.901183006216968,366.0156,221.6574,301.198908894,"POLYGON((0.042902 38.092261,0.794686 272.584003,0.82429 296.373584,0.365629 3.860712,0.042902 38.092261))",,POINT(0.452945754054117 301.198908893764),0.452945754054
331,11494.0,,HMI SHARP,HMI,SDO,"11494,11502",HMI,,,4.99999987369e-05,SDO,,cm,30.880065918,-17.6116828918,19.9003238678,38.062335968,"POLYGON((0.512874 217.649603,0.696834 234.465224,0.648734 247.793252,0.413202 233.4245,0.512874 217.649603))",,POINT(0.579868973950347 237.863815869627),"POLYGON((-173.088906 -23.546139,-154.926894 -23.546139,-154.926894 -13.881119,-173.088906 -13.881119,-173.088906 -23.546139))",,POINT(-162.109164 -17.611683),-162.109164,-17.611683,"POLYGON((19.900324 -23.546139,38.062336 -23.546139,38.062336 -13.881119,19.900324 -13.881119,19.900324 -23.546139))",,POINT(30.880066 -17.611683),30.880066,-17.611683,"POLYGON((295.9512 -383.613,535.6926 -382.5966,567.3936 -231.627,313.4772 -232.6008,295.9512 -383.613))",,POINT(463.8654 -291.3906),0103000000010000000500000048BF7D1D387F72402B8716D9CEF977C0AD69DE718ABD8040B30C71AC8BE977C0A5BDC11726BB8140F2D24D6210F46CC06B9A779CA2977340FAEDEBC039136DC048BF7D1D387F72402B8716D9CEF977C0,547.795209074997274,463.8654,-291.3906,237.86381587,"POLYGON((0.512874 217.649603,0.696834 234.465224,0.648734 247.793252,0.413202 233.4245,0.512874 217.649603))",,POINT(0.579868973950347 237.863815869627),0.57986897395
332,11507.0,,HMI SHARP,HMI,SDO,"11507,11508,11509",HMI,,,4.99999987369e-05,SDO,,cm,-58.4890403748,-25.6778049469,-69.0528259277,-51.5946807861,"POLYGON((0.951018 119.618259,0.839607 124.194929,0.823978 118.5991,0.946472 114.505138,0.951018 119.618259))",,POINT(0.885349727442883 119.574673669899),"POLYGON((97.957946 -27.872895,115.416088 -27.872895,115.416088 -22.959647,97.957946 -22.959647,97.957946 -27.872895))",,POINT(108.52173 -25.677805),108.52173,-25.677805,"POLYGON((-69.052824 -27.872895,-51.594682 -27.872895,-51.594682 -22.959647,-69.052824 -22.959647,-69.052824 -27.872895))",,POINT(-58.48904 -25.677805),-58.48904,-25.677805,"POLYGON((-781.026 -444.0138,-656.052 -445.7676,-683.43 -372.6042,-813.582 -370.8588,-781.026 -444.0138))",,POINT(-727.41 -412.8012),0103000000010000000500000091ED7C3F356888C0F54A598638C07BC023DBF97E6A8084C08E06F01648DC7BC03D0AD7A3705B85C0E4839ECDAA4977C02DB29DEFA76C89C0E09C11A5BD2D77C091ED7C3F356888C0F54A598638C07BC0,836.379183637086953,-727.41,-412.8012,119.57467367,"POLYGON((0.951018 119.618259,0.839607 124.194929,0.823978 118.5991,0.946472 114.505138,0.951018 119.618259))",,POINT(0.885349727442883 119.574673669899),0.885349727443
333,11497.0,,HMI SHARP,HMI,SDO,11497,HMI,,,4.99999987369e-05,SDO,,cm,57.3860397339,-21.3461914062,50.2090148926,64.1315994263,"POLYGON((0.818105 238.685523,0.921044 242.60697,0.912111 250.27795,0.79634 247.152753,0.818105 238.685523))",,POINT(0.868079678462755 244.935811948307),"POLYGON((-142.780215 -24.879666,-128.857631 -24.879666,-128.857631 -17.74686,-142.780215 -17.74686,-142.780215 -24.879666))",,POINT(-135.60319 -21.346191),-135.60319,-21.346191,"POLYGON((50.209015 -24.879666,64.131599 -24.879666,64.131599 -17.74686,50.209015 -17.74686,50.209015 -24.879666))",,POINT(57.38604 -21.346191),57.38604,-21.346191,"POLYGON((660.27 -401.679,772.536 -400.3254,811.116 -290.7738,693.27 -292.0968,660.27 -401.679))",,POINT(742.842 -347.4066),010300000001000000050000005C8FC2F528A28440BE9F1A2FDD1A79C03F355EBA49248840E561A1D6340579C0B0726891ED58894051DA1B7C612C72C05C8FC2F528AA85400B24287E8C4172C05C8FC2F528A28440BE9F1A2FDD1A79C0,820.064377160451954,742.842,-347.4066,244.935811948,"POLYGON((0.818105 238.685523,0.921044 242.60697,0.912111 250.27795,0.79634 247.152753,0.818105 238.685523))",,POINT(0.868079678462755 244.935811948307),0.868079678463
334,11496.0,,HMI SHARP,HMI,SDO,"11493,11496,11498,11499,11501",HMI,,,4.99999987369e-05,SDO,,cm,25.2208461761,13.8717546463,0.940223753452,54.6161842346,"POLYGON((0.038136 334.410781,0.81763 272.577586,0.84352 295.756175,0.365251 357.596365,0.038136 334.410781))",,POINT(0.477528355864657 299.56393887336),"POLYGON((167.950994 2.293829,-138.373046 2.293829,-138.373046 21.63908,167.950994 21.63908,167.950994 2.293829))",,POINT(-167.768384 13.871755),-167.768384,13.871755,"POLYGON((0.940224 2.293829,54.616184 2.293829,54.616184 21.63908,0.940224 21.63908,0.940224 2.293829))",,POINT(25.220846 13.871755),25.220846,13.871755,"POLYGON((15.56052 32.493,771.624 34.73676,717.696 346.2708,14.47098 344.7444,15.56052 32.493))",,POINT(392.3826 222.5778),010300000001000000050000000282397AFC1E2F40C976BE9F1A3F4040A245B6F3FD1C88401F80D4264E5E414021B07268916D86401C7C613255A47540E223624A24F12C404772F90FE98B75400282397AFC1E2F40C976BE9F1A3F4040,451.115264467519467,392.3826,222.5778,299.563938873,"POLYGON((0.038136 334.410781,0.81763 272.577586,0.84352 295.756175,0.365251 357.596365,0.038136 334.410781))",,POINT(0.477528355864657 299.56393887336),0.477528355865
335,11504.0,,HMI SHARP,HMI,SDO,"11504,11505",HMI,,,4.99999987369e-05,SDO,,cm,-80.9638290405,-17.1602611542,-89.4882202148,-75.0941772461,"POLYGON((1.000012 109.217677,0.971602 109.910136,0.970052 105.351827,1.000007 104.782052,1.000012 109.217677))",,POINT(0.989607930655251 107.41091500862),"POLYGON((77.522549 -19.214567,91.916591 -19.214567,91.916591 -14.778825,77.522549 -14.778825,77.522549 -19.214567))",,POINT(86.04694 -17.160261),86.04694,-17.160261,"POLYGON((-89.488221 -19.214567,-75.094179 -19.214567,-75.094179 -14.778825,-89.488221 -14.778825,-89.488221 -19.214567))",,POINT(-80.96383 -17.160261),-80.96383,-17.160261,"POLYGON((-892.056 -310.9554,-862.998 -312.5736,-883.698 -242.6118,-913.428 -241.032,-892.056 -310.9554))",,POINT(-892.038 -279.7344),010300000001000000050000009CC420B072E08BC093A98251496F73C0448B6CE7FBF78AC0C58F31772D8973C0DD240681959D8BC02BF697DD93536EC08195438B6C8B8CC01B2FDD2406216EC09CC420B072E08BC093A98251496F73C0,934.870647730133896,-892.038,-279.7344,107.410915009,"POLYGON((1.000012 109.217677,0.971602 109.910136,0.970052 105.351827,1.000007 104.782052,1.000012 109.217677))",,POINT(0.989607930655251 107.41091500862),0.989607930655
336,11496.0,AXX,SWPC,nil,nil,,various,,,5e-05,various,,cm,36.0,17.0,35.5,36.5,"POLYGON((0.627227 297.247067,0.639308 296.69531,0.640308 296.997183,0.628272 297.553254,0.627227 297.247067))",,POINT(0.633789330734232 297.119800209515),"POLYGON((-157.48923 16.896868,-156.48923 16.896868,-156.48923 17.103132,-157.48923 17.103132,-157.48923 16.896868))",,POINT(-156.98923 17),-156.98923,17.0,"POLYGON((35.5 16.896868,36.5 16.896868,36.5 17.103132,35.5 17.103132,35.5 16.896868))",,POINT(36 17),36.0,17.0,"POLYGON((526.7862 271.2786,539.571 271.3206,538.9752 274.5882,526.2048 274.5468,526.7862 271.2786))",,POINT(532.9056 272.934),01030000000100000005000000ECC039234A768040A60A462575F4704021B0726891DC80409031772D21F570407958A835CDD780401D38674469297140C4B12E6EA37180403F575BB1BF287140ECC039234A768040A60A462575F47040,598.733118231620779,532.9056,272.934,297.11980021,"POLYGON((0.627227 297.247067,0.639308 296.69531,0.640308 296.997183,0.628272 297.553254,0.627227 297.247067))",,POINT(0.633789330734232 297.119800209515),0.633789330734
337,11499.0,CAO,SWPC,nil,nil,,various,,,5e-05,various,,cm,23.0,15.0,13.5,32.5,"POLYGON((0.340524 318.31055,0.57997 296.068824,0.580084 296.103767,0.340783 318.354622,0.340524 318.31055))",,POINT(0.456606951489884 303.905449636569),"POLYGON((-179.48923 14.989144,-160.48923 14.989144,-160.48923 15.010856,-179.48923 15.010856,-179.48923 14.989144))",,POINT(-169.98923 15),-169.98923,15.0,"POLYGON((13.5 14.989144,32.5 14.989144,32.5 15.010856,13.5 15.010856,13.5 14.989144))",,POINT(23 15),23.0,15.0,"POLYGON((213.9528 240.2244,492.1524 240.771,492.102 241.1184,213.9306 240.5718,213.9528 240.2244))",,POINT(358.0038 240.618),010300000001000000050000001FF46C567DBE6A401EA7E8482E076E40917EFB3A70C27E40E9263108AC186E401283C0CAA1C17E4016FBCBEEC9236E400BB5A679C7BD6A404A7B832F4C126E401FF46C567DBE6A401EA7E8482E076E40,431.351066694450139,358.0038,240.618,303.905449637,"POLYGON((0.340524 318.31055,0.57997 296.068824,0.580084 296.103767,0.340783 318.354622,0.340524 318.31055))",,POINT(0.456606951489884 303.905449636569),0.45660695149
338,11494.0,CAO,SWPC,nil,nil,,various,,,5e-05,various,,cm,33.0,-18.0,28.0,38.0,"POLYGON((0.548811 234.698961,0.666996 241.673434,0.665784 242.018952,0.546961 235.089072,0.548811 234.698961))",,POINT(0.607751618949678 238.805687616942),"POLYGON((-164.98923 -18.123758,-154.98923 -18.123758,-154.98923 -17.876242,-164.98923 -17.876242,-164.98923 -18.123758))",,POINT(-159.98923 -18),-159.98923,-18.0,"POLYGON((28 -18.123758,38 -18.123758,38 -17.876242,28 -17.876242,28 -18.123758))",,POINT(33 -18),33.0,-18.0,"POLYGON((423.1254 -299.601,554.6532 -298.9818,555.435 -295.0944,423.7224 -295.713,423.1254 -299.601))",,POINT(491.1246 -297.369),01030000000100000005000000B22E6EA301727A40560E2DB29DB972C0FAEDEBC03955814068B3EA73B5AF72C014AE47E17A5B8140E10B93A9827172C0166A4DF38E7B7A40C520B072687B72C0B22E6EA301727A40560E2DB29DB972C0,574.135606704687802,491.1246,-297.369,238.805687617,"POLYGON((0.548811 234.698961,0.666996 241.673434,0.665784 242.018952,0.546961 235.089072,0.548811 234.698961))",,POINT(0.607751618949678 238.805687616942),0.60775161895
339,11493.0,CAO,SWPC,nil,nil,,various,,,5e-05,various,,cm,47.0,14.0,43.0,51.0,"POLYGON((0.705205 289.642286,0.79289 287.431245,0.793252 287.655426,0.705746 289.891326,0.705205 289.642286))",,POINT(0.750784366411867 288.54706929363),"POLYGON((-149.98923 13.90976,-141.98923 13.90976,-141.98923 14.09024,-149.98923 14.09024,-149.98923 13.90976))",,POINT(-145.98923 14),-145.98923,14.0,"POLYGON((43 13.90976,51 13.90976,51 14.09024,43 14.09024,43 13.90976))",,POINT(47 14),47.0,14.0,"POLYGON((627.432 223.9404,714.636 224.3814,714.078 227.2794,626.934 226.8396,627.432 223.9404))",,POINT(672.42 225.603),01030000000100000005000000FA7E6ABC749B834012A5BDC117FE6B400C022B871655864039D6C56D340C6C40B4C876BE9F50864014D044D8F0686C40B6F3FDD47897834017B7D100DE5A6C40FA7E6ABC749B834012A5BDC117FE6B40,709.256913966300431,672.42,225.603,288.547069294,"POLYGON((0.705205 289.642286,0.79289 287.431245,0.793252 287.655426,0.705746 289.891326,0.705205 289.642286))",,POINT(0.750784366411867 288.54706929363),0.750784366412
340,11498.0,CAO,SWPC,nil,nil,,various,,,5e-05,various,,cm,24.0,8.0,23.5,24.5,"POLYGON((0.418226 288.496556,0.433293 287.836362,0.434205 288.294776,0.419186 288.969618,0.418226 288.496556))",,POINT(0.426232194575199 288.392966186537),"POLYGON((-169.48923 7.896868,-168.48923 7.896868,-168.48923 8.103132,-169.48923 8.103132,-169.48923 7.896868))",,POINT(-168.98923 8),-168.98923,8.0,"POLYGON((23.5 7.896868,24.5 7.896868,24.5 8.103132,23.5 8.103132,23.5 7.896868))",,POINT(24 8),24.0,8.0,"POLYGON((374.6838 125.3424,389.6526 125.3766,389.4552 128.7606,374.4936 128.7264,374.6838 125.3424))",,POINT(382.0866 127.0512),0103000000010000000500000014D044D8F06A7740A089B0E1E9555F40EA95B20C715A78401CEBE2361A585F403A92CB7F48577840CEAACFD556186040E4141DC9E5677740107A36AB3E17604014D044D8F06A7740A089B0E1E9555F40,402.656401067957688,382.0866,127.0512,288.392966187,"POLYGON((0.418226 288.496556,0.433293 287.836362,0.434205 288.294776,0.419186 288.969618,0.418226 288.496556))",,POINT(0.426232194575199 288.392966186537),0.426232194575
341,11497.0,DAO,SWPC,nil,nil,,various,,,5e-05,various,,cm,58.0,-22.0,54.5,61.5,"POLYGON((0.8464 243.298779,0.899859 245.04924,0.89954 245.274181,0.845894 243.53453,0.8464 243.298779))",,POINT(0.874157672254445 244.35750050224),"POLYGON((-138.48923 -22.103132,-131.48923 -22.103132,-131.48923 -21.896868,-138.48923 -21.896868,-138.48923 -22.103132))",,POINT(-134.98923 -22),-134.98923,-22.0,"POLYGON((54.5 -22.103132,61.5 -22.103132,61.5 -21.896868,54.5 -21.896868,54.5 -22.103132))",,POINT(58 -22),58.0,-22.0,"POLYGON((714.318 -359.2836,770.748 -358.5996,771.876 -355.4448,715.362 -356.1282,714.318 -359.2836))",,POINT(744.474 -357.3714),01030000000100000005000000068195438B528640545227A0897476C0448B6CE7FB158840E86A2BF6976976C05EBA490C021F88402CD49AE61D3776C037894160E55A86408E75711B0D4276C0068195438B528640545227A0897476C0,825.806184412516927,744.474,-357.3714,244.357500502,"POLYGON((0.8464 243.298779,0.899859 245.04924,0.89954 245.274181,0.845894 243.53453,0.8464 243.298779))",,POINT(0.874157672254445 244.35750050224),0.874157672254
342,11494.0,,HMI SHARP,HMI,SDO,"11494,11502",HMI,,,4.99999987369e-05,SDO,,cm,33.1018486023,-17.5959148407,22.1605167389,40.2826423645,"POLYGON((0.536245 220.276743,0.720425 235.51332,0.67604 248.662077,0.442985 236.088652,0.536245 220.276743))",,POINT(0.60667678113866 239.454453109075),"POLYGON((-173.034663 -23.723986,-154.912537 -23.723986,-154.912537 -13.922648,-173.034663 -13.922648,-173.034663 -23.723986))",,POINT(-162.09333 -17.595915),-162.09333,-17.595915,"POLYGON((22.160517 -23.723986,40.282643 -23.723986,40.282643 -13.922648,22.160517 -13.922648,22.160517 -23.723986))",,POINT(33.10185 -17.595915),33.10185,-17.595915,"POLYGON((327.4896 -386.4804,560.9592 -385.3446,594.8556 -232.3782,347.2926 -233.4708,327.4896 -386.4804))",,POINT(493.5756 -291.267),01030000000100000005000000F241CF66D5777440F90FE9B7AF2778C096B20C71AC8781403A234A7B831578C0A913D044D89682401CEBE2361A0C6DC0F46C567DAEB475409E5E29CB102F6DC0F241CF66D5777440F90FE9B7AF2778C0,573.108487290460516,493.5756,-291.267,239.454453109,"POLYGON((0.536245 220.276743,0.720425 235.51332,0.67604 248.662077,0.442985 236.088652,0.536245 220.276743))",,POINT(0.60667678113866 239.454453109075),0.606676781139
343,11507.0,,HMI SHARP,HMI,SDO,"11507,11508,11509",HMI,,,4.99999987369e-05,SDO,,cm,-57.4598693848,-25.3561935425,-67.780090332,-49.3648376465,"POLYGON((0.944975 119.893844,0.822022 125.1265,0.802727 118.858381,0.939354 114.22476,0.944975 119.893844))",,POINT(0.877326647248866 119.512341746851),"POLYGON((97.024728 -27.918128,115.439984 -27.918128,115.439984 -22.49975,97.024728 -22.49975,97.024728 -27.918128))",,POINT(107.34495 -25.356194),107.34495,-25.356194,"POLYGON((-67.780092 -27.918128,-49.364836 -27.918128,-49.364836 -22.49975,-67.780092 -22.49975,-67.780092 -27.918128))",,POINT(-57.45987 -25.356194),-57.45987,-25.356194,"POLYGON((-773.916 -444.9108,-635.118 -446.8074,-664.14 -365.9958,-809.238 -364.1064,-773.916 -444.9108))",,POINT(-721.248 -408.2676),0103000000010000000500000017D9CEF7532F88C0265305A392CE7BC06DE7FBA9F1D883C0A52C431CEBEC7BC085EB51B81EC184C0B515FBCBEEDF76C096438B6CE74989C0B6847CD0B3C176C017D9CEF7532F88C0265305A392CE7BC0,828.782909279480691,-721.248,-408.2676,119.512341747,"POLYGON((0.944975 119.893844,0.822022 125.1265,0.802727 118.858381,0.939354 114.22476,0.944975 119.893844))",,POINT(0.877326647248866 119.512341746851),0.877326647249
344,11504.0,,HMI SHARP,HMI,SDO,"11504,11505",HMI,,,4.99999987369e-05,SDO,,cm,-78.8053970337,-16.5431270599,-88.024597168,-72.7153701782,"POLYGON((0.999676 109.218751,0.961644 110.131128,0.95759 99.675429,0.999606 99.16149,0.999676 109.218751))",,POINT(0.983691603876366 106.90954647543),"POLYGON((76.780227 -19.197603,92.089453 -19.197603,92.089453 -9.144423,76.780227 -9.144423,76.780227 -19.197603))",,POINT(85.99942 -16.543127),85.99942,-16.543127,"POLYGON((-88.024593 -19.197603,-72.715367 -19.197603,-72.715367 -9.144423,-88.024593 -9.144423,-88.024593 -19.197603))",,POINT(-78.8054 -16.543127),-78.8054,-16.543127,"POLYGON((-891.732 -310.8612,-852.936 -312.6558,-891.738 -152.034,-932.25 -150.3486,-891.732 -310.8612))",,POINT(-889.086 -270.2868),0103000000010000000500000060E5D022DBDD8BC00BB5A679C76D73C0736891ED7CA78AC0780B24287E8A73C096438B6CE7DD8BC00C022B87160163C00000000000228DC057EC2FBB27CB62C060E5D022DBDD8BC00BB5A679C76D73C0,929.262540754893507,-889.086,-270.2868,106.909546475,"POLYGON((0.999676 109.218751,0.961644 110.131128,0.95759 99.675429,0.999606 99.16149,0.999676 109.218751))",,POINT(0.983691603876366 106.90954647543),0.983691603876
345,11497.0,,HMI SHARP,HMI,SDO,11497,HMI,,,4.99999987369e-05,SDO,,cm,59.7528915405,-21.2916603088,52.6365509033,66.2415008545,"POLYGON((0.838505 239.579815,0.933335 243.045333,0.926002 250.418218,0.819914 247.646952,0.838505 239.579815))",,POINT(0.886098939119455 245.548387543973),"POLYGON((-142.558631 -24.842393,-128.953677 -24.842393,-128.953677 -17.906143,-142.558631 -17.906143,-142.558631 -24.842393))",,POINT(-135.44229 -21.29166),-135.44229,-21.29166,"POLYGON((52.636549 -24.842393,66.241503 -24.842393,66.241503 -17.906143,52.636549 -17.906143,52.636549 -24.842393))",,POINT(59.75289 -21.29166),59.75289,-21.29166,"POLYGON((683.064 -401.0748,785.91 -399.6582,824.172 -293.1792,716.346 -294.57,683.064 -401.0748))",,POINT(761.994 -346.4838),010300000001000000050000008D976E1283588540DA1B7C61321179C0E17A14AE478F8840A323B9FC87FA78C04C37894160C1894017B7D100DE5272C054E3A59BC462864085EB51B81E6972C08D976E1283588540DA1B7C61321179C0,837.069817696492919,761.994,-346.4838,245.548387544,"POLYGON((0.838505 239.579815,0.933335 243.045333,0.926002 250.418218,0.819914 247.646952,0.838505 239.579815))",,POINT(0.886098939119455 245.548387543973),0.886098939119
346,11499.0,,HMI SHARP,HMI,SDO,"11493,11496,11498,11499,11501",HMI,,,4.99999987369e-05,SDO,,cm,27.2155780792,13.9660329819,3.7039680481,56.9171638489,"POLYGON((0.074759 299.854508,0.840151 272.723352,0.862335 295.108189,0.368992 350.591387,0.074759 299.854508))",,POINT(0.504685840647621 298.005898860552),"POLYGON((168.508788 2.474157,-138.278016 2.474157,-138.278016 21.603479,168.508788 21.603479,168.508788 2.474157))",,POINT(-167.979602 13.966033),-167.979602,13.966033,"POLYGON((3.703968 2.474157,56.917164 2.474157,56.917164 21.603479,3.703968 21.603479,3.703968 2.474157))",,POINT(27.215578 13.966033),27.215578,13.966033,"POLYGON((61.2504 35.15586,792.768 37.70982,737.646 345.6672,56.98314 343.8864,61.2504 35.15586))",,POINT(420.9318 223.869),010300000001000000050000008E75711B0DA04E4095607138F3934140A01A2FDD24C68840FB05BB61DBDA4240BA490C022B0D8740423EE8D9AC9A7540D9B11188D77D4C40CA32C4B12E7E75408E75711B0DA04E4095607138F3934140,476.760851383835814,420.9318,223.869,298.005898861,"POLYGON((0.074759 299.854508,0.840151 272.723352,0.862335 295.108189,0.368992 350.591387,0.074759 299.854508))",,POINT(0.504685840647621 298.005898860552),0.504685840648
347,11506.0,,HMI SHARP,HMI,SDO,11506,HMI,,,4.99999987369e-05,SDO,,cm,-86.7217559814,10.0434789658,-87.8622283936,-85.5106048584,"POLYGON((0.999459 80.573066,0.997293 80.565201,0.997308 79.346803,0.999457 79.357387,0.999459 80.573066))",,POINT(0.998617409649291 79.9602601838917),"POLYGON((76.611688 9.433517,78.963312 9.433517,78.963312 10.648271,76.611688 10.648271,76.611688 9.433517))",,POINT(77.752164 10.043479),77.752164,10.043479,"POLYGON((-87.862232 9.433517,-85.510608 9.433517,-85.510608 10.648271,-87.862232 10.648271,-87.862232 9.433517))",,POINT(-86.721756 10.043479),-86.721756,10.043479,"POLYGON((-931.404 154.6428,-929.364 154.4352,-925.884 174.1644,-927.912 174.3684,-931.404 154.6428))",,POINT(-928.914 164.457),01030000000100000005000000AC1C5A643B1B8DC0CD3B4ED191546340F4FDD478E90A8DC004E78C28ED4D6340508D976E12EF8CC0CCEEC9C342C565409EEFA7C64BFF8CC016FBCBEEC9CB6540AC1C5A643B1B8DC0CD3B4ED191546340,943.359594346185645,-928.914,164.457,79.9602601839,"POLYGON((0.999459 80.573066,0.997293 80.565201,0.997308 79.346803,0.999457 79.357387,0.999459 80.573066))",,POINT(0.998617409649291 79.9602601838917),0.998617409649
348,11504.0,,HMI SHARP,HMI,SDO,"11504,11505",HMI,,,4.99999987369e-05,SDO,,cm,-76.8204650879,-16.536272049,-84.5242080688,-70.4154434204,"POLYGON((0.996521 109.253044,0.950621 110.33879,0.945447 99.832803,0.996077 99.228579,0.996521 109.253044))",,POINT(0.977202361934188 107.037720703357),"POLYGON((78.074652 -19.140192,92.183416 -19.140192,92.183416 -9.152742,78.074652 -9.152742,78.074652 -19.140192))",,POINT(85.778395 -16.536272),85.778395,-16.536272,"POLYGON((-84.524208 -19.140192,-70.415444 -19.140192,-70.415444 -9.152742,-84.524208 -9.152742,-84.524208 -19.140192))",,POINT(-76.820465 -16.536272),-76.820465,-16.536272,"POLYGON((-888.714 -310.4058,-842.016 -312.1194,-879.996 -152.5206,-928.764 -150.9024,-888.714 -310.4058))",,POINT(-882.6 -270.4734),01030000000100000005000000C1CAA145B6C58BC0780B24287E6673C0E3A59BC420508AC04772F90FE98173C08716D9CEF77F8BC086C954C1A81063C0273108AC1C068DC022FDF675E0DC62C0C1CAA145B6C58BC0780B24287E6673C0,923.113546703524435,-882.6,-270.4734,107.037720703,"POLYGON((0.996521 109.253044,0.950621 110.33879,0.945447 99.832803,0.996077 99.228579,0.996521 109.253044))",,POINT(0.977202361934188 107.037720703357),0.977202361934
349,11507.0,,HMI SHARP,HMI,SDO,"11507,11508,11509",HMI,,,4.99999987369e-05,SDO,,cm,-56.000705719,-24.4854393005,-65.4924240112,-47.1616134644,"POLYGON((0.933353 120.493235,0.804503 126.244645,0.769251 115.150447,0.922193 110.630138,0.933353 120.493235))",,POINT(0.864429357207015 118.973248631702),"POLYGON((97.106433 -28.064255,115.437247 -28.064255,115.437247 -18.771431,97.106433 -18.771431,97.106433 -28.064255))",,POINT(106.598154 -24.48544),106.598154,-24.48544,"POLYGON((-65.492427 -28.064255,-47.161613 -28.064255,-47.161613 -18.771431,-65.492427 -18.771431,-65.492427 -28.064255))",,POINT(-56.000706 -24.48544),-56.000706,-24.48544,"POLYGON((-759.744 -447.4026,-612.918 -449.322,-657.78 -308.8332,-815.286 -306.9354,-759.744 -447.4026))",,POINT(-714.384 -395.5536),01030000000100000005000000CBA145B6F3BD87C0EA95B20C71F67BC0D34D6210582783C0FED478E926157CC00AD7A3703D8E84C06FF085C9544D73C03F355EBA497A89C0DB8AFD65F72E73C0CBA145B6F3BD87C0EA95B20C71F67BC0,816.58260447364421,-714.384,-395.5536,118.973248632,"POLYGON((0.933353 120.493235,0.804503 126.244645,0.769251 115.150447,0.922193 110.630138,0.933353 120.493235))",,POINT(0.864429357207015 118.973248631702),0.864429357207
350,11506.0,,HMI SHARP,HMI,SDO,11506,HMI,,,4.99999987369e-05,SDO,,cm,-75.7121734619,10.1834392548,-89.9267730713,-71.1842193604,"POLYGON((1.000011 81.207505,0.948899 80.842474,0.949591 78.309761,1.000007 78.803545,1.000011 81.207505))",,POINT(0.970847652695258 79.5903843521205),"POLYGON((72.672083 8.79311,91.414637 8.79311,91.414637 11.197036,72.672083 11.197036,72.672083 8.79311))",,POINT(86.88669 10.183439),86.88669,10.183439,"POLYGON((-89.926777 8.79311,-71.184223 8.79311,-71.184223 11.197036,-89.926777 11.197036,-89.926777 8.79311))",,POINT(-75.71217 10.183439),-75.71217,10.183439,"POLYGON((-933.558 144.3972,-884.952 142.6578,-878.424 181.7568,-926.676 183.4272,-933.558 144.3972))",,POINT(-902.016 165.7074),010300000001000000050000005839B4C8762C8DC0143FC6DCB50C6240560E2DB29DA78BC0E2E995B20CD5614008AC1C5A64738BC09C33A2B437B86640C520B07268F58CC03D9B559FABED66405839B4C8762C8DC0143FC6DCB50C6240,917.110574942171297,-902.016,165.7074,79.5903843521,"POLYGON((1.000011 81.207505,0.948899 80.842474,0.949591 78.309761,1.000007 78.803545,1.000011 81.207505))",,POINT(0.970847652695258 79.5903843521205),0.970847652695
351,11497.0,,HMI SHARP,HMI,SDO,11497,HMI,,,4.99999987369e-05,SDO,,cm,62.2706489563,-21.2858333588,55.1674575806,68.53931427,"POLYGON((0.8587 240.454655,0.945601 243.50431,0.939678 250.722254,0.842793 248.288115,0.8587 240.454655))",,POINT(0.904047713525243 246.080095581593),"POLYGON((-142.233682 -24.776151,-128.861826 -24.776151,-128.861826 -17.907725,-142.233682 -17.907725,-142.233682 -24.776151))",,POINT(-135.13049 -21.285833),-135.13049,-21.285833,"POLYGON((55.167458 -24.776151,68.539314 -24.776151,68.539314 -17.907725,55.167458 -17.907725,55.167458 -24.776151))",,POINT(62.27065 -21.285833),62.27065,-21.285833,"POLYGON((705.69 -399.9978,799.44 -398.511,837.894 -293.061,739.662 -294.525,705.69 -399.9978))",,POINT(780.66 -346.2654),01030000000100000005000000EC51B81E850D86402EFF21FDF6FF78C0EC51B81E85FB88401904560E2DE878C0FED478E9262F8A40E5D022DBF95072C09EEFA7C64B1D874066666666666872C0EC51B81E850D86402EFF21FDF6FF78C0,854.008057829175186,780.66,-346.2654,246.080095582,"POLYGON((0.8587 240.454655,0.945601 243.50431,0.939678 250.722254,0.842793 248.288115,0.8587 240.454655))",,POINT(0.904047713525243 246.080095581593),0.904047713525
352,11494.0,,HMI SHARP,HMI,SDO,"11494,11502",HMI,,,4.99999987369e-05,SDO,,cm,35.3756027222,-17.5462551117,24.6263713837,42.6979293823,"POLYGON((0.560316 223.120937,0.744374 236.795189,0.704769 249.542659,0.47561 238.625575,0.560316 223.120937))",,POINT(0.633645074834485 240.957182914138),"POLYGON((-172.774769 -23.705142,-154.703211 -23.705142,-154.703211 -13.939264,-172.774769 -13.939264,-172.774769 -23.705142))",,POINT(-162.025537 -17.546255),-162.025537,-17.546255,"POLYGON((24.626371 -23.705142,42.697929 -23.705142,42.697929 -13.939264,24.626371 -13.939264,24.626371 -23.705142))",,POINT(35.375603 -17.546255),35.375603,-17.546255,"POLYGON((361.7994 -386.3442,588.357 -385.0806,623.772 -232.6896,383.592 -233.9106,361.7994 -386.3442))",,POINT(523.3062 -290.5848),01030000000100000005000000C286A757CA9C764088F4DBD7812578C060E5D022DB628240ECC039234A1178C01904560E2D7E83404BEA043411166DC0B6F3FDD478F977409A779CA2233D6DC0C286A757CA9C764088F4DBD7812578C0,598.572389063745504,523.3062,-290.5848,240.957182914,"POLYGON((0.560316 223.120937,0.744374 236.795189,0.704769 249.542659,0.47561 238.625575,0.560316 223.120937))",,POINT(0.633645074834485 240.957182914138),0.633645074834
353,11499.0,,HMI SHARP,HMI,SDO,"11493,11496,11498,11499,11501",HMI,,,4.99999987369e-05,SDO,,cm,29.0333499908,14.1432580948,6.41884088516,59.3998947144,"POLYGON((0.118385 288.604637,0.86288 272.712556,0.881525 294.509324,0.378207 343.976729,0.118385 288.604637))",,POINT(0.529809508741625 296.908239134363),"POLYGON((169.017701 2.524311,-138.001247 2.524311,-138.001247 21.590801,169.017701 21.590801,169.017701 2.524311))",,POINT(-168.36779 14.143258),-168.36779,14.143258,"POLYGON((6.418841 2.524311,59.399893 2.524311,59.399893 21.590801,6.418841 21.590801,6.418841 2.524311))",,POINT(29.03335 14.143258),29.03335,14.143258,"POLYGON((105.9882 35.67852,814.206 38.5758,757.698 345.4518,98.6172 343.3926,105.9882 35.67852))",,POINT(446.298 226.5006),01030000000100000005000000107A36AB3E7F5A4049D74CBED9D64140CFF753E3A5718940B6847CD0B3494340DD24068195AD87405305A3923A977540D6C56D3480A758408E06F01648767540107A36AB3E7F5A4049D74CBED9D64140,500.484192162309967,446.298,226.5006,296.908239134,"POLYGON((0.118385 288.604637,0.86288 272.712556,0.881525 294.509324,0.378207 343.976729,0.118385 288.604637))",,POINT(0.529809508741625 296.908239134363),0.529809508742
354,11506.0,,HMI SHARP,HMI,SDO,11506,HMI,,,4.99999987369e-05,SDO,,cm,-79.2746505737,10.4492340088,-89.7137908936,-68.5747375488,"POLYGON((1.000011 81.542545,0.933607 81.072925,0.935609 75.912908,1.000009 76.717306,1.000011 81.542545))",,POINT(0.983708591498354 79.4410912866333),"POLYGON((70.679099 8.459434,91.818153 8.459434,91.818153 13.28461,70.679099 13.28461,70.679099 8.459434))",,POINT(81.11824 10.449234),81.11824,10.449234,"POLYGON((-89.713791 8.459434,-68.574737 8.459434,-68.574737 13.28461,-89.713791 13.28461,-89.713791 8.459434))",,POINT(-79.27465 10.449234),-79.27465,10.449234,"POLYGON((-934.368 138.933,-871.23 136.8528,-857.226 215.115,-919.368 217.0362,-934.368 138.933))",,POINT(-913.506 170.28),010300000001000000050000006DE7FBA9F1328DC060E5D022DB5D6140A4703D0AD7398BC0ECC039234A1B61402B8716D9CEC98AC048E17A14AEE36A406DE7FBA9F1BA8CC0B003E78C28216B406DE7FBA9F1328DC060E5D022DB5D6140,929.24081401755052,-913.506,170.28,79.4410912866,"POLYGON((1.000011 81.542545,0.933607 81.072925,0.935609 75.912908,1.000009 76.717306,1.000011 81.542545))",,POINT(0.983708591498354 79.4410912866333),0.983708591498
355,11499.0,,HMI SHARP,HMI,SDO,"11493,11496,11498,11499,11501",HMI,,,4.99999987369e-05,SDO,,cm,30.9710178375,14.2625160217,8.75830841064,61.8240585327,"POLYGON((0.157869 284.565015,0.88352 272.798878,0.899154 294.077211,0.391074 338.690932,0.157869 284.565015))",,POINT(0.555899088612646 295.760045173892),"POLYGON((169.151198 2.652456,-137.783052 2.652456,-137.783052 21.659702,169.151198 21.659702,169.151198 2.652456))",,POINT(-168.636092 14.262516),-168.636092,14.262516,"POLYGON((8.758308 2.652456,61.824058 2.652456,61.824058 21.659702,8.758308 21.659702,8.758308 2.652456))",,POINT(30.971018 14.262516),30.971018,14.262516,"POLYGON((144.3354 37.50246,833.604 40.75368,775.47 346.5144,134.247 344.1648,144.3354 37.50246))",,POINT(472.9338 228.2184),0103000000010000000500000082E2C798BB0A62402AC6F99B50C0424046B6F3FDD40C8A401CD3139678604440F6285C8FC23B884000917EFB3AA8754096438B6CE7C7604018265305A382754082E2C798BB0A62402AC6F99B50C04240,525.11905057900924,472.9338,228.2184,295.760045174,"POLYGON((0.157869 284.565015,0.88352 272.798878,0.899154 294.077211,0.391074 338.690932,0.157869 284.565015))",,POINT(0.555899088612646 295.760045173892),0.555899088613
356,11504.0,,HMI SHARP,HMI,SDO,"11504,11505",HMI,,,4.99999987369e-05,SDO,,cm,-74.3024368286,-15.4737253189,-82.370513916,-67.720703125,"POLYGON((0.992934 109.220651,0.935939 110.568888,0.928813 98.747098,0.99204 98.078964,0.992934 109.220651))",,POINT(0.967045779931598 106.14435019563),"POLYGON((78.022375 -19.016662,92.672185 -19.016662,92.672185 -7.957472,78.022375 -7.957472,78.022375 -19.016662))",,POINT(86.09045 -15.473725),86.09045,-15.473725,"POLYGON((-82.370515 -19.016662,-67.720705 -19.016662,-67.720705 -7.957472,-82.370515 -7.957472,-82.370515 -19.016662))",,POINT(-74.30244 -15.473725),-74.30244,-15.473725,"POLYGON((-885.672 -308.7816,-827.754 -310.6194,-867.18 -133.4268,-927.81 -131.6994,-885.672 -308.7816))",,POINT(-877.476 -254.0064),010300000001000000050000004C37894160AD8BC0DC68006F814C73C079E9263108DE89C04772F90FE96973C03D0AD7A370198BC0D93D7958A8AD60C014AE47E17AFE8CC051DA1B7C617660C04C37894160AD8BC0DC68006F814C73C0,913.500619494568241,-877.476,-254.0064,106.144350196,"POLYGON((0.992934 109.220651,0.935939 110.568888,0.928813 98.747098,0.99204 98.078964,0.992934 109.220651))",,POINT(0.967045779931598 106.14435019563),0.967045779932
357,11507.0,,HMI SHARP,HMI,SDO,"11507,11508,11509",HMI,,,4.99999987369e-05,SDO,,cm,-54.6952819824,-24.2418880463,-63.4592170715,-44.8551445007,"POLYGON((0.922204 121.061517,0.78557 127.470899,0.744443 115.648895,0.908508 110.634566,0.922204 121.061517))",,POINT(0.853681151683456 119.100767671269),"POLYGON((96.933674 -28.182434,115.537746 -28.182434,115.537746 -18.460502,96.933674 -18.460502,96.933674 -28.182434))",,POINT(105.697608 -24.241888),105.697608,-24.241888,"POLYGON((-63.459216 -28.182434,-44.855144 -28.182434,-44.855144 -18.460502,-63.459216 -18.460502,-63.459216 -28.182434))",,POINT(-54.695282 -24.241888),-54.695282,-24.241888,"POLYGON((-746.232 -449.4726,-588.9558 -451.4466,-633.93 -304.3938,-803.148 -302.4366,-746.232 -449.4726))",,POINT(-704.616 -392.1966),0103000000010000000500000060E5D022DB5187C06F8104C58F177CC0226C787AA56782C04CA60A4625377CC03D0AD7A370CF83C0A3923A014D0673C077BE9F1A2F1989C0F0164850FCE672C060E5D022DB5187C06F8104C58F177CC0,806.412971440539309,-704.616,-392.1966,119.100767671,"POLYGON((0.922204 121.061517,0.78557 127.470899,0.744443 115.648895,0.908508 110.634566,0.922204 121.061517))",,POINT(0.853681151683456 119.100767671269),0.853681151683
358,11494.0,,HMI SHARP,HMI,SDO,"11494,11502",HMI,,,4.99999987369e-05,SDO,,cm,37.6802062988,-17.5130348206,26.9880485535,45.0655784607,"POLYGON((0.583856 225.60851,0.767163 237.962415,0.731923 250.33655,0.506859 240.742052,0.583856 225.60851))",,POINT(0.660674297113953 242.296869354411),"POLYGON((-172.619061 -23.662024,-154.541531 -23.662024,-154.541531 -13.935548,-172.619061 -13.935548,-172.619061 -23.662024))",,POINT(-161.926904 -17.513035),-161.926904,-17.513035,"POLYGON((26.988049 -23.662024,45.065579 -23.662024,45.065579 -13.935548,26.988049 -13.935548,26.988049 -23.662024))",,POINT(37.680206 -17.513035),37.680206,-17.513035,"POLYGON((394.1088 -385.8252,614.316 -384.4278,651.078 -232.6512,417.714 -234.0072,394.1088 -385.8252))",,POINT(552.552 -290.1348),01030000000100000005000000E09C11A5BDA178408C4AEA04341D78C04A0C022B87328340A913D044D80678C0B4C876BE9F588440F7E461A1D6146DC08195438B6C1B7A4000917EFB3A406DC0E09C11A5BDA178408C4AEA04341D78C0,624.092873597383687,552.552,-290.1348,242.296869354,"POLYGON((0.583856 225.60851,0.767163 237.962415,0.731923 250.33655,0.506859 240.742052,0.583856 225.60851))",,POINT(0.660674297113953 242.296869354411),0.660674297114
359,11497.0,,HMI SHARP,HMI,SDO,11497,HMI,,,4.99999987369e-05,SDO,,cm,64.6275100708,-21.30402565,57.5717735291,70.6572875977,"POLYGON((0.876797 241.246014,0.955842 243.92445,0.951142 250.899443,0.863403 248.755339,0.876797 241.246014))",,POINT(0.91961193250156 246.49903590128),"POLYGON((-142.035335 -24.678115,-128.949825 -24.678115,-128.949825 -17.977433,-142.035335 -17.977433,-142.035335 -24.678115))",,POINT(-134.9796 -21.304026),-134.9796,-21.304026,"POLYGON((57.571775 -24.678115,70.657285 -24.678115,70.657285 -17.977433,57.571775 -17.977433,57.571775 -24.678115))",,POINT(64.62751 -21.304026),64.62751,-21.304026,"POLYGON((726.12 -398.4288,811.014 -396.8826,849.012 -294.006,760.17 -295.5324,726.12 -398.4288))",,POINT(796.638 -346.404),01030000000100000005000000295C8FC2F5B086406688635DDCE678C0273108AC1C58894032772D211FCE78C06ABC749318888A406ABC7493186072C08FC2F5285CC187403FC6DCB5847872C0295C8FC2F5B086406688635DDCE678C0,868.693176132977442,796.638,-346.404,246.499035901,"POLYGON((0.876797 241.246014,0.955842 243.92445,0.951142 250.899443,0.863403 248.755339,0.876797 241.246014))",,POINT(0.91961193250156 246.49903590128),0.919611932502
360,11499.0,,HMI SHARP,HMI,SDO,"11493,11496,11498,11499,11501",HMI,,,4.99999987369e-05,SDO,,cm,32.5584869385,14.4131546021,11.0157718658,64.2534637451,"POLYGON((0.195939 281.90012,0.902599 272.809538,0.915371 293.582663,0.404819 333.854246,0.195939 281.90012))",,POINT(0.577263903379457 294.998577676313),"POLYGON((169.202692 2.709725,-137.559618 2.709725,-137.559618 21.619709,169.202692 21.619709,169.202692 2.709725))",,POINT(-169.254593 14.413155),-169.254593,14.413155,"POLYGON((11.015772 2.709725,64.253462 2.709725,64.253462 21.619709,11.015772 21.619709,11.015772 2.709725))",,POINT(32.558487 14.413155),32.558487,14.413155,"POLYGON((181.1082 38.16588,851.58 41.79132,792.456 345.93,168.5052 343.2678,181.1082 38.16588))",,POINT(494.2062 230.4372),01030000000100000005000000ACADD85F76A36640BE874B8E3B154340713D0AD7A39C8A40DA5548F949E54440CFF753E3A5C388407B14AE47E19E75400EBE30992A106540E71DA7E848747540ACADD85F76A36640BE874B8E3B154340,545.289896534201375,494.2062,230.4372,294.998577676,"POLYGON((0.195939 281.90012,0.902599 272.809538,0.915371 293.582663,0.404819 333.854246,0.195939 281.90012))",,POINT(0.577263903379457 294.998577676313),0.577263903379
361,11504.0,,HMI SHARP,HMI,SDO,"11504,11505",HMI,,,4.99999987369e-05,SDO,,cm,-71.8815841675,-14.7480831146,-80.219909668,-65.2196655273,"POLYGON((0.988115 109.347388,0.920821 110.961155,0.911741 98.44706,0.986637 97.688512,0.988115 109.347388))",,POINT(0.955595980520581 105.606291406073),"POLYGON((77.967008 -19.02446,92.967252 -19.02446,92.967252 -7.509436,77.967008 -7.509436,77.967008 -19.02446))",,POINT(86.305336 -14.748083),86.305336,-14.748083,"POLYGON((-80.219912 -19.02446,-65.219668 -19.02446,-65.219668 -7.509436,-80.219912 -7.509436,-80.219912 -19.02446))",,POINT(-71.881584 -14.748083),-71.881584,-14.748083,"POLYGON((-880.674 -309.2256,-812.256 -311.1642,-851.898 -126.5124,-923.61 -124.6884,-880.674 -309.2256))",,POINT(-869.388 -242.8404),0103000000010000000500000008AC1C5A64858BC0A4DFBE0E9C5373C0355EBA490C6289C00DE02D90A07273C077BE9F1A2F9F8AC01B9E5E29CBA05FC07B14AE47E1DC8CC040A4DFBE0E2C5FC008AC1C5A64858BC0A4DFBE0E9C5373C0,902.666579871083968,-869.388,-242.8404,105.606291406,"POLYGON((0.988115 109.347388,0.920821 110.961155,0.911741 98.44706,0.986637 97.688512,0.988115 109.347388))",,POINT(0.955595980520581 105.606291406073),0.955595980521
362,11494.0,,HMI SHARP,HMI,SDO,"11494,11502",HMI,,,4.99999987369e-05,SDO,,cm,39.9935684204,-17.426656723,29.4472084045,47.1868515015,"POLYGON((0.607877 228.1091,0.78654 239.068103,0.75551 250.926737,0.539534 242.583303,0.607877 228.1091))",,POINT(0.687044428687836 243.574596992823),"POLYGON((-172.365873 -23.495242,-154.626227 -23.495242,-154.626227 -13.969178,-172.365873 -13.969178,-172.365873 -23.495242))",,POINT(-161.81951 -17.426657),-161.81951,-17.426657,"POLYGON((29.447207 -23.495242,47.186853 -23.495242,47.186853 -13.969178,29.447207 -13.969178,29.447207 -23.495242))",,POINT(39.99357 -17.426657),39.99357,-17.426657,"POLYGON((427.4502 -383.4066,637.308 -381.903,674.484 -233.2086,452.4066 -234.6726,427.4502 -383.4066))",,POINT(581.1798 -288.8214),010300000001000000050000008C4AEA0434B77A40DC68006F81F677C05839B4C876EA83409CC420B072DE77C01D5A643BDF138540423EE8D9AC266DC0DC68006F81467C4044696FF085556DC08C4AEA0434B77A40DC68006F81F677C0,648.989800402132687,581.1798,-288.8214,243.574596993,"POLYGON((0.607877 228.1091,0.78654 239.068103,0.75551 250.926737,0.539534 242.583303,0.607877 228.1091))",,POINT(0.687044428687836 243.574596992823),0.687044428688
363,11507.0,,HMI SHARP,HMI,SDO,"11507,11508,11509",HMI,,,4.99999987369e-05,SDO,,cm,-52.8705177307,-23.4487113953,-62.1621055603,-42.3948707581,"POLYGON((0.915059 121.644688,0.765654 129.047492,0.700075 110.040267,0.893709 105.425184,0.915059 121.644688))",,POINT(0.836691581952182 118.787564220083),"POLYGON((96.024813 -28.440559,115.792047 -28.440559,115.792047 -13.530025,96.024813 -13.530025,96.024813 -28.440559))",,POINT(105.316402 -23.448711),105.316402,-23.448711,"POLYGON((-62.162107 -28.440559,-42.394873 -28.440559,-42.394873 -13.530025,-62.162107 -13.530025,-62.162107 -28.440559))",,POINT(-52.870518 -23.448711),-52.870518,-23.448711,"POLYGON((-735.858 -453.4944,-561.69 -455.619,-621.258 -226.614,-813.798 -224.5422,-735.858 -453.4944))",,POINT(-692.67 -380.6028),01030000000100000005000000BE9F1A2FDDFE86C04772F90FE9577CC0EC51B81E858D81C096438B6CE7797CC0F2D24D62106A83C0CFF753E3A5536CC0AAF1D24D626E89C0857CD0B359116CC0BE9F1A2FDDFE86C04772F90FE9577CC0,790.348163955506379,-692.67,-380.6028,118.78756422,"POLYGON((0.915059 121.644688,0.765654 129.047492,0.700075 110.040267,0.893709 105.425184,0.915059 121.644688))",,POINT(0.836691581952182 118.787564220083),0.836691581952
364,11506.0,,HMI SHARP,HMI,SDO,11506,HMI,,,4.99999987369e-05,SDO,,cm,-79.117980957,10.4691019058,-89.9022903442,-66.0567703247,"POLYGON((1.00001 81.7311,0.917055 81.142727,0.919742 75.548169,1.000009 76.588179,1.00001 81.7311))",,POINT(0.983213428236013 79.4203224792274),"POLYGON((68.28463 8.26974,92.13015 8.26974,92.13015 13.412698,68.28463 13.412698,68.28463 8.26974))",,POINT(79.06894 10.469102),79.06894,10.469102,"POLYGON((-89.90229 8.26974,-66.05677 8.26974,-66.05677 13.412698,-89.90229 13.412698,-89.90229 8.26974))",,POINT(-79.11798 10.469102),-79.11798,10.469102,"POLYGON((-934.8 135.8544,-855.93 133.3812,-841.308 216.8226,-918.858 219.1032,-934.8 135.8544))",,POINT(-912.966 170.5218),010300000001000000050000006666666666368DC07A36AB3E57FB60403D0AD7A370BF8AC087A757CA32AC60405839B4C8764A8AC011363CBD521A6B40BE9F1A2FDDB68CC04F1E166A4D636B406666666666368DC07A36AB3E57FB6040,928.754327812926022,-912.966,170.5218,79.4203224792,"POLYGON((1.00001 81.7311,0.917055 81.142727,0.919742 75.548169,1.000009 76.588179,1.00001 81.7311))",,POINT(0.983213428236013 79.4203224792274),0.983213428236
365,11497.0,,HMI SHARP,HMI,SDO,11497,HMI,,,4.99999987369e-05,SDO,,cm,66.79737854,-21.3442993164,60.2043113708,72.7005691528,"POLYGON((0.895393 242.048635,0.964749 244.322259,0.961207 250.804083,0.884799 248.958284,0.895393 242.048635))",,POINT(0.932828330870236 246.817617940242),"POLYGON((-141.608769 -24.556136,-129.112511 -24.556136,-129.112511 -18.277144,-141.608769 -18.277144,-141.608769 -24.556136))",,POINT(-135.0157 -21.3443),-135.0157,-21.3443,"POLYGON((60.204311 -24.556136,72.700569 -24.556136,72.700569 -18.277144,60.204311 -18.277144,60.204311 -24.556136))",,POINT(66.79738 -21.3443),66.79738,-21.3443,"POLYGON((747.132 -396.444,821.316 -394.8798,857.484 -298.539,780.06 -300.0888,747.132 -396.444))",,POINT(810.012 -346.8768),01030000000100000005000000931804560E598740C976BE9F1AC778C04A0C022B87AA894055302AA913AE78C01D5A643BDFCB8A40B4C876BE9FA872C014AE47E17A608840287E8CB96BC172C0931804560E598740C976BE9F1AC778C0,881.160005062780783,810.012,-346.8768,246.81761794,"POLYGON((0.895393 242.048635,0.964749 244.322259,0.961207 250.804083,0.884799 248.958284,0.895393 242.048635))",,POINT(0.932828330870236 246.817617940242),0.93282833087
366,11499.0,,HMI SHARP,HMI,SDO,"11493,11496,11498,11499,11501",HMI,,,4.99999987369e-05,SDO,,cm,34.1758117676,14.5522146225,13.1213846207,66.5801544189,"POLYGON((0.231386 280.141401,0.919339 272.804743,0.92965 293.134922,0.419602 329.649664,0.231386 280.141401))",,POINT(0.598655021066266 294.275397366783),"POLYGON((169.102325 2.745494,-137.438905 2.745494,-137.438905 21.55727,169.102325 21.55727,169.102325 2.745494))",,POINT(-169.84325 14.552215),-169.84325,14.552215,"POLYGON((13.121385 2.745494,66.580155 2.745494,66.580155 21.55727,13.121385 21.55727,13.121385 2.745494))",,POINT(34.17581 14.552215),34.17581,14.552215,"POLYGON((215.1504 38.48454,867.36 42.49296,807.522 345.0192,200.2716 342.0336,215.1504 38.48454))",,POINT(515.4846 232.4838),01030000000100000005000000302AA913D0E46A404BCD1E68053E43407B14AE47E11A8B403A1E3350193F45401904560E2D3C894055C1A8A44E907540FFB27BF2B0086940545227A089607540302AA913D0E46A404BCD1E68053E4340,565.484827470728874,515.4846,232.4838,294.275397367,"POLYGON((0.231386 280.141401,0.919339 272.804743,0.92965 293.134922,0.419602 329.649664,0.231386 280.141401))",,POINT(0.598655021066266 294.275397366783),0.598655021066
367,11494.0,,HMI SHARP,HMI,SDO,"11494,11502",HMI,,,4.99999987369e-05,SDO,,cm,42.2550544739,-17.4586410522,31.9362106323,49.2199172974,"POLYGON((0.635355 229.917917,0.805875 239.632543,0.777216 251.479981,0.572077 244.251449,0.635355 229.917917))",,POINT(0.712721208761584 244.54545405234),"POLYGON((-172.082849 -23.690234,-154.799143 -23.690234,-154.799143 -13.968068,-172.082849 -13.968068,-172.082849 -23.690234))",,POINT(-161.764006 -17.458641),-161.764006,-17.458641,"POLYGON((31.936211 -23.690234,49.219917 -23.690234,49.219917 -13.968068,31.936211 -13.968068,31.936211 -23.690234))",,POINT(42.255054 -17.458641),42.255054,-17.458641,"POLYGON((459.1896 -386.4282,656.784 -384.8316,696.132 -233.193,486.7248 -234.753,459.1896 -386.4282))",,POINT(607.878 -289.3512),010300000001000000050000002575029A08B37C405B423EE8D92678C083C0CAA145868440A835CD3B4E0D78C0931804560EC185401904560E2D266DC04182E2C7986B7E406ABC749318586DC02575029A08B37C405B423EE8D92678C0,673.230851807491035,607.878,-289.3512,244.545454052,"POLYGON((0.635355 229.917917,0.805875 239.632543,0.777216 251.479981,0.572077 244.251449,0.635355 229.917917))",,POINT(0.712721208761584 244.54545405234),0.712721208762
368,11507.0,,HMI SHARP,HMI,SDO,"11507,11508,11509",HMI,,,4.99999987369e-05,SDO,,cm,-50.3908729553,-23.6547279358,-60.0406455994,-39.682926178,"POLYGON((0.902081 122.238069,0.742114 130.658806,0.66683 110.745687,0.876862 105.472887,0.902081 122.238069))",,POINT(0.816125390300856 119.889797765436),"POLYGON((95.940294 -28.486091,116.298014 -28.486091,116.298014 -13.282421,95.940294 -13.282421,95.940294 -28.486091))",,POINT(105.590067 -23.654728),105.590067,-23.654728,"POLYGON((-60.040646 -28.486091,-39.682926 -28.486091,-39.682926 -13.282421,-60.040646 -13.282421,-60.040646 -28.486091))",,POINT(-50.390873 -23.654728),-50.390873,-23.654728,"POLYGON((-720.738 -454.542,-531.777 -456.7356,-589.0416 -223.1172,-798.258 -220.9698,-720.738 -454.542))",,POINT(-668.364 -384.168),0103000000010000000500000096438B6CE78586C0E9263108AC687CC0F0A7C64B379E80C0006F8104C58B7CC01C7C6132556882C0EBE2361AC0E36BC0F2D24D6210F288C02575029A089F6BC096438B6CE78586C0E9263108AC687CC0,770.905628932621084,-668.364,-384.168,119.889797765,"POLYGON((0.902081 122.238069,0.742114 130.658806,0.66683 110.745687,0.876862 105.472887,0.902081 122.238069))",,POINT(0.816125390300856 119.889797765436),0.816125390301
369,11504.0,,HMI SHARP,HMI,SDO,"11504,11505",HMI,,,4.99999987369e-05,SDO,,cm,-69.8001785278,-15.0770969391,-78.1219024658,-62.6054077148,"POLYGON((0.982269 109.631189,0.9036 111.569255,0.89227 98.671864,0.980074 97.768243,0.982269 109.631189))",,POINT(0.944912638809359 106.162430222498),"POLYGON((77.859038 -19.163063,93.375532 -19.163063,93.375532 -7.516613,77.859038 -7.516613,77.859038 -19.163063))",,POINT(86.18076 -15.077097),86.18076,-15.077097,"POLYGON((-78.121902 -19.163063,-62.605408 -19.163063,-62.605408 -7.516613,-78.121902 -7.516613,-78.121902 -19.163063))",,POINT(-69.80018 -15.077097),-69.80018,-15.077097,"POLYGON((-873.912 -311.7222,-793.764 -313.7808,-833.196 -127.0782,-917.274 -125.133,-873.912 -311.7222))",,POINT(-857.28 -248.4534),010300000001000000050000009EEFA7C64B4F8BC0BD5296218E7B73C0273108AC1CCE88C0780B24287E9C73C021B0726891098AC005A3923A01C55FC0D578E92631AA8CC08D976E1283485FC09EEFA7C64B4F8BC0BD5296218E7B73C0,892.55705160597995,-857.28,-248.4534,106.162430222,"POLYGON((0.982269 109.631189,0.9036 111.569255,0.89227 98.671864,0.980074 97.768243,0.982269 109.631189))",,POINT(0.944912638809359 106.162430222498),0.944912638809
370,11506.0,,HMI SHARP,HMI,SDO,11506,HMI,,,4.99999987369e-05,SDO,,cm,-77.3350372314,10.5215787888,-89.0997390747,-63.6973381042,"POLYGON((0.999938 81.744352,0.900015 81.008388,0.903295 75.309949,0.999936 76.598018,0.999938 81.744352))",,POINT(0.977156698008839 79.3160951086237),"POLYGON((66.8812 8.261488,92.2836 8.261488,92.2836 13.407146,66.8812 13.407146,66.8812 8.261488))",,POINT(78.6459 10.521579),78.6459,10.521579,"POLYGON((-89.09974 8.261488,-63.69734 8.261488,-63.69734 13.407146,-89.09974 13.407146,-89.09974 8.261488))",,POINT(-77.33504 10.521579),-77.33504,10.521579,"POLYGON((-934.746 135.6258,-839.7 132.8694,-825.354 216.3744,-918.81 218.925,-934.746 135.6258))",,POINT(-907.014 171.1182),010300000001000000050000008716D9CEF7358DC0C7BAB88D06F460409A999999993D8AC08FE4F21FD29B604046B6F3FDD4CA89C0EB73B515FB0B6B4014AE47E17AB68CC09A999999995D6B408716D9CEF7358DC0C7BAB88D06F46040,923.014536487503051,-907.014,171.1182,79.3160951086,"POLYGON((0.999938 81.744352,0.900015 81.008388,0.903295 75.309949,0.999936 76.598018,0.999938 81.744352))",,POINT(0.977156698008839 79.3160951086237),0.977156698009
371,11497.0,,HMI SHARP,HMI,SDO,11497,HMI,,,4.99999987369e-05,SDO,,cm,69.1171798706,-21.3633213043,62.7576026917,74.7917404175,"POLYGON((0.912223 242.723427,0.97289 244.660706,0.970237 250.860441,0.903699 249.276361,0.912223 242.723427))",,POINT(0.945686072817792 247.143302556681),"POLYGON((-141.261457 -24.464792,-129.227323 -24.464792,-129.227323 -18.41406,-141.261457 -18.41406,-141.261457 -24.464792))",,POINT(-134.90188 -21.363321),-134.90188,-21.363321,"POLYGON((62.757603 -24.464792,74.791737 -24.464792,74.791737 -18.41406,62.757603 -18.41406,62.757603 -24.464792))",,POINT(69.11718 -21.363321),69.11718,-21.363321,"POLYGON((765.864 -394.8954,830.568 -393.3048,865.818 -300.486,798.396 -302.0652,765.864 -394.8954))",,POINT(823.146 -346.9776),01030000000100000005000000F4FDD478E9EE87406A4DF38E53AE78C0068195438BF4894022FDF675E09478C0068195438B0E8B40B29DEFA7C6C772C0BA490C022BF3884030BB270F0BE172C0F4FDD478E9EE87406A4DF38E53AE78C0,893.287631291153502,823.146,-346.9776,247.143302557,"POLYGON((0.912223 242.723427,0.97289 244.660706,0.970237 250.860441,0.903699 249.276361,0.912223 242.723427))",,POINT(0.945686072817792 247.143302556681),0.945686072818
372,11499.0,,HMI SHARP,HMI,SDO,"11493,11496,11498,11499,11501",HMI,,,4.99999987369e-05,SDO,,cm,35.9211349487,14.6676168442,15.45748806,68.8601531982,"POLYGON((0.270714 279.010191,0.934273 272.886189,0.942491 292.795785,0.439047 325.461033,0.270714 279.010191))",,POINT(0.621215921986643 293.520449197866),"POLYGON((169.232448 2.855066,-137.364888 2.855066,-137.364888 21.546576,169.232448 21.546576,169.232448 2.855066))",,POINT(-170.303905 14.667617),-170.303905,14.667617,"POLYGON((15.457488 2.855066,68.860152 2.855066,68.860152 21.546576,15.457488 21.546576,15.457488 2.855066))",,POINT(35.921135 14.667617),35.921135,14.667617,"POLYGON((252.5538 40.04664,881.37 44.43528,820.716 344.9262,235.128 341.6154,252.5538 40.04664))",,POINT(538.0326 234.1716),01030000000100000005000000CB10C7BAB8916F40BC57AD4CF8054440295C8FC2F58A8B402B4D4A41B73746407D3F355EBAA58940E25817B7D18E75406ABC749318646D40569FABADD8597540CB10C7BAB8916F40BC57AD4CF8054440,586.783961019147114,538.0326,234.1716,293.520449198,"POLYGON((0.270714 279.010191,0.934273 272.886189,0.942491 292.795785,0.439047 325.461033,0.270714 279.010191))",,POINT(0.621215921986643 293.520449197866),0.621215921987
373,11497.0,,HMI SHARP,HMI,SDO,11497,HMI,,,4.99999987369e-05,SDO,,cm,71.5130386353,-21.4401569366,65.3200683594,76.9808883667,"POLYGON((0.927824 243.303943,0.980318 244.947524,0.978411 250.940237,0.921018 249.588559,0.927824 243.303943))",,POINT(0.957622652246857 247.378421891351),"POLYGON((-140.90497 -24.401048,-129.24415 -24.401048,-129.24415 -18.51284,-140.90497 -18.51284,-140.90497 -24.401048))",,POINT(-134.712 -21.440157),-134.712,-21.440157,"POLYGON((65.32007 -24.401048,76.98089 -24.401048,76.98089 -18.51284,65.32007 -18.51284,65.32007 -24.401048))",,POINT(71.51304 -21.440157),71.51304,-21.440157,"POLYGON((782.976 -393.7284,838.866 -392.1054,873.516 -301.7952,815.346 -303.4098,782.976 -393.7284))",,POINT(834.954 -347.9268),010300000001000000050000002B8716D9CE7788408126C286A79B78C0B0726891ED368A40F90FE9B7AF8178C0E3A59BC4204C8B40789CA223B9DC72C054E3A59BC47A89406ADE718A8EF672C02B8716D9CE7788408126C286A79B78C0,904.544769635113312,834.954,-347.9268,247.378421891,"POLYGON((0.927824 243.303943,0.980318 244.947524,0.978411 250.940237,0.921018 249.588559,0.927824 243.303943))",,POINT(0.957622652246857 247.378421891351),0.957622652247
374,11494.0,,HMI SHARP,HMI,SDO,"11494,11502",HMI,,,4.99999987369e-05,SDO,,cm,44.5394020081,-17.3524303436,34.3902587891,51.4112663269,"POLYGON((0.660569 231.814669,0.825044 240.476851,0.799777 251.963694,0.603929 245.609166,0.660569 231.814669))",,POINT(0.737398793728841 245.605588462001),"POLYGON((-171.83478 -23.640911,-154.813772 -23.640911,-154.813772 -14.014721,-171.83478 -14.014721,-171.83478 -23.640911))",,POINT(-161.685638 -17.35243),-161.685638,-17.35243,"POLYGON((34.39026 -23.640911,51.411268 -23.640911,51.411268 -14.014721,34.39026 -14.014721,34.39026 -23.640911))",,POINT(44.539402 -17.35243),44.539402,-17.35243,"POLYGON((490.4388 -385.734,678.126 -384.027,718.326 -233.9016,519.5418 -235.5744,490.4388 -385.734))",,POINT(634.344 -287.6766),01030000000100000005000000C217265305A77E4039B4C876BE1B78C05EBA490C02318540DF4F8D976E0078C0F853E3A59B7286405B423EE8D93C6DC0C8073D9B553C804051DA1B7C61726DC0C217265305A77E4039B4C876BE1B78C0,696.527197260494631,634.344,-287.6766,245.605588462,"POLYGON((0.660569 231.814669,0.825044 240.476851,0.799777 251.963694,0.603929 245.609166,0.660569 231.814669))",,POINT(0.737398793728841 245.605588462001),0.737398793729
375,11507.0,,HMI SHARP,HMI,SDO,"11507,11508,11509",HMI,,,4.99999987369e-05,SDO,,cm,-47.5919380188,-23.8128986359,-57.6291236877,-37.0958251953,"POLYGON((0.88635 122.960486,0.71934 132.347174,0.63473 111.83331,0.856613 105.83656,0.88635 122.960486))",,POINT(0.791701502523438 121.169603798962),"POLYGON((96.145838 -28.521998,116.679136 -28.521998,116.679136 -13.244092,96.145838 -13.244092,96.145838 -28.521998))",,POINT(106.183022 -23.812899),106.183022,-23.812899,"POLYGON((-57.629122 -28.521998,-37.095824 -28.521998,-37.095824 -13.244092,-57.629122 -13.244092,-57.629122 -28.521998))",,POINT(-47.591938 -23.812899),-47.591938,-23.812899,"POLYGON((-702.468 -455.4996,-502.1802 -457.7052,-556.5432 -222.9768,-778.422 -220.8078,-702.468 -455.4996))",,POINT(-639.864 -387.0516),0103000000010000000500000039B4C876BEF385C04ED1915CFE777CC0D42B6519E2627FC03A92CB7F489B7CC07FD93D79586481C073D712F241DF6BC04C378941605388C0AEB6627FD9996BC039B4C876BEF385C04ED1915CFE777CC0,747.820085019491785,-639.864,-387.0516,121.169603799,"POLYGON((0.88635 122.960486,0.71934 132.347174,0.63473 111.83331,0.856613 105.83656,0.88635 122.960486))",,POINT(0.791701502523438 121.169603798962),0.791701502523
376,11506.0,,HMI SHARP,HMI,SDO,11506,HMI,,,4.99999987369e-05,SDO,,cm,-74.6434783936,10.5285730362,-86.1802597046,-61.4335670471,"POLYGON((0.998053 81.882151,0.88219 81.001943,0.886176 75.047723,0.998081 76.594982,0.998053 81.882151))",,POINT(0.966284324688292 79.210906307588),"POLYGON((67.594699 8.129787,92.341391 8.129787,92.341391 13.405113,67.594699 13.405113,67.594699 8.129787))",,POINT(79.13148 10.528573),79.13148,10.528573,"POLYGON((-86.180261 8.129787,-61.433569 8.129787,-61.433569 13.405113,-86.180261 13.405113,-86.180261 8.129787))",,POINT(-74.64348 10.528573),-74.64348,10.528573,"POLYGON((-933.288 133.1232,-823.038 130.3278,-808.716 215.973,-917.076 218.5632,-933.288 133.1232))",,POINT(-896.592 170.8572),01030000000100000005000000FCA9F1D24D2A8DC0C05B2041F1A36040FCA9F1D24DB889C01FF46C567D4A60407D3F355EBA4589C04260E5D022FF6A40F853E3A59BA88CC06EA301BC05526B40FCA9F1D24D2A8DC0C05B2041F1A36040,912.726353983405033,-896.592,170.8572,79.2109063076,"POLYGON((0.998053 81.882151,0.88219 81.001943,0.886176 75.047723,0.998081 76.594982,0.998053 81.882151))",,POINT(0.966284324688292 79.210906307588),0.966284324688
377,11504.0,,HMI SHARP,HMI,SDO,"11504,11505",HMI,,,4.99999987369e-05,SDO,,cm,-67.4220581055,-15.023273468,-75.9034347534,-60.1053085327,"POLYGON((0.974866 109.992921,0.885812 112.261818,0.871977 98.944379,0.971745 97.891467,0.974866 109.992921))",,POINT(0.931096000745135 106.38003305559),"POLYGON((77.871527 -19.339084,93.669653 -19.339084,93.669653 -7.548664,77.871527 -7.548664,77.871527 -19.339084))",,POINT(86.3529 -15.023273),86.3529,-15.023273,"POLYGON((-75.903433 -19.339084,-60.105307 -19.339084,-60.105307 -7.548664,-75.903433 -7.548664,-75.903433 -19.339084))",,POINT(-67.42206 -15.023273),-67.42206,-15.023273,"POLYGON((-865.338 -314.8362,-774.348 -316.9806,-813.63 -128.0568,-909.192 -126.0228,-865.338 -314.8362))",,POINT(-843.792 -248.022),0103000000010000000500000062105839B40A8BC0A54E401361AD73C0105839B4C83288C05227A089B0CF73C0D7A3703D0A6D89C036CD3B4ED10160C0A8C64B3789698CC05396218E75815FC062105839B40A8BC0A54E401361AD73C0,879.488403418714825,-843.792,-248.022,106.380033056,"POLYGON((0.974866 109.992921,0.885812 112.261818,0.871977 98.944379,0.971745 97.891467,0.974866 109.992921))",,POINT(0.931096000745135 106.38003305559),0.931096000745
378,11496.0,AXX,SWPC,nil,nil,,various,,,5e-05,various,,cm,48.0,16.0,47.5,48.5,"POLYGON((0.76058 290.758786,0.771115 290.468975,0.771642 290.730023,0.761137 291.022897,0.76058 290.758786))",,POINT(0.766140468690093 290.743459272792),"POLYGON((-158.72504 15.896868,-157.72504 15.896868,-157.72504 16.103132,-158.72504 16.103132,-158.72504 15.896868))",,POINT(-158.22504 16),-158.22504,16.0,"POLYGON((47.5 15.896868,48.5 15.896868,48.5 16.103132,47.5 16.103132,47.5 15.896868))",,POINT(48 16),48.0,16.0,"POLYGON((671.784 254.634,682.386 254.7126,681.684 257.9952,671.094 257.9166,671.784 254.634))",,POINT(676.764 256.3146),0103000000010000000500000083C0CAA145FE84403F355EBA49D46F400C022B871653854026E4839ECDD66F40B6F3FDD4784D8540ABCFD556EC1F7040986E1283C0F8844038F8C264AA1E704083C0CAA145FE84403F355EBA49D46F40,723.675815451338622,676.764,256.3146,290.743459273,"POLYGON((0.76058 290.758786,0.771115 290.468975,0.771642 290.730023,0.761137 291.022897,0.76058 290.758786))",,POINT(0.766140468690093 290.743459272792),0.76614046869
379,11499.0,CAO,SWPC,nil,nil,,various,,,5e-05,various,,cm,31.0,16.0,27.5,34.5,"POLYGON((0.5204 301.056398,0.609236 296.188276,0.610123 296.459651,0.521607 301.359553,0.5204 301.056398))",,POINT(0.565648877099966 298.528165933786),"POLYGON((-178.72504 15.9116,-171.72504 15.9116,-171.72504 16.0884,-178.72504 16.0884,-178.72504 15.9116))",,POINT(-175.22504 16),-175.22504,16.0,"POLYGON((27.5 15.9116,34.5 15.9116,34.5 16.0884,27.5 16.0884,27.5 15.9116))",,POINT(31 16),31.0,16.0,"POLYGON((421.0962 253.5846,516.3954 253.9668,515.937 256.7832,420.7218 256.4022,421.0962 253.5846))",,POINT(469.4238 255.1752),0103000000010000000500000001DE02098A517A40BB270F0BB5B26F40B5A679C729238040BBB88D06F0BE6F40D122DBF97E1F8040A323B9FC870C70400B24287E8C4B7A40386744696F06704001DE02098A517A40BB270F0BB5B26F40,534.296815170631589,469.4238,255.1752,298.528165934,"POLYGON((0.5204 301.056398,0.609236 296.188276,0.610123 296.459651,0.521607 301.359553,0.5204 301.056398))",,POINT(0.565648877099966 298.528165933786),0.5656488771
380,11505.0,AXX,SWPC,nil,nil,,various,,,5e-05,various,,cm,-63.0,-9.0,-63.5,-62.5,"POLYGON((0.900283 100.597568,0.892672 100.697646,0.892228 100.005742,0.899875 99.911266,0.900283 100.597568))",,POINT(0.89629662207569 100.302507538208),"POLYGON((90.27496 -9.309396,91.27496 -9.309396,91.27496 -8.690604,90.27496 -8.690604,90.27496 -9.309396))",,POINT(90.77496 -9),90.77496,-9.0,"POLYGON((-63.5 -9.309396,-62.5 -9.309396,-62.5 -8.690604,-63.5 -8.690604,-63.5 -9.309396))",,POINT(-63 -9),-63.0,-9.0,"POLYGON((-835.878 -156.3936,-828.54 -156.519,-829.956 -146.4294,-837.312 -146.304,-835.878 -156.3936))",,POINT(-832.968 -151.4136),010300000001000000050000001B2FDD24061F8AC094F6065F988C63C0B81E85EB51E489C0F853E3A59B9063C0CFF753E3A5EF89C0E09C11A5BD4D62C0D122DBF97E2A8AC07D3F355EBA4962C01B2FDD24061F8AC094F6065F988C63C0,846.617840166955148,-832.968,-151.4136,100.302507538,"POLYGON((0.900283 100.597568,0.892672 100.697646,0.892228 100.005742,0.899875 99.911266,0.900283 100.597568))",,POINT(0.89629662207569 100.302507538208),0.896296622076
381,11504.0,CAO,SWPC,nil,nil,,various,,,5e-05,various,,cm,-67.0,-17.0,-72.0,-62.0,"POLYGON((0.957373 108.017764,0.896628 109.381267,0.896472 109.244792,0.95731 107.88895,0.957373 108.017764))",,POINT(0.930079540978245 108.54540125595),"POLYGON((81.77496 -17.06188,91.77496 -17.06188,91.77496 -16.93812,81.77496 -16.93812,81.77496 -17.06188))",,POINT(86.77496 -17),86.77496,-17.0,"POLYGON((-72 -17.06188,-62 -17.06188,-62 -16.93812,-72 -16.93812,-72 -17.06188))",,POINT(-67 -17),-67.0,-17.0,"POLYGON((-859.962 -279.7134,-798.936 -281.0562,-799.464 -279.1038,-860.532 -277.761,-859.962 -279.7134))",,POINT(-832.908 -279.4212),0103000000010000000500000004560E2DB2DF8AC0764F1E166A7B71C0736891ED7CF788C090A0F831E69071C0C1CAA145B6FB88C03255302AA97171C0C74B378941E48AC01904560E2D5C71C004560E2DB2DF8AC0764F1E166A7B71C0,878.528282682714803,-832.908,-279.4212,108.545401256,"POLYGON((0.957373 108.017764,0.896628 109.381267,0.896472 109.244792,0.95731 107.88895,0.957373 108.017764))",,POINT(0.930079540978245 108.54540125595),0.930079540978
382,11497.0,CAO,SWPC,nil,nil,,various,,,5e-05,various,,cm,69.0,-22.0,66.0,72.0,"POLYGON((0.929115 245.828319,0.960294 246.717327,0.960122 247.001763,0.928811 246.120527,0.929115 245.828319))",,POINT(0.945654054665363 246.453019313569),"POLYGON((-140.22504 -22.13751,-134.22504 -22.13751,-134.22504 -21.86249,-140.22504 -21.86249,-140.22504 -22.13751))",,POINT(-137.22504 -22),-137.22504,-22.0,"POLYGON((66 -22.13751,72 -22.13751,72 -21.86249,66 -21.86249,66 -22.13751))",,POINT(69 -22),69.0,-22.0,"POLYGON((800.67 -359.3598,833.202 -358.5348,834.822 -354.3306,802.23 -355.1556,800.67 -359.3598))",,POINT(818.862 -356.85),010300000001000000050000008FC2F5285C0589409D11A5BDC17576C0560E2DB29D098A406ADE718A8E6876C07F6ABC7493168A40ECC039234A2576C0A4703D0AD71189401FF46C567D3276C08FC2F5285C0589409D11A5BDC17576C0,893.239552160561288,818.862,-356.85,246.453019314,"POLYGON((0.929115 245.828319,0.960294 246.717327,0.960122 247.001763,0.928811 246.120527,0.929115 245.828319))",,POINT(0.945654054665363 246.453019313569),0.945654054665
383,11494.0,HKX,SWPC,nil,nil,,various,,,5e-05,various,,cm,45.0,-17.0,43.5,46.5,"POLYGON((0.725963 245.248281,0.758071 246.38936,0.756109 247.177023,0.723692 246.064114,0.725963 245.248281))",,POINT(0.741131271539866 246.238549247894),"POLYGON((-162.72504 -17.309396,-159.72504 -17.309396,-159.72504 -16.690604,-162.72504 -16.690604,-162.72504 -17.309396))",,POINT(-161.22504 -17),-161.22504,-17.0,"POLYGON((43.5 -17.309396,46.5 -17.309396,46.5 -16.690604,43.5 -16.690604,43.5 -17.309396))",,POINT(45 -17),45.0,-17.0,"POLYGON((622.728 -287.1042,656.112 -286.7934,658.284 -277.0278,624.792 -277.338,622.728 -287.1042))",,POINT(640.71 -282.072),01030000000100000005000000E7FBA9F1D2758340E4839ECDAAF171C037894160E580844058CA32C4B1EC71C083C0CAA14592844043AD69DE715071C07593180456868340C520B072685571C0E7FBA9F1D2758340E4839ECDAAF171C0,700.052796068982275,640.71,-282.072,246.238549248,"POLYGON((0.725963 245.248281,0.758071 246.38936,0.756109 247.177023,0.723692 246.064114,0.725963 245.248281))",,POINT(0.741131271539866 246.238549247894),0.74113127154
384,11493.0,HAX,SWPC,nil,nil,,various,,,5e-05,various,,cm,66.0,15.0,64.0,68.0,"POLYGON((0.906632 286.255722,0.932925 285.81195,0.933084 286.087429,0.906857 286.538641,0.906632 286.255722))",,POINT(0.920387810799983 286.160765599813),"POLYGON((-142.22504 14.871084,-138.22504 14.871084,-138.22504 15.128916,-142.22504 15.128916,-142.22504 14.871084))",,POINT(-140.22504 15),-140.22504,15.0,"POLYGON((64 14.871084,68 14.871084,68 15.128916,64 15.128916,64 14.871084))",,POINT(66 15),66.0,15.0,"POLYGON((822.144 239.7222,847.872 240.1146,846.852 244.23,821.154 243.8394,822.144 239.7222))",,POINT(835.02 241.9758),01030000000100000005000000FED478E926B189407AA52C431CF76D40E5D022DBF97E8A40E4839ECDAA036E40894160E5D0768A408FC2F5285C876E40AC1C5A643BA989406688635DDC7A6E40FED478E926B189407AA52C431CF76D40,869.373733319358962,835.02,241.9758,286.1607656,"POLYGON((0.906632 286.255722,0.932925 285.81195,0.933084 286.087429,0.906857 286.538641,0.906632 286.255722))",,POINT(0.920387810799983 286.160765599813),0.9203878108
385,11499.0,,HMI SHARP,HMI,SDO,"11493,11496,11498,11499,11501",HMI,,,4.99999987369e-05,SDO,,cm,37.9066886902,14.7884140015,18.2236328125,71.1871566772,"POLYGON((0.316887 278.187824,0.947984 273.033867,0.954402 292.625708,0.466013 321.228308,0.316887 278.187824))",,POINT(0.646351691708009 292.738295894022),"POLYGON((169.792603 3.02407,-137.243873 3.02407,-137.243873 21.662552,169.792603 21.662552,169.792603 3.02407))",,POINT(-170.52434 14.788414),-170.52434,14.788414,"POLYGON((18.223633 3.02407,71.187157 3.02407,71.187157 21.662552,18.223633 21.662552,18.223633 3.02407))",,POINT(37.90669 14.788414),37.90669,14.788414,"POLYGON((296.2656 42.62826,894.168 47.39136,832.104 346.8096,275.6454 343.1808,296.2656 42.62826))",,POINT(563.0652 235.9776),01030000000100000005000000151DC9E53F84724046B1DCD26A504540D34D621058F18B40357BA01518B2474046B6F3FDD4008A40772D211FF4AC75406A4DF38E533A7140DE718A8EE4727540151DC9E53F84724046B1DCD26A504540,610.514411912446121,563.0652,235.9776,292.738295894,"POLYGON((0.316887 278.187824,0.947984 273.033867,0.954402 292.625708,0.466013 321.228308,0.316887 278.187824))",,POINT(0.646351691708009 292.738295894022),0.646351691708
386,11504.0,,HMI SHARP,HMI,SDO,"11504,11505",HMI,,,4.99999987369e-05,SDO,,cm,-65.1526412964,-14.9977207184,-73.5632247925,-57.6581573486,"POLYGON((0.965648 110.273721,0.866935 112.870316,0.850725 99.453953,0.961451 98.223097,0.965648 110.273721))",,POINT(0.916571926996905 106.649001886252),"POLYGON((78.005746 -19.390593,93.910814 -19.390593,93.910814 -7.760405,78.005746 -7.760405,78.005746 -19.390593))",,POINT(86.41633 -14.997721),86.41633,-14.997721,"POLYGON((-73.563224 -19.390593,-57.658156 -19.390593,-57.658156 -7.760405,-73.563224 -7.760405,-73.563224 -19.390593))",,POINT(-65.15264 -14.997721),-65.15264,-14.997721,"POLYGON((-855.6 -316.05,-754.494 -318.2502,-792.642 -131.988,-898.806 -129.8898,-855.6 -316.05))",,POINT(-829.458 -248.0448),01030000000100000005000000CDCCCCCCCCBC8AC0CDCCCCCCCCC073C0CBA145B6F39387C05917B7D100E473C04260E5D022C588C0560E2DB29D7F60C09CC420B072168CC0637FD93D793C60C0CDCCCCCCCCBC8AC0CDCCCCCCCCC073C0,865.752156550037057,-829.458,-248.0448,106.649001886,"POLYGON((0.965648 110.273721,0.866935 112.870316,0.850725 99.453953,0.961451 98.223097,0.965648 110.273721))",,POINT(0.916571926996905 106.649001886252),0.916571926997
387,11494.0,,HMI SHARP,HMI,SDO,"11494,11502",HMI,,,4.99999987369e-05,SDO,,cm,46.7791137695,-17.2973690033,36.8068199158,53.5815811157,"POLYGON((0.684708 233.625042,0.843017 241.352797,0.820951 252.498168,0.634284 246.907223,0.684708 233.625042))",,POINT(0.761034785891285 246.487129119057),"POLYGON((-171.624211 -23.495446,-154.849449 -23.495446,-154.849449 -13.974974,-171.624211 -13.974974,-171.624211 -23.495446))",,POINT(-161.651916 -17.297369),-161.651916,-17.297369,"POLYGON((36.806819 -23.495446,53.581581 -23.495446,53.581581 -13.974974,36.806819 -13.974974,36.806819 -23.495446))",,POINT(46.779114 -17.297369),46.779114,-17.297369,"POLYGON((520.728 -383.5626,698.802 -381.7464,739.536 -233.2008,551.109 -234.9858,520.728 -383.5626))",,POINT(659.154 -286.7844),01030000000100000005000000E7FBA9F1D2458040AC8BDB6800F977C023DBF97E6AD68540C05B2041F1DB77C03F355EBA491C87402D211FF46C266DC01D5A643BDF388140B30C71AC8B5F6DC0E7FBA9F1D2458040AC8BDB6800F977C0,718.838846890845161,659.154,-286.7844,246.487129119,"POLYGON((0.684708 233.625042,0.843017 241.352797,0.820951 252.498168,0.634284 246.907223,0.684708 233.625042))",,POINT(0.761034785891285 246.487129119057),0.761034785891
388,11507.0,,HMI SHARP,HMI,SDO,"11507,11508,11509",HMI,,,4.99999987369e-05,SDO,,cm,-44.9487991333,-23.7870140076,-55.1852645874,-34.6346130371,"POLYGON((0.869556 123.810437,0.697878 134.159586,0.603393 113.021187,0.834694 106.25754,0.869556 123.810437))",,POINT(0.76706479047853 122.299315144211),"POLYGON((96.383704 -28.596693,116.934356 -28.596693,116.934356 -13.209273,96.383704 -13.209273,96.383704 -28.596693))",,POINT(106.62017 -23.787014),106.62017,-23.787014,"POLYGON((-55.185266 -28.596693,-34.634614 -28.596693,-34.634614 -13.209273,-55.185266 -13.209273,-55.185266 -28.596693))",,POINT(-44.9488 -23.787014),-44.9488,-23.787014,"POLYGON((-682.44 -457.0338,-472.8996 -459.2262,-524.5476 -222.8862,-756.888 -220.7208,-682.44 -457.0338))",,POINT(-612.426 -387.1494),01030000000100000005000000EC51B81E855385C0AD69DE718A907CC0B537F8C2648E7DC0AF25E4839EB37CC051DA1B7C616480C0E3361AC05BDC6BC0C976BE9F1AA787C09E5E29CB10976BC0EC51B81E855385C0AD69DE718A907CC0,724.534514979348728,-612.426,-387.1494,122.299315144,"POLYGON((0.869556 123.810437,0.697878 134.159586,0.603393 113.021187,0.834694 106.25754,0.869556 123.810437))",,POINT(0.76706479047853 122.299315144211),0.767064790479
389,11497.0,,HMI SHARP,HMI,SDO,11497,HMI,,,4.99999987369e-05,SDO,,cm,73.7331924438,-21.4584598541,68.0631637573,79.206703186,"POLYGON((0.942983 243.843029,0.986679 245.193068,0.985384 251.020033,0.937717 249.903526,0.942983 243.843029))",,POINT(0.967379194134383 247.61532397355),"POLYGON((-140.36787 -24.34694,-129.22433 -24.34694,-129.22433 -18.5887,-140.36787 -18.5887,-140.36787 -24.34694))",,POINT(-134.69784 -21.45846),-134.69784,-21.45846,"POLYGON((68.06316 -24.34694,79.2067 -24.34694,79.2067 -18.5887,68.06316 -18.5887,68.06316 -24.34694))",,POINT(73.73319 -21.45846),73.73319,-21.45846,"POLYGON((799.482 -392.6484,845.976 -391.02,880.146 -302.7144,831.798 -304.3368,799.482 -392.6484))",,POINT(844.89 -347.9742),0103000000010000000500000060E5D022DBFB88409FABADD85F8A78C02B8716D9CE6F8A40B81E85EB517078C0BA490C022B818B4033C4B12E6EEB72C0AAF1D24D62FE8940AF946588630573C060E5D022DBFB88409FABADD85F8A78C0,913.742390373588819,844.89,-347.9742,247.615323974,"POLYGON((0.942983 243.843029,0.986679 245.193068,0.985384 251.020033,0.937717 249.903526,0.942983 243.843029))",,POINT(0.967379194134383 247.61532397355),0.967379194134
390,11506.0,,HMI SHARP,HMI,SDO,11506,HMI,,,4.99999987369e-05,SDO,,cm,-71.7049484253,10.5271511078,-83.3261260986,-58.6747512817,"POLYGON((0.993746 82.176271,0.858522 81.14082,0.863618 74.648891,0.993896 76.533508,0.993746 82.176271))",,POINT(0.952051986556648 79.0767389233868),"POLYGON((68.242843 7.825438,92.894217 7.825438,92.894217 13.430862,68.242843 13.430862,68.242843 7.825438))",,POINT(79.86402 10.527151),79.86402,10.527151,"POLYGON((-83.326127 7.825438,-58.674753 7.825438,-58.674753 13.430862,-83.326127 13.430862,-83.326127 7.825438))",,POINT(-71.70495 10.527151),-71.70495,10.527151,"POLYGON((-929.91 127.7742,-801.246 124.887,-786.63 215.952,-912.978 218.622,-929.91 127.7742))",,POINT(-882.972 170.4054),01030000000100000005000000E17A14AE470F8DC00B24287E8CF15F408716D9CEF70989C054E3A59BC4385F40D7A3703D0A9588C05839B4C876FE6A40E7FBA9F1D2878CC096438B6CE7536B40E17A14AE470F8DC00B24287E8CF15F40,899.265007177061193,-882.972,170.4054,79.0767389234,"POLYGON((0.993746 82.176271,0.858522 81.14082,0.863618 74.648891,0.993896 76.533508,0.993746 82.176271))",,POINT(0.952051986556648 79.0767389233868),0.952051986557
391,11499.0,,HMI SHARP,HMI,SDO,"11493,11496,11498,11499,11501",HMI,,,4.99999987369e-05,SDO,,cm,39.6552276611,14.8811759949,21.259765625,73.447265625,"POLYGON((0.36654 277.235513,0.959801 273.081063,0.96461 292.359035,0.496095 316.991704,0.36654 277.235513))",,POINT(0.66794486340078 292.09761956144),"POLYGON((170.622746 3.093605,-137.189754 3.093605,-137.189754 21.640621,170.622746 21.640621,170.622746 3.093605))",,POINT(-170.981792 14.881176),-170.981792,14.881176,"POLYGON((21.259766 3.093605,73.447266 3.093605,73.447266 21.640621,21.259766 21.640621,21.259766 3.093605))",,POINT(39.655228 14.881176),39.655228,14.881176,"POLYGON((343.4532 43.60452,905.256 48.72684,842.61 346.5942,319.62 342.651,343.4532 43.60452))",,POINT(584.5548 237.3348),01030000000100000005000000C1A8A44E4077754093E34EE960CD4540355EBA490C4A8C405BB6D617095D48407B14AE47E1548A4088F4DBD781A9754052B81E85EBF9734023DBF97E6A6A7540C1A8A44E4077754093E34EE960CD4540,630.897869305389236,584.5548,237.3348,292.097619561,"POLYGON((0.36654 277.235513,0.959801 273.081063,0.96461 292.359035,0.496095 316.991704,0.36654 277.235513))",,POINT(0.66794486340078 292.09761956144),0.667944863401
392,11504.0,,HMI SHARP,HMI,SDO,"11504,11505",HMI,,,4.99999987369e-05,SDO,,cm,-62.9114303589,-14.9647941589,-71.2937545776,-55.367389679,"POLYGON((0.955478 110.735333,0.848489 113.671432,0.829473 99.913884,0.949981 98.507369,0.955478 110.735333))",,POINT(0.900936113077693 106.941239772991),"POLYGON((78.069224 -19.58705,93.995588 -19.58705,93.995588 -7.909426,78.069224 -7.909426,78.069224 -19.58705))",,POINT(86.45155 -14.964794),86.45155,-14.964794,"POLYGON((-71.293756 -19.58705,-55.367392 -19.58705,-55.367392 -7.909426,-71.293756 -7.909426,-71.293756 -19.58705))",,POINT(-62.91143 -14.964794),-62.91143,-14.964794,"POLYGON((-844.026 -319.5258,-733.998 -321.7662,-771.768 -134.8878,-887.418 -132.7422,-844.026 -319.5258))",,POINT(-814.038 -247.9638),0103000000010000000500000091ED7C3F35608AC0CAC342AD69F873C0448B6CE7FBEF86C02063EE5A421C74C0A01A2FDD241E88C071AC8BDB68DC60C0D34D621058BB8BC0EBE2361AC09760C091ED7C3F35608AC0CAC342AD69F873C0,850.966457361534253,-814.038,-247.9638,106.941239773,"POLYGON((0.955478 110.735333,0.848489 113.671432,0.829473 99.913884,0.949981 98.507369,0.955478 110.735333))",,POINT(0.900936113077693 106.941239772991),0.900936113078
393,11494.0,,HMI SHARP,HMI,SDO,"11494,11502",HMI,,,4.99999987369e-05,SDO,,cm,49.1316947937,-17.1621990204,39.2060508728,55.7438201904,"POLYGON((0.708548 235.255703,0.860203 242.155708,0.841136 252.905488,0.664006 247.951852,0.708548 235.255703))",,POINT(0.784755859846955 247.42190464742),"POLYGON((-171.430968 -23.35341,-154.893198 -23.35341,-154.893198 -14.001578,-171.430968 -14.001578,-171.430968 -23.35341))",,POINT(-161.505325 -17.162199),-161.505325,-17.162199,"POLYGON((39.206052 -23.35341,55.743822 -23.35341,55.743822 -14.001578,39.206052 -14.001578,39.206052 -23.35341))",,POINT(49.131695 -17.162199),49.131695,-17.162199,"POLYGON((549.9246 -381.4152,718.422 -379.491,759.384 -233.5374,581.3112 -235.4334,549.9246 -381.4152))",,POINT(684.42 -284.5896),010300000001000000050000000E4FAF94652F8140CA54C1A8A4D677C04C3789416073864060E5D022DBB777C0508D976E12BB8740DA1B7C6132316DC01FF46C567D2A8240C442AD69DE6D6DC00E4FAF94652F8140CA54C1A8A4D677C0,741.230043123023961,684.42,-284.5896,247.421904647,"POLYGON((0.708548 235.255703,0.860203 242.155708,0.841136 252.905488,0.664006 247.951852,0.708548 235.255703))",,POINT(0.784755859846955 247.42190464742),0.784755859847
394,11507.0,,HMI SHARP,HMI,SDO,"11507,11508,11509",HMI,,,4.99999987369e-05,SDO,,cm,-43.042591095,-24.1124134064,-58.595287323,-32.2382164001,"POLYGON((0.89325 122.815541,0.676799 136.039954,0.571797 114.199013,0.864784 105.514793,0.89325 122.815541))",,POINT(0.750423103229794 123.621356164037),"POLYGON((90.767695 -28.630842,117.124765 -28.630842,117.124765 -13.086874,90.767695 -13.086874,90.767695 -28.630842))",,POINT(106.32039 -24.112413),106.32039,-24.112413,"POLYGON((-58.595285 -28.630842,-32.238215 -28.630842,-32.238215 -13.086874,-58.595285 -13.086874,-58.595285 -28.630842))",,POINT(-43.04259 -24.112413),-43.04259,-24.112413,"POLYGON((-709.068 -457.2354,-443.7474 -460.1556,-492.624 -221.3838,-787.056 -218.4888,-709.068 -457.2354))",,POINT(-590.2296 -392.4648),01030000000100000005000000068195438B2886C0A857CA32C4937CC07DD0B359F5BB7BC01FF46C567DC27CC0448B6CE7FBC97EC08E06F01648AC6BC09CC420B0729888C01DC9E53FA44F6BC0068195438B2886C0A857CA32C4937CC0,708.801523668791219,-590.2296,-392.4648,123.621356164,"POLYGON((0.89325 122.815541,0.676799 136.039954,0.571797 114.199013,0.864784 105.514793,0.89325 122.815541))",,POINT(0.750423103229794 123.621356164037),0.75042310323
395,11497.0,,HMI SHARP,HMI,SDO,11497,HMI,,,4.99999987369e-05,SDO,,cm,75.7691802979,-21.2699184418,70.7826461792,81.4053344727,"POLYGON((0.956318 244.350444,0.99176 245.438946,0.990946 251.067335,0.952392 250.160112,0.956318 244.350444))",,POINT(0.975147869455362 248.012635712247),"POLYGON((-139.85437 -24.256897,-129.231682 -24.256897,-129.231682 -18.669425,-139.85437 -18.669425,-139.85437 -24.256897))",,POINT(-134.86784 -21.269918),-134.86784,-21.269918,"POLYGON((70.78265 -24.256897,81.405338 -24.256897,81.405338 -18.669425,70.78265 -18.669425,70.78265 -24.256897))",,POINT(75.76918 -21.269918),75.76918,-21.269918,"POLYGON((814.266 -390.9972,851.994 -389.373,885.348 -303.6864,846.174 -305.307,814.266 -390.9972))",,POINT(854.07 -344.8476),01030000000100000005000000E3A59BC42072894024B9FC87F46F78C0CBA145B6F39F8A408716D9CEF75578C0105839B4C8AA8B4097FF907EFBFA72C008AC1C5A64718A40F4FDD478E91473C0E3A59BC42072894024B9FC87F46F78C0,921.062121751709014,854.07,-344.8476,248.012635712,"POLYGON((0.956318 244.350444,0.99176 245.438946,0.990946 251.067335,0.952392 250.160112,0.956318 244.350444))",,POINT(0.975147869455362 248.012635712247),0.975147869455
396,11506.0,,HMI SHARP,HMI,SDO,11506,HMI,,,4.99999987369e-05,SDO,,cm,-69.3308029175,10.5604715347,-80.7167816162,-56.3250846863,"POLYGON((0.987685 82.212349,0.836925 81.014389,0.84317 74.082869,0.988032 76.293166,0.987685 82.212349))",,POINT(0.938788972027326 78.9101829215676),"POLYGON((68.646195 7.765139,93.037895 7.765139,93.037895 13.609465,68.646195 13.609465,68.646195 7.765139))",,POINT(80.03218 10.560472),80.03218,10.560472,"POLYGON((-80.716785 7.765139,-56.325085 7.765139,-56.325085 13.609465,-80.716785 13.609465,-80.716785 7.765139))",,POINT(-69.3308 10.560472),-69.3308,10.560472,"POLYGON((-924.3 126.4104,-780.804 123.4662,-765.87 218.4114,-906.654 221.133,-924.3 126.4104))",,POINT(-870.162 170.5584),010300000001000000050000006666666666E28CC0D1915CFE439A5F40DF4F8D976E6688C04B598638D6DD5E40295C8FC2F5EE87C0613255302A4D6B40AC1C5A643B558CC0C74B378941A46B406666666666E28CC0D1915CFE439A5F40,886.719839664456799,-870.162,170.5584,78.9101829216,"POLYGON((0.987685 82.212349,0.836925 81.014389,0.84317 74.082869,0.988032 76.293166,0.987685 82.212349))",,POINT(0.938788972027326 78.9101829215676),0.938788972027
397,11499.0,,HMI SHARP,HMI,SDO,"11493,11496,11498,11499,11501",HMI,,,4.99999987369e-05,SDO,,cm,41.591632843,14.8578701019,23.5043640137,75.7285690308,"POLYGON((0.402851 276.999624,0.97021 273.245983,0.973648 292.143878,0.519516 314.241134,0.402851 276.999624))",,POINT(0.690885507713297 291.283603944191),"POLYGON((170.661344 3.272055,-137.11445 3.272055,-137.11445 21.633755,170.661344 21.633755,170.661344 3.272055))",,POINT(-171.251387 14.85787),-171.251387,14.85787,"POLYGON((23.504364 3.272055,75.72857 3.272055,75.72857 21.633755,23.504364 21.633755,23.504364 3.272055))",,POINT(41.591633 14.85787),41.591633,14.85787,"POLYGON((377.6634 46.36872,914.91 51.888,851.796 346.6386,351.5364 342.3456,377.6634 46.36872))",,POINT(608.046 236.8668),01030000000100000005000000AA8251499D9A7740C9B08A37322F4740E17A14AE47978C408B6CE7FBA9F14940EE7C3F355E9E8A409C33A2B437AA754031992A1895F87540F697DD9387657540AA8251499D9A7740C9B08A37322F4740,652.55330744563696,608.046,236.8668,291.283603944,"POLYGON((0.402851 276.999624,0.97021 273.245983,0.973648 292.143878,0.519516 314.241134,0.402851 276.999624))",,POINT(0.690885507713297 291.283603944191),0.690885507713
398,11506.0,,HMI SHARP,HMI,SDO,11506,HMI,,,4.99999987369e-05,SDO,,cm,-67.0458679199,10.5710868835,-78.1145477295,-53.9629325867,"POLYGON((0.979627 82.148936,0.81388 80.762428,0.821291 73.537232,0.980255 76.088481,0.979627 82.148936))",,POINT(0.92454563234663 78.7519864495818),"POLYGON((69.042432 7.788669,93.194048 7.788669,93.194048 13.724613,69.042432 13.724613,69.042432 7.788669))",,POINT(80.11111 10.571087),80.11111,10.571087,"POLYGON((-78.114548 7.788669,-53.962932 7.788669,-53.962932 13.724613,-78.114548 13.724613,-78.114548 7.788669))",,POINT(-67.04587 10.571087),-67.04587,10.571087,"POLYGON((-916.602 126.3912,-758.754 123.402,-743.922 219.834,-898.71 222.6,-916.602 126.3912))",,POINT(-856.476 170.3328),01030000000100000005000000894160E5D0A48CC07E8CB96B09995F4079E9263108B687C07D3F355EBAD95E404C378941603F87C0A69BC420B07A6B4048E17A14AE158CC03333333333D36B40894160E5D0A48CC07E8CB96B09995F40,873.249335145375312,-856.476,170.3328,78.7519864496,"POLYGON((0.979627 82.148936,0.81388 80.762428,0.821291 73.537232,0.980255 76.088481,0.979627 82.148936))",,POINT(0.92454563234663 78.7519864495818),0.924545632347
399,11497.0,,HMI SHARP,HMI,SDO,11497,HMI,,,4.99999987369e-05,SDO,,cm,77.9763870239,-21.1741714478,73.3799972534,83.449256897,"POLYGON((0.96742 244.883294,0.995397 245.743328,0.99494 251.021382,0.964646 250.294263,0.96742 244.883294))",,POINT(0.98244784591103 248.300613221733),"POLYGON((-139.46302 -24.068473,-129.39376 -24.068473,-129.39376 -18.811695,-139.46302 -18.811695,-139.46302 -24.068473))",,POINT(-134.86663 -21.174171),-134.86663,-21.174171,"POLYGON((73.38 -24.068473,83.44926 -24.068473,83.44926 -18.811695,73.38 -18.811695,73.38 -24.068473))",,POINT(77.97639 -21.174171),77.97639,-21.174171,"POLYGON((827.346 -387.8514,857.166 -386.2452,888.654 -305.6172,857.766 -307.2216,827.346 -387.8514))",,POINT(862.182 -343.0932),0103000000010000000500000054E3A59BC4DA8940083D9B559F3D78C017D9CEF753C98A40ABCFD556EC2378C0AC1C5A643BC58B4076711B0DE01973C0E3A59BC420CE8A40B30C71AC8B3373C054E3A59BC4DA8940083D9B559F3D78C0,927.93897698622402,862.182,-343.0932,248.300613222,"POLYGON((0.96742 244.883294,0.995397 245.743328,0.99494 251.021382,0.964646 250.294263,0.96742 244.883294))",,POINT(0.98244784591103 248.300613221733),0.982447845911
400,11494.0,,HMI SHARP,HMI,SDO,"11494,11502",HMI,,,4.99999987369e-05,SDO,,cm,51.4637908936,-17.0660076141,41.7467460632,58.1050491333,"POLYGON((0.733871 236.72074,0.878237 242.866912,0.861919 253.330686,0.694495 248.956676,0.733871 236.72074))",,POINT(0.807452698007901 248.219725855358),"POLYGON((-171.096276 -23.285715,-154.737972 -23.285715,-154.737972 -14.009605,-171.096276 -14.009605,-171.096276 -23.285715))",,POINT(-161.37923 -17.066008),-161.37923,-17.066008,"POLYGON((41.746744 -23.285715,58.105048 -23.285715,58.105048 -14.009605,41.746744 -14.009605,41.746744 -23.285715))",,POINT(51.46379 -17.066008),51.46379,-17.066008,"POLYGON((579.4812 -380.3478,738.222 -378.3054,779.886 -233.5218,612.216 -235.539,579.4812 -380.3478))",,POINT(708.21 -282.981),01030000000100000005000000AEB6627FD91B8240C898BB9690C577C0B29DEFA7C61187402D431CEBE2A477C00C022B87165F8840B1E1E995B2306DC07D3F355EBA2183406891ED7C3F716DC0AEB6627FD91B8240C898BB9690C577C0,762.653034125610816,708.21,-282.981,248.219725855,"POLYGON((0.733871 236.72074,0.878237 242.866912,0.861919 253.330686,0.694495 248.956676,0.733871 236.72074))",,POINT(0.807452698007901 248.219725855358),0.807452698008
401,11504.0,,HMI SHARP,HMI,SDO,"11504,11505",HMI,,,4.99999987369e-05,SDO,,cm,-60.7580986023,-14.7208490372,-69.1087188721,-53.0517272949,"POLYGON((0.944446 111.098036,0.828583 114.407564,0.806206 99.8469,0.937412 98.314127,0.944446 111.098036))",,POINT(0.884481794432068 107.019453576489),"POLYGON((78.048261 -19.661147,94.105253 -19.661147,94.105253 -7.595255,78.048261 -7.595255,78.048261 -19.661147))",,POINT(86.39888 -14.720849),86.39888,-14.720849,"POLYGON((-69.108719 -19.661147,-53.051727 -19.661147,-53.051727 -7.595255,-69.108719 -7.595255,-69.108719 -19.661147))",,POINT(-60.7581 -14.720849),-60.7581,-14.720849,"POLYGON((-832.248 -321.105,-712.668 -323.394,-750.258 -130.2246,-876.096 -128.0292,-832.248 -321.105))",,POINT(-798.822 -244.521),01030000000100000005000000448B6CE7FB018AC048E17A14AE1174C0D34D6210584586C0FCA9F1D24D3674C0F2D24D62107287C0D0D556EC2F4760C054E3A59BC4608BC062A1D634EF0060C0448B6CE7FB018AC048E17A14AE1174C0,835.408347531313552,-798.822,-244.521,107.019453576,"POLYGON((0.944446 111.098036,0.828583 114.407564,0.806206 99.8469,0.937412 98.314127,0.944446 111.098036))",,POINT(0.884481794432068 107.019453576489),0.884481794432
402,11507.0,,HMI SHARP,HMI,SDO,"11507,11508,11509",HMI,,,4.99999987369e-05,SDO,,cm,-40.5881347656,-24.2916603088,-57.3351745605,-29.9375457764,"POLYGON((0.885241 123.351878,0.657773 138.140588,0.541605 115.715735,0.853988 105.75012,0.885241 123.351878))",,POINT(0.727568680867939 125.150408980079),"POLYGON((89.821806 -28.778713,117.219434 -28.778713,117.219434 -13.094525,89.821806 -13.094525,89.821806 -28.778713))",,POINT(106.568845 -24.29166),106.568845,-24.29166,"POLYGON((-57.335174 -28.778713,-29.937546 -28.778713,-29.937546 -13.094525,-57.335174 -13.094525,-57.335174 -28.778713))",,POINT(-40.588135 -24.29166),-40.588135,-24.29166,"POLYGON((-698.424 -459.6846,-414.582 -462.7182,-460.8894 -221.967,-776.322 -218.9472,-698.424 -459.6846))",,POINT(-561.8856 -395.6388),0103000000010000000500000008AC1C5A64D385C0772D211FF4BA7CC05A643BDF4FE979C0CC7F48BF7DEB7CC000917EFB3ACE7CC06DE7FBA9F1BE6BC07F6ABC74934288C0AED85F764F5E6BC008AC1C5A64D385C0772D211FF4BA7CC0,687.201198742260658,-561.8856,-395.6388,125.15040898,"POLYGON((0.885241 123.351878,0.657773 138.140588,0.541605 115.715735,0.853988 105.75012,0.885241 123.351878))",,POINT(0.727568680867939 125.150408980079),0.727568680868
403,11499.0,,HMI SHARP,HMI,SDO,"11493,11496,11498,11499,11501",HMI,,,4.99999987369e-05,SDO,,cm,43.2408943176,14.8671789169,25.525138855,78.2950668335,"POLYGON((0.435021 276.851896,0.980079 273.406102,0.982242 291.87225,0.540512 311.896592,0.435021 276.851896))",,POINT(0.710063691382711 290.686846028714),"POLYGON((170.476119 3.443211,-136.753953 3.443211,-136.753953 21.553429,170.476119 21.553429,170.476119 3.443211))",,POINT(-171.808126 14.867179),-171.808126,14.867179,"POLYGON((25.525139 3.443211,78.295067 3.443211,78.295067 21.553429,25.525139 21.553429,25.525139 3.443211))",,POINT(43.240894 14.867179),43.240894,14.867179,"POLYGON((407.9424 49.01898,924.048 54.99732,860.946 345.6138,380.001 340.9146,407.9424 49.01898))",,POINT(627.414 236.9154),0103000000010000000500000002BC0512147F794098A3C7EF6D824840AAF1D24D62E08C40C8D2872EA87F4B4021B0726891E78A408FE4F21FD2997540BC74931804C07740BF0E9C33A24E754002BC0512147F794098A3C7EF6D824840,670.654332837088305,627.414,236.9154,290.686846029,"POLYGON((0.435021 276.851896,0.980079 273.406102,0.982242 291.87225,0.540512 311.896592,0.435021 276.851896))",,POINT(0.710063691382711 290.686846028714),0.710063691383
404,11506.0,,HMI SHARP,HMI,SDO,11506,HMI,,,4.99999987369e-05,SDO,,cm,-64.6550064087,10.5826864243,-75.3987884521,-51.3393707275,"POLYGON((0.969107 82.01139,0.786781 80.380765,0.795788 72.733947,0.970144 75.7277,0.969107 82.01139))",,POINT(0.908132250943055 78.5622596603984),"POLYGON((69.552191 7.865842,93.611609 7.865842,93.611609 13.956344,69.552191 13.956344,69.552191 7.865842))",,POINT(80.29597 10.582686),80.29597,10.582686,"POLYGON((-75.398789 7.865842,-51.339371 7.865842,-51.339371 13.956344,-75.398789 13.956344,-75.398789 7.865842))",,POINT(-64.65501 10.582686),-64.65501,10.582686,"POLYGON((-906.438 127.2078,-732.666 124.1742,-717.75 223.0878,-888.018 225.8958,-906.438 127.2078))",,POINT(-840.696 170.0904),010300000001000000050000002FDD240681538CC0F7065F984CCD5F4017D9CEF753E586C0A5BDC117260B5F4000000000006E86C0D712F241CFE26B40A01A2FDD24C08BC038F8C264AA3C6C402FDD240681538CC0F7065F984CCD5F40,857.729857582304362,-840.696,170.0904,78.5622596604,"POLYGON((0.969107 82.01139,0.786781 80.380765,0.795788 72.733947,0.970144 75.7277,0.969107 82.01139))",,POINT(0.908132250943055 78.5622596603984),0.908132250943
405,11494.0,,HMI SHARP,HMI,SDO,"11494,11502",HMI,,,4.99999987369e-05,SDO,,cm,53.7835273743,-17.0206928253,44.1963615417,60.355594635,"POLYGON((0.756756 238.272034,0.894038 243.731064,0.880469 253.723084,0.722848 249.847654,0.756756 238.272034))",,POINT(0.829128802535261 248.88205038743),"POLYGON((-170.852659 -22.995105,-154.693425 -22.995105,-154.693425 -13.991983,-170.852659 -13.991983,-170.852659 -22.995105))",,POINT(-161.265493 -17.020693),-161.265493,-17.020693,"POLYGON((44.196361 -22.995105,60.355595 -22.995105,60.355595 -13.991983,44.196361 -13.991983,44.196361 -22.995105))",,POINT(53.783527 -17.020693),53.783527,-17.020693,"POLYGON((607.938 -375.8802,757.212 -373.7268,798.27 -233.0814,640.932 -235.212,607.938 -375.8802))",,POINT(730.518 -282.1464),010300000001000000050000002FDD240681FF8240075F984C157E77C004560E2DB2A98740BA6B09F9A05B77C05C8FC2F528F288409F3C2CD49A226DC0FA7E6ABC74078440105839B4C8666DC02FDD240681FF8240075F984C157E77C0,783.111192205142743,730.518,-282.1464,248.882050387,"POLYGON((0.756756 238.272034,0.894038 243.731064,0.880469 253.723084,0.722848 249.847654,0.756756 238.272034))",,POINT(0.829128802535261 248.88205038743),0.829128802535
406,11504.0,,HMI SHARP,HMI,SDO,"11504,11505",HMI,,,4.99999987369e-05,SDO,,cm,-58.5828666687,-14.484208107,-67.0133972168,-50.8175048828,"POLYGON((0.932824 111.521511,0.80858 115.231577,0.782572 99.879458,0.924092 98.205829,0.932824 111.521511))",,POINT(0.866660517721373 107.137996882071),"POLYGON((77.937584 -19.769251,94.133476 -19.769251,94.133476 -7.357911,77.937584 -7.357911,77.937584 -19.769251))",,POINT(86.368113 -14.484208),86.368113,-14.484208,"POLYGON((-67.013396 -19.769251,-50.817504 -19.769251,-50.817504 -7.357911,-67.013396 -7.357911,-67.013396 -19.769251))",,POINT(-58.582867 -14.484208),-58.582867,-14.484208,"POLYGON((-819.624 -323.214,-690.84 -325.5498,-728.178 -126.8184,-863.868 -124.575,-819.624 -323.214))",,POINT(-782.214 -241.2084),01030000000100000005000000A245B6F3FD9C89C08195438B6C3374C01F85EB51B89685C074B515FBCB5874C08195438B6CC186C0F8C264AA60B45FC06DE7FBA9F1FE8AC0CDCCCCCCCC245FC0A245B6F3FD9C89C08195438B6C3374C0,818.559853661636566,-782.214,-241.2084,107.137996882,"POLYGON((0.932824 111.521511,0.80858 115.231577,0.782572 99.879458,0.924092 98.205829,0.932824 111.521511))",,POINT(0.866660517721373 107.137996882071),0.866660517721
407,11507.0,,HMI SHARP,HMI,SDO,"11507,11508,11509",HMI,,,4.99999987369e-05,SDO,,cm,-38.3082275391,-24.2959976196,-55.5395202637,-27.5358867645,"POLYGON((0.873285 124.08585,0.638437 140.505109,0.509811 117.539459,0.837953 106.106371,0.873285 124.08585))",,POINT(0.705154439167673 126.500661910651),"POLYGON((89.411458 -28.929617,117.415094 -28.929617,117.415094 -13.106855,89.411458 -13.106855,89.411458 -28.929617))",,POINT(106.642752 -24.295998),106.642752,-24.295998,"POLYGON((-55.539522 -28.929617,-27.535886 -28.929617,-27.535886 -13.106855,-55.539522 -13.106855,-55.539522 -28.929617))",,POINT(-38.308228 -24.295998),-38.308228,-24.295998,"POLYGON((-683.112 -462.2556,-383.5158 -465.3264,-426.957 -222.6336,-760.38 -219.564,-683.112 -462.2556))",,POINT(-535.3782 -396.1686),0103000000010000000500000037894160E55885C0B98D06F016E47CC06E3480B740F877C0A1D634EF38157DC05A643BDF4FAF7AC0DCD7817346D46BC0D7A3703D0AC387C0355EBA490C726BC037894160E55885C0B98D06F016E47CC0,666.017549814717654,-535.3782,-396.1686,126.500661911,"POLYGON((0.873285 124.08585,0.638437 140.505109,0.509811 117.539459,0.837953 106.106371,0.873285 124.08585))",,POINT(0.705154439167673 126.500661910651),0.705154439168
408,11497.0,,HMI SHARP,HMI,SDO,11497,HMI,,,4.99999987369e-05,SDO,,cm,80.3683319092,-21.3032188416,76.05027771,85.1450576782,"POLYGON((0.977099 245.668987,0.997611 246.300825,0.997389 250.869826,0.975396 250.321466,0.977099 245.668987))",,POINT(0.988995102185202 248.34265282497),"POLYGON((-138.99874 -23.586495,-129.90396 -23.586495,-129.90396 -19.026961,-138.99874 -19.026961,-138.99874 -23.586495))",,POINT(-134.68069 -21.303219),-134.68069,-21.303219,"POLYGON((76.05028 -23.586495,85.14506 -23.586495,85.14506 -19.026961,76.05028 -19.026961,76.05028 -23.586495))",,POINT(80.36833 -21.303219),80.36833,-21.303219,"POLYGON((840.9 -380.229,862.782 -378.72,890.01 -308.7186,867.456 -310.2276,840.9 -380.229))",,POINT(868.164 -344.736),010300000001000000050000003333333333478A408B6CE7FBA9C377C0C74B378941F68A40EC51B81E85AB77C0AE47E17A14D08B407DAEB6627F4B73C0CFF753E3A51B8B401DC9E53FA46373C03333333333478A408B6CE7FBA9C377C0,934.104726779604675,868.164,-344.736,248.342652825,"POLYGON((0.977099 245.668987,0.997611 246.300825,0.997389 250.869826,0.975396 250.321466,0.977099 245.668987))",,POINT(0.988995102185202 248.34265282497),0.988995102185
409,11499.0,,HMI SHARP,HMI,SDO,"11493,11496,11498,11499,11501",HMI,,,4.99999987369e-05,SDO,,cm,44.949924469,14.8960094452,27.7801609039,80.9158096313,"POLYGON((0.469985 276.315681,0.988125 273.395912,0.989284 291.522791,0.563635 309.368271,0.469985 276.315681))",,POINT(0.729533195872369 290.144953759395),"POLYGON((170.525131 3.440483,-136.339223 3.440483,-136.339223 21.353583,170.525131 21.353583,170.525131 3.440483))",,POINT(-172.305106 14.896009),-172.305106,14.896009,"POLYGON((27.780161 3.440483,80.915807 3.440483,80.915807 21.353583,27.780161 21.353583,27.780161 3.440483))",,POINT(44.949924 14.896009),44.949924,14.896009,"POLYGON((441.198 48.83094,931.626 55.28208,869.208 342.7896,411.546 337.6662,441.198 48.83094))",,POINT(646.878 237.2994),01030000000100000005000000BA490C022B937B401878EE3D5C6A48405EBA490C021D8D40876D8B321BA44B408B6CE7FBA9298B40BF0E9C33A26C7540DBF97E6ABCB8794086C954C1A81A7540BA490C022B937B401878EE3D5C6A4840,689.029863013469139,646.878,237.2994,290.144953759,"POLYGON((0.469985 276.315681,0.988125 273.395912,0.989284 291.522791,0.563635 309.368271,0.469985 276.315681))",,POINT(0.729533195872369 290.144953759395),0.729533195872
410,11507.0,,HMI SHARP,HMI,SDO,"11507,11508,11509",HMI,,,4.99999987369e-05,SDO,,cm,-35.95570755,-24.2534351349,-53.4162864685,-24.9322624207,"POLYGON((0.859718 125.395713,0.622013 143.685425,0.472327 119.052508,0.817317 106.060803,0.859718 125.395713))",,POINT(0.68141186661174 127.974907750335),"POLYGON((89.328685 -29.459529,117.812707 -29.459529,117.812707 -12.704229,89.328685 -12.704229,89.328685 -29.459529))",,POINT(106.789262 -24.253435),106.789262,-24.253435,"POLYGON((-53.416285 -29.459529,-24.932263 -29.459529,-24.932263 -12.704229,-53.416285 -12.704229,-53.416285 -29.459529))",,POINT(-35.955708 -24.253435),-35.955708,-24.253435,"POLYGON((-661.908 -470.319,-347.916 -473.3778,-389.973 -216.633,-741.81 -213.5628,-661.908 -470.319))",,POINT(-507.3216 -396.0054),010300000001000000050000002506819543AF84C0C976BE9F1A657DC02DB29DEFA7BE75C0DC4603780B967DC021B07268915F78C0C74B378941146BC014AE47E17A2E87C00B46257502B26AC02506819543AF84C0C976BE9F1A657DC0,643.5802068551518,-507.3216,-396.0054,127.97490775,"POLYGON((0.859718 125.395713,0.622013 143.685425,0.472327 119.052508,0.817317 106.060803,0.859718 125.395713))",,POINT(0.68141186661174 127.974907750335),0.681411866612
411,11506.0,,HMI SHARP,HMI,SDO,11506,HMI,,,4.99999987369e-05,SDO,,cm,-62.2968902588,10.6251974106,-72.753868103,-48.9350128174,"POLYGON((0.956776 82.03641,0.760359 80.207823,0.771122 71.995401,0.958343 75.413962,0.956776 82.03641))",,POINT(0.890476535533928 78.3150241690514),"POLYGON((69.991102 7.771031,93.809958 7.771031,93.809958 14.111229,69.991102 14.111229,69.991102 7.771031))",,POINT(80.44808 10.625197),80.44808,10.625197,"POLYGON((-72.753868 7.771031,-48.935012 7.771031,-48.935012 14.111229,-72.753868 14.111229,-72.753868 7.771031))",,POINT(-62.29689 10.625197),-62.29689,10.625197,"POLYGON((-894.942 125.196,-707.682 122.1384,-692.646 225.1158,-875.964 227.9436,-894.942 125.196))",,POINT(-823.608 170.3358),01030000000100000005000000A8C64B3789F78BC0068195438B4C5F40FA7E6ABC741D86C00D71AC8BDB885E40BA490C022BA585C00F9C33A2B4236C40C1CAA145B65F8BC02E90A0F8317E6C40A8C64B3789F78BC0068195438B4C5F40,841.037705709821466,-823.608,170.3358,78.3150241691,"POLYGON((0.956776 82.03641,0.760359 80.207823,0.771122 71.995401,0.958343 75.413962,0.956776 82.03641))",,POINT(0.890476535533928 78.3150241690514),0.890476535534
412,11504.0,,HMI SHARP,HMI,SDO,"11504,11505",HMI,,,4.99999987369e-05,SDO,,cm,-56.3484764099,-14.3927459717,-64.8015823364,-48.6694412231,"POLYGON((0.919371 111.927308,0.788384 116.01612,0.758775 99.988181,0.908725 98.174818,0.919371 111.927308))",,POINT(0.847356205608012 107.468198896026),"POLYGON((77.943391 -19.806644,94.075529 -19.806644,94.075529 -7.174818,77.943391 -7.174818,77.943391 -19.806644))",,POINT(86.396494 -14.392746),86.396494,-14.392746,"POLYGON((-64.801579 -19.806644,-48.669441 -19.806644,-48.669441 -7.174818,-64.801579 -7.174818,-64.801579 -19.806644))",,POINT(-56.348476 -14.392746),-56.348476,-14.392746,"POLYGON((-805.512 -324.2598,-669.162 -326.6052,-705.786 -124.299,-849.552 -122.0412,-805.512 -324.2598))",,POINT(-763.404 -240.2346),010300000001000000050000006ABC7493182C89C003780B24284474C09EEFA7C64BE984C0A1F831E6AE6974C03F355EBA490E86C04260E5D022135FC023DBF97E6A8C8AC018265305A3825EC06ABC7493182C89C003780B24284474C0,800.311395803633445,-763.404,-240.2346,107.468198896,"POLYGON((0.919371 111.927308,0.788384 116.01612,0.758775 99.988181,0.908725 98.174818,0.919371 111.927308))",,POINT(0.847356205608012 107.468198896026),0.847356205608
413,11494.0,,HMI SHARP,HMI,SDO,"11494,11502",HMI,,,4.99999987369e-05,SDO,,cm,56.0903358459,-16.9309864044,46.6209373474,62.5402641296,"POLYGON((0.779836 239.414903,0.908851 244.280704,0.897353 254.008332,0.750047 250.56368,0.779836 239.414903))",,POINT(0.849522170382069 249.531100228869),"POLYGON((-170.634093 -22.927564,-154.714767 -22.927564,-154.714767 -14.0288,-170.634093 -14.0288,-170.634093 -22.927564))",,POINT(-161.164694 -16.930986),-161.164694,-16.930986,"POLYGON((46.620937 -22.927564,62.540263 -22.927564,62.540263 -14.0288,46.620937 -14.0288,46.620937 -22.927564))",,POINT(56.090336 -16.930986),56.090336,-16.930986,"POLYGON((634.068 -374.7642,773.352 -372.51,814.734 -233.493,668.034 -235.728,634.068 -374.7642))",,POINT(751.698 -280.5834),01030000000100000005000000068195438BD08340A779C7293A6C77C0894160E5D02A88405C8FC2F5284877C01D5A643BDF758940B29DEFA7C62F6DC083C0CAA145E084409EEFA7C64B776DC0068195438BD08340A779C7293A6C77C0,802.35710725309832,751.698,-280.5834,249.531100229,"POLYGON((0.779836 239.414903,0.908851 244.280704,0.897353 254.008332,0.750047 250.56368,0.779836 239.414903))",,POINT(0.849522170382069 249.531100228869),0.849522170382
414,11499.0,,HMI SHARP,HMI,SDO,"11493,11496,11498,11499,11501",HMI,,,4.99999987369e-05,SDO,,cm,46.7349739075,14.8606920242,30.2877540588,83.472946167,"POLYGON((0.508185 276.023391,0.99399 273.496824,0.99447 291.165428,0.589753 306.791082,0.508185 276.023391))",,POINT(0.749147121869966 289.543053715298),"POLYGON((170.826714 3.539211,-135.988094 3.539211,-135.988094 21.097761,170.826714 21.097761,170.826714 3.539211))",,POINT(-172.726066 14.860692),-172.726066,14.860692,"POLYGON((30.287754 3.539211,83.472946 3.539211,83.472946 21.097761,30.287754 21.097761,30.287754 3.539211))",,POINT(46.734974 14.860692),46.734974,14.860692,"POLYGON((477.312 50.36454,937.038 57.25956,875.88 339.1236,446.0586 333.5862,477.312 50.36454))",,POINT(666.78 236.6832),01030000000100000005000000A245B6F3FDD47D40BB0A293FA92E4940FCA9F1D24D488D40C5AC174339A14C40D7A3703D0A5F8B40925CFE43FA317540BBB88D06F0E07B40A54E401361D97440A245B6F3FDD47D40BB0A293FA92E4940,707.54116881086145,666.78,236.6832,289.543053715,"POLYGON((0.508185 276.023391,0.99399 273.496824,0.99447 291.165428,0.589753 306.791082,0.508185 276.023391))",,POINT(0.749147121869966 289.543053715298),0.74914712187
415,11497.0,,HMI SHARP,HMI,SDO,11497,HMI,,,4.99999987369e-05,SDO,,cm,84.047958374,-22.4816761017,81.6475524902,87.3130722046,"POLYGON((0.992192 246.285918,0.999415 246.534403,0.999359 250.023883,0.991702 249.797143,0.992192 246.285918))",,POINT(0.996178430766853 247.358672827781),"POLYGON((-137.813484 -23.420848,-132.147964 -23.420848,-132.147964 -19.932952,-137.813484 -19.932952,-137.813484 -23.420848))",,POINT(-135.41308 -22.481676),-135.41308,-22.481676,"POLYGON((81.647556 -23.420848,87.313076 -23.420848,87.313076 -19.932952,81.647556 -19.932952,81.647556 -23.420848))",,POINT(84.04796 -22.481676),84.04796,-22.481676,"POLYGON((857.964 -376.8714,865.848 -375.8634,887.07 -322.4484,879 -323.4588,857.964 -376.8714))",,POINT(868.344 -362.1918),01030000000100000005000000C1CAA145B6CF8A40C05B2041F18D77C0105839B4C80E8B40DDB5847CD07D77C0C3F5285C8FB88B406C787AA52C2774C00000000000788B407A36AB3E573774C0C1CAA145B6CF8A40C05B2041F18D77C0,940.852912161747099,868.344,-362.1918,247.358672828,"POLYGON((0.992192 246.285918,0.999415 246.534403,0.999359 250.023883,0.991702 249.797143,0.992192 246.285918))",,POINT(0.996178430766853 247.358672827781),0.996178430767
416,11507.0,,HMI SHARP,HMI,SDO,"11507,11508,11509",HMI,,,4.99999987369e-05,SDO,,cm,-33.7943382263,-24.2930240631,-51.1644020081,-22.5748844147,"POLYGON((0.844962 126.828646,0.609195 146.784363,0.440428 121.356888,0.794927 106.515874,0.844962 126.828646))",,POINT(0.659951760796932 129.570244762814),"POLYGON((89.374557 -29.989189,117.964075 -29.989189,117.964075 -12.664807,89.374557 -12.664807,89.374557 -29.989189))",,POINT(106.74462 -24.293024),106.74462,-24.293024,"POLYGON((-51.164403 -29.989189,-22.574885 -29.989189,-22.574885 -12.664807,-51.164403 -12.664807,-51.164403 -29.989189))",,POINT(-33.79434 -24.293024),-33.79434,-24.293024,"POLYGON((-638.772 -478.3608,-315.1782 -481.356,-355.2126 -216.456,-719.802 -213.432,-638.772 -478.3608))",,POINT(-480.4668 -397.0566),010300000001000000050000001904560E2DF683C0598638D6C5E57DC05B423EE8D9B273C004560E2DB2157EC013F241CF663376C03BDF4F8D970E6BC023DBF97E6A7E86C0E7FBA9F1D2AD6AC01904560E2DF683C0598638D6C5E57DC0,623.299518294214636,-480.4668,-397.0566,129.570244763,"POLYGON((0.844962 126.828646,0.609195 146.784363,0.440428 121.356888,0.794927 106.515874,0.844962 126.828646))",,POINT(0.659951760796932 129.570244762814),0.659951760797
417,11506.0,,HMI SHARP,HMI,SDO,11506,HMI,,,4.99999987369e-05,SDO,,cm,-59.9775657654,10.6303815842,-70.3658447266,-46.6004333496,"POLYGON((0.94391 82.043618,0.733455 79.998925,0.745947 71.308672,0.946032 75.173247,0.94391 82.043618))",,POINT(0.871676187098867 78.0856850779069),"POLYGON((70.173114 7.688614,93.938526 7.688614,93.938526 14.18123,70.173114 14.18123,70.173114 7.688614))",,POINT(80.561394 10.630382),80.561394,10.630382,"POLYGON((-70.365846 7.688614,-46.600434 7.688614,-46.600434 14.18123,-70.365846 14.18123,-70.365846 7.688614))",,POINT(-59.977566 10.630382),-59.977566,10.630382,"POLYGON((-882.906 123.399,-682.194 120.3024,-667.362 225.777,-863.742 228.642,-882.906 123.399))",,POINT(-805.53 169.962),010300000001000000050000006891ED7C3F978BC0A8C64B3789D95E40643BDF4F8D5185C0DE9387855A135E4037894160E5DA84C0BE9F1A2FDD386C400E2DB29DEFFD8AC0068195438B946C406891ED7C3F978BC0A8C64B3789D95E40,823.265244222055003,-805.53,169.962,78.0856850779,"POLYGON((0.94391 82.043618,0.733455 79.998925,0.745947 71.308672,0.946032 75.173247,0.94391 82.043618))",,POINT(0.871676187098867 78.0856850779069),0.871676187099
418,11504.0,,HMI SHARP,HMI,SDO,"11504,11505",HMI,,,4.99999987369e-05,SDO,,cm,-54.0951728821,-14.3613634109,-62.5305595398,-46.3605079651,"POLYGON((0.904372 112.37582,0.765808 116.924878,0.732103 100.217704,0.891565 98.219115,0.904372 112.37582))",,POINT(0.826819062973581 107.917056670176),"POLYGON((78.0084 -19.83276,94.178452 -19.83276,94.178452 -7.043388,78.0084 -7.043388,78.0084 -19.83276))",,POINT(86.443787 -14.361363),86.443787,-14.361363,"POLYGON((-62.53056 -19.83276,-46.360508 -19.83276,-46.360508 -7.043388,-62.53056 -7.043388,-62.53056 -19.83276))",,POINT(-54.095173 -14.361363),-54.095173,-14.361363,"POLYGON((-789.834 -325.1562,-644.874 -327.5154,-680.478 -122.6544,-833.4 -120.3786,-789.834 -325.1562))",,POINT(-743.028 -240.2358),01030000000100000005000000E9263108ACAE88C02A3A92CB7F5274C0A245B6F3FD2684C0BC0512143F7874C0E7FBA9F1D24385C027A089B0E1A95EC033333333330B8AC000917EFB3A185EC0E9263108ACAE88C02A3A92CB7F5274C0,780.899384290729245,-743.028,-240.2358,107.91705667,"POLYGON((0.904372 112.37582,0.765808 116.924878,0.732103 100.217704,0.891565 98.219115,0.904372 112.37582))",,POINT(0.826819062973581 107.917056670176),0.826819062974
419,11494.0,,HMI SHARP,HMI,SDO,"11494,11502",HMI,,,4.99999987369e-05,SDO,,cm,58.4845809937,-16.8003330231,49.0901756287,64.7532577515,"POLYGON((0.7988 241.787917,0.921439 245.976325,0.913167 254.345356,0.776417 251.303938,0.7988 241.787917))",,POINT(0.869443587114373 250.18713233176),"POLYGON((-170.370866 -21.747321,-154.707784 -21.747321,-154.707784 -13.993837,-170.370866 -13.993837,-170.370866 -21.747321))",,POINT(-160.97646 -16.800333),-160.97646,-16.800333,"POLYGON((49.090174 -21.747321,64.753256 -21.747321,64.753256 -13.993837,49.090174 -13.993837,49.090174 -21.747321))",,POINT(58.48458 -16.800333),58.48458,-16.800333,"POLYGON((664.812 -356.6496,794.88 -354.297,830.46 -232.7226,694.602 -235.0566,664.812 -356.6496))",,POINT(772.548 -278.3304),01030000000100000005000000D122DBF97EC68440B537F8C2644A76C0D7A3703D0AD78840986E1283C02476C048E17A14AEF38940DE02098A1F176DC0894160E5D0B48540849ECDAACF616DC0D122DBF97EC68440B537F8C2644A76C0,821.156637839675568,772.548,-278.3304,250.187132332,"POLYGON((0.7988 241.787917,0.921439 245.976325,0.913167 254.345356,0.776417 251.303938,0.7988 241.787917))",,POINT(0.869443587114373 250.18713233176),0.869443587114
420,11493.0,HAX,SWPC,nil,nil,,various,,,5e-05,various,,cm,80.0,16.0,79.0,81.0,"POLYGON((0.983319 285.865766,0.988874 285.791783,0.988931 286.417563,0.983403 286.495003,0.983319 285.865766))",,POINT(0.986270179748251 286.140081013727),"POLYGON((-140.46104 15.690604,-138.46104 15.690604,-138.46104 16.309396,-140.46104 16.309396,-140.46104 15.690604))",,POINT(-139.46104 16),-139.46104,16.0,"POLYGON((79 15.690604,81 15.690604,81 16.309396,79 16.309396,79 15.690604))",,POINT(80 16),80.0,16.0,"POLYGON((893.328 253.8942,898.704 254.1684,895.926 263.9838,890.562 263.712,893.328 253.8942))",,POINT(894.78 258.9432),01030000000100000005000000B4C876BE9FEA8B40AA8251499DBC6F401283C0CAA1158C40AF94658863C56F40C520B07268FF8B40E09C11A5BD7F7040D122DBF97ED48B4008AC1C5A647B7040B4C876BE9FEA8B40AA8251499DBC6F40,931.494943210235533,894.78,258.9432,286.140081014,"POLYGON((0.983319 285.865766,0.988874 285.791783,0.988931 286.417563,0.983403 286.495003,0.983319 285.865766))",,POINT(0.986270179748251 286.140081013727),0.986270179748
421,11496.0,AXX,SWPC,nil,nil,,various,,,5e-05,various,,cm,62.0,17.0,61.5,62.5,"POLYGON((0.890081 288.788766,0.897511 288.636118,0.897731 288.864182,0.890323 289.018465,0.890081 288.788766))",,POINT(0.893942207905169 288.825866200731),"POLYGON((-157.96104 16.896868,-156.96104 16.896868,-156.96104 17.103132,-157.96104 17.103132,-157.96104 16.896868))",,POINT(-157.46104 17),-157.46104,17.0,"POLYGON((61.5 16.896868,62.5 16.896868,62.5 17.103132,61.5 17.103132,61.5 16.896868))",,POINT(62 17),62.0,17.0,"POLYGON((795.852 270.756,803.22 270.8772,802.332 274.1394,794.976 274.0188,795.852 270.756))",,POINT(799.128 272.448),01030000000100000005000000894160E5D0DE88406ABC749318EC7040F6285C8FC2198940D200DE0209EE70402DB29DEFA712894000917EFB3A2271402B8716D9CED78840A3923A014D207140894160E5D0DE88406ABC749318EC7040,844.294660108661219,799.128,272.448,288.825866201,"POLYGON((0.890081 288.788766,0.897511 288.636118,0.897731 288.864182,0.890323 289.018465,0.890081 288.788766))",,POINT(0.893942207905169 288.825866200731),0.893942207905
422,11499.0,CAO,SWPC,nil,nil,,various,,,5e-05,various,,cm,43.0,16.0,40.0,46.0,"POLYGON((0.675569 293.347031,0.743981 291.141319,0.744474 291.365883,0.676233 293.590491,0.675569 293.347031))",,POINT(0.710769631407225 292.279461712567),"POLYGON((-179.46104 15.914057,-173.46104 15.914057,-173.46104 16.085943,-179.46104 16.085943,-179.46104 15.914057))",,POINT(-176.46104 16),-176.46104,16.0,"POLYGON((40 15.914057,46 15.914057,46 16.085943,40 16.085943,40 15.914057))",,POINT(43 16),43.0,16.0,"POLYGON((585.807 252.8586,655.368 253.4286,654.804 256.1652,585.3018 255.5964,585.807 252.8586))",,POINT(621.18 254.5044),01030000000100000005000000FA7E6ABC744E82400F0BB5A6799B6F406DE7FBA9F17A844019E25817B7AD6F40DF4F8D976E768440CA54C1A8A4027040764F1E166A4A8240B3EA73B515F36F40FA7E6ABC744E82400F0BB5A6799B6F40,671.295078202842205,621.18,254.5044,292.279461713,"POLYGON((0.675569 293.347031,0.743981 291.141319,0.744474 291.365883,0.676233 293.590491,0.675569 293.347031))",,POINT(0.710769631407225 292.279461712567),0.710769631407
423,11505.0,DAO,SWPC,nil,nil,,various,,,5e-05,various,,cm,-51.0,-10.0,-54.0,-48.0,"POLYGON((0.818964 102.795681,0.756163 103.946698,0.755832 103.721912,0.818729 102.587185,0.818964 102.795681))",,POINT(0.788419547849714 103.223056846735),"POLYGON((86.53896 -10.085943,92.53896 -10.085943,92.53896 -9.914057,86.53896 -9.914057,86.53896 -10.085943))",,POINT(89.53896 -10),89.53896,-10.0,"POLYGON((-54 -10.085943,-48 -10.085943,-48 -9.914057,-54 -9.914057,-54 -10.085943))",,POINT(-51 -10),-51.0,-10.0,"POLYGON((-754.272 -171.3066,-693.114 -172.128,-693.48 -169.3332,-754.674 -168.5124,-754.272 -171.3066))",,POINT(-724.89 -170.3292),010300000001000000050000001904560E2D9287C0849ECDAACF6965C0F4FDD478E9A885C06ABC7493188465C0A4703D0AD7AB85C0DFE00B93A92A65C008AC1C5A649587C00E4FAF94651065C01904560E2D9287C0849ECDAACF6965C0,744.63249222192826,-724.89,-170.3292,103.223056847,"POLYGON((0.818964 102.795681,0.756163 103.946698,0.755832 103.721912,0.818729 102.587185,0.818964 102.795681))",,POINT(0.788419547849714 103.223056846735),0.78841954785
424,11506.0,CAO,SWPC,nil,nil,,various,,,5e-05,various,,cm,-66.0,11.0,-67.0,-65.0,"POLYGON((0.924247 78.588349,0.910625 78.433769,0.910914 77.86822,0.924486 78.030868,0.924247 78.588349))",,POINT(0.917696345313499 78.2326009157871),"POLYGON((73.53896 10.74217,75.53896 10.74217,75.53896 11.25783,73.53896 11.25783,73.53896 10.74217))",,POINT(74.53896 11),74.53896,11.0,"POLYGON((-67 10.74217,-65 10.74217,-65 11.25783,-67 11.25783,-67 10.74217))",,POINT(-66 11),-66.0,11.0,"POLYGON((-855.66 172.7124,-842.586 172.4406,-841.11 180.8064,-854.16 181.0764,-855.66 172.7124))",,POINT(-848.514 176.76),01030000000100000005000000E17A14AE47BD8AC074B515FBCB966540A69BC420B0548AC0C3D32B65198E65407B14AE47E1488AC0D26F5F07CE996640E17A14AE47B18AC043AD69DE71A26640E17A14AE47BD8AC074B515FBCB966540,866.729545934601219,-848.514,176.76,78.2326009158,"POLYGON((0.924247 78.588349,0.910625 78.433769,0.910914 77.86822,0.924486 78.030868,0.924247 78.588349))",,POINT(0.917696345313499 78.2326009157871),0.917696345313
425,11504.0,DAI,SWPC,nil,nil,,various,,,5e-05,various,,cm,-51.0,-18.0,-56.0,-46.0,"POLYGON((0.851112 111.876854,0.756124 114.921607,0.755279 114.607965,0.850623 111.592069,0.851112 111.876854))",,POINT(0.805628241742096 113.082105029461),"POLYGON((84.53896 -18.123758,94.53896 -18.123758,94.53896 -17.876242,84.53896 -17.876242,84.53896 -18.123758))",,POINT(89.53896 -18),89.53896,-18.0,"POLYGON((-56 -18.123758,-46 -18.123758,-46 -17.876242,-56 -17.876242,-56 -18.123758))",,POINT(-51 -18),-51.0,-18.0,"POLYGON((-745.956 -299.5224,-647.634 -300.9186,-648.546 -297.0366,-747.006 -295.641,-745.956 -299.5224))",,POINT(-699.972 -298.305),01030000000100000005000000CFF753E3A54F87C0E3361AC05BB872C0508D976E123D84C0B1E1E995B2CE72C0EE7C3F355E4484C08AB0E1E9959072C0355EBA490C5887C0C74B3789417A72C0CFF753E3A54F87C0E3361AC05BB872C0,760.885453803001724,-699.972,-298.305,113.082105029,"POLYGON((0.851112 111.876854,0.756124 114.921607,0.755279 114.607965,0.850623 111.592069,0.851112 111.876854))",,POINT(0.805628241742096 113.082105029461),0.805628241742
426,11497.0,CAO,SWPC,nil,nil,,various,,,5e-05,various,,cm,83.0,-22.0,80.0,86.0,"POLYGON((0.988301 247.469382,0.998428 247.780249,0.998415 248.055543,0.988245 247.747041,0.988301 247.469382))",,POINT(0.994513141912615 247.791312038375),"POLYGON((-139.46104 -22.13751,-133.46104 -22.13751,-133.46104 -21.86249,-139.46104 -21.86249,-139.46104 -22.13751))",,POINT(-136.46104 -22),-136.46104,-22.0,"POLYGON((80 -22.13751,86 -22.13751,86 -21.86249,80 -21.86249,80 -22.13751))",,POINT(83 -22),83.0,-22.0,"POLYGON((862.17 -357.6624,872.952 -356.5962,874.644 -352.3932,863.844 -353.46,862.17 -357.6624))",,POINT(869.598 -355.0302),010300000001000000050000008FC2F5285CF18A40ED0DBE30995A76C0560E2DB29D478B4001DE02098A4976C0FED478E926558B40984C158C4A0676C0986E1283C0FE8A408FC2F5285C1776C08FC2F5285CF18A40ED0DBE30995A76C0,939.280109720226051,869.598,-355.0302,247.791312038,"POLYGON((0.988301 247.469382,0.998428 247.780249,0.998415 248.055543,0.988245 247.747041,0.988301 247.469382))",,POINT(0.994513141912615 247.791312038375),0.994513141913
427,11507.0,DAO,SWPC,nil,nil,,various,,,5e-05,various,,cm,-29.0,-26.0,-33.5,-24.5,"POLYGON((0.669772 132.032228,0.584505 140.231568,0.583133 140.063008,0.668767 131.861579,0.669772 132.032228))",,POINT(0.625920318275273 135.679609509104),"POLYGON((107.03896 -26.068754,116.03896 -26.068754,116.03896 -25.931246,107.03896 -25.931246,107.03896 -26.068754))",,POINT(111.53896 -26),111.53896,-26.0,"POLYGON((-33.5 -26.068754,-24.5 -26.068754,-24.5 -25.931246,-33.5 -25.931246,-33.5 -26.068754))",,POINT(-29 -26),-29.0,-26.0,"POLYGON((-469.8564 -423.5394,-353.1342 -424.32,-353.5494 -422.286,-470.409 -421.5048,-469.8564 -423.5394))",,POINT(-413.0244 -422.9406),01030000000100000005000000B6847CD0B35D7DC066F7E461A1787AC0F931E6AE251276C085EB51B81E857AC0C286A757CA1876C07F6ABC7493647AC0068195438B667DC055302AA913587AC0B6847CD0B35D7DC066F7E461A1787AC0,591.158105859777606,-413.0244,-422.9406,135.679609509,"POLYGON((0.669772 132.032228,0.584505 140.231568,0.583133 140.063008,0.668767 131.861579,0.669772 132.032228))",,POINT(0.625920318275273 135.679609509104),0.625920318275
428,11494.0,HAX,SWPC,nil,nil,,various,,,5e-05,various,,cm,60.0,-16.0,58.5,61.5,"POLYGON((0.868688 250.824922,0.892197 251.382525,0.891596 251.916498,0.867946 251.37167,0.868688 250.824922))",,POINT(0.880367902889605 251.383367623229),"POLYGON((-160.96104 -16.240642,-157.96104 -16.240642,-157.96104 -15.759358,-160.96104 -15.759358,-160.96104 -16.240642))",,POINT(-159.46104 -16),-159.46104,-16.0,"POLYGON((58.5 -16.240642,61.5 -16.240642,61.5 -15.759358,58.5 -15.759358,58.5 -16.240642))",,POINT(60 -16),60.0,-16.0,"POLYGON((774.924 -269.4792,798.552 -269.0136,800.484 -261.3834,776.796 -261.8484,774.924 -269.4792))",,POINT(787.968 -265.4352),0103000000010000000500000008AC1C5A64378840E4839ECDAAD770C023DBF97E6AF488409C33A2B437D070C01D5A643BDF03894095D40968225670C0EE7C3F355E468840D3DEE00B935D70C008AC1C5A64378840E4839ECDAAD770C0,831.47424158721833,787.968,-265.4352,251.383367623,"POLYGON((0.868688 250.824922,0.892197 251.382525,0.891596 251.916498,0.867946 251.37167,0.868688 250.824922))",,POINT(0.880367902889605 251.383367623229),0.88036790289
429,11497.0,,HMI SHARP,HMI,SDO,11497,HMI,,,4.99999987369e-05,SDO,,cm,86.1129837036,-22.4138145447,83.5615768433,89.6912231445,"POLYGON((0.995561 246.405526,1.000003 246.591101,1.000007 248.368652,0.995403 248.189491,0.995561 246.405526))",,POINT(0.998542681435959 247.506194572957),"POLYGON((-138.105483 -23.406869,-131.975837 -23.406869,-131.975837 -21.629249,-138.105483 -21.629249,-138.105483 -23.406869))",,POINT(-135.55408 -22.413815),-135.55408,-22.413815,"POLYGON((83.561577 -23.406869,89.691223 -23.406869,89.691223 -21.629249,83.561577 -21.629249,83.561577 -23.406869))",,POINT(86.11298 -22.413815),86.11298,-22.413815,"POLYGON((861.648 -376.3458,866.712 -375.2196,877.938 -348.156,872.808 -349.284,861.648 -376.3458))",,POINT(871.32 -360.8022),0103000000010000000500000077BE9F1A2FED8A404FAF9465888577C004560E2DB2158B403A234A7B837377C02FDD2406816F8B40D122DBF97EC275C05839B4C876468B40068195438BD475C077BE9F1A2FED8A404FAF9465888577C0,943.067744080370971,871.32,-360.8022,247.506194573,"POLYGON((0.995561 246.405526,1.000003 246.591101,1.000007 248.368652,0.995403 248.189491,0.995561 246.405526))",,POINT(0.998542681435959 247.506194572957),0.998542681436
430,11499.0,,HMI SHARP,HMI,SDO,"11493,11496,11498,11499,11501",HMI,,,4.99999987369e-05,SDO,,cm,48.5590667725,14.910284996,32.557975769,86.1390151978,"POLYGON((0.541976 275.872103,0.998002 273.634205,0.998091 291.118588,0.615381 305.037338,0.541976 275.872103))",,POINT(0.768807164431754 289.088191913706),"POLYGON((170.890915 3.665884,-135.528045 3.665884,-135.528045 21.11057,170.890915 21.11057,170.890915 3.665884))",,POINT(-173.107993 14.910285),-173.107993,14.910285,"POLYGON((32.557975 3.665884,86.139015 3.665884,86.139015 21.11057,32.557975 21.11057,32.557975 3.665884))",,POINT(48.559067 14.910285),48.559067,14.910285,"POLYGON((509.1804 52.36812,940.662 59.74524,879.33 339.633,475.8684 333.669,509.1804 52.36812))",,POINT(686.172 237.45),010300000001000000050000002D431CEBE2D27F407380608E1E2F4A409EEFA7C64B658D40E5D5390664DF4D40713D0AD7A37A8B40E3A59BC4203A75408BFD65F7E4BD7D4062105839B4DA74402D431CEBE2D27F407380608E1E2F4A40,726.095390485299845,686.172,237.45,289.088191914,"POLYGON((0.541976 275.872103,0.998002 273.634205,0.998091 291.118588,0.615381 305.037338,0.541976 275.872103))",,POINT(0.768807164431754 289.088191913706),0.768807164432
431,11494.0,,HMI SHARP,HMI,SDO,"11494,11502",HMI,,,4.99999987369e-05,SDO,,cm,60.9805641174,-16.7131519318,51.6090927124,66.9951400757,"POLYGON((0.821185 242.88021,0.934628 246.562123,0.927923 254.646395,0.802108 251.97031,0.821185 242.88021))",,POINT(0.888964722672193 250.756234009088),"POLYGON((-170.057968 -21.555243,-154.67192 -21.555243,-154.67192 -13.966585,-170.057968 -13.966585,-170.057968 -21.555243))",,POINT(-160.686496 -16.713152),-160.686496,-16.713152,"POLYGON((51.609092 -21.555243,66.99514 -21.555243,66.99514 -13.966585,51.609092 -13.966585,51.609092 -21.555243))",,POINT(60.980564 -16.713152),60.980564,-16.713152,"POLYGON((690.294 -353.5422,809.874 -351.0996,845.094 -232.0416,720.348 -234.468,690.294 -353.5422))",,POINT(792.666 -276.7146),010300000001000000050000003108AC1C5A928540423EE8D9AC1876C0A245B6F3FD4E8940E86A2BF697F175C0986E1283C0688A406FF085C954016DC0105839B4C8828640E5D022DBF94E6DC03108AC1C5A928540423EE8D9AC1876C0,839.57748743588877,792.666,-276.7146,250.756234009,"POLYGON((0.821185 242.88021,0.934628 246.562123,0.927923 254.646395,0.802108 251.97031,0.821185 242.88021))",,POINT(0.888964722672193 250.756234009088),0.888964722672
432,11506.0,,HMI SHARP,HMI,SDO,11506,HMI,,,4.99999987369e-05,SDO,,cm,-57.9336471558,10.6822948456,-68.2343826294,-44.2158889771,"POLYGON((0.931045 82.041997,0.704754 79.738444,0.719823 70.234476,0.933877 74.693942,0.931045 82.041997))",,POINT(0.854020253022033 77.8058409112549),"POLYGON((70.098557 7.613561,94.117051 7.613561,94.117051 14.467901,70.098557 14.467901,70.098557 7.613561))",,POINT(80.399293 10.682295),80.399293,10.682295,"POLYGON((-68.234383 7.613561,-44.215889 7.613561,-44.215889 14.467901,-68.234383 14.467901,-68.234383 7.613561))",,POINT(-57.933647 10.682295),-57.933647,10.682295,"POLYGON((-870.852 121.7394,-654.954 118.5714,-639.78 229.9002,-850.71 232.8246,-870.852 121.7394))",,POINT(-788.376 170.3688),01030000000100000005000000894160E5D0368BC065AA6054526F5E401283C0CAA17784C0CD3B4ED191A45D400AD7A3703DFE83C07FFB3A70CEBC6C4048E17A14AE958AC003098A1F631A6D40894160E5D0368BC065AA6054526F5E40,806.574389247166664,-788.376,170.3688,77.8058409113,"POLYGON((0.931045 82.041997,0.704754 79.738444,0.719823 70.234476,0.933877 74.693942,0.931045 82.041997))",,POINT(0.854020253022033 77.8058409112549),0.854020253022
433,11504.0,,HMI SHARP,HMI,SDO,"11504,11505",HMI,,,4.99999987369e-05,SDO,,cm,-51.8505439758,-14.2407827377,-60.3215484619,-44.0387077332,"POLYGON((0.888737 112.895863,0.742454 117.976035,0.704049 100.436855,0.873514 98.234386,0.888737 112.895863))",,POINT(0.805066464255046 108.306340989744),"POLYGON((78.01139 -19.891394,94.29423 -19.891394,94.29423 -6.87752,78.01139 -6.87752,78.01139 -19.891394))",,POINT(86.482396 -14.240783),86.482396,-14.240783,"POLYGON((-60.32155 -19.891394,-44.03871 -19.891394,-44.03871 -6.87752,-60.32155 -6.87752,-60.32155 -19.891394))",,POINT(-51.850544 -14.240783),-51.850544,-14.240783,"POLYGON((-773.232 -326.5602,-619.266 -328.9374,-653.934 -120.4542,-816.48 -118.1568,-773.232 -326.5602))",,POINT(-721.86 -238.821),0103000000010000000500000060E5D022DB2988C082734694F66874C0E3A59BC4205A83C054742497FF8E74C0B6F3FDD4786F84C0F775E09C111D5EC0A4703D0AD78389C0D200DE02098A5DC060E5D022DB2988C082734694F66874C0,760.340272273539426,-721.86,-238.821,108.30634099,"POLYGON((0.888737 112.895863,0.742454 117.976035,0.704049 100.436855,0.873514 98.234386,0.888737 112.895863))",,POINT(0.805066464255046 108.306340989744),0.805066464255
434,11507.0,,HMI SHARP,HMI,SDO,"11507,11508,11509",HMI,,,4.99999987369e-05,SDO,,cm,-31.6282234192,-24.204624176,-49.289768219,-20.3050518036,"POLYGON((0.831219 127.715544,0.593794 149.50095,0.409401 123.816667,0.775307 106.844358,0.831219 127.715544))",,POINT(0.637478232836788 131.151467192421),"POLYGON((89.043173 -30.091121,118.027887 -30.091121,118.027887 -12.558461,89.043173 -12.558461,89.043173 -30.091121))",,POINT(106.704717 -24.204624),106.704717,-24.204624,"POLYGON((-49.289767 -30.091121,-20.305053 -30.091121,-20.305053 -12.558461,-49.289767 -12.558461,-49.289767 -30.091121))",,POINT(-31.628223 -24.204624),-31.628223,-24.204624,"POLYGON((-621.012 -480.2418,-284.622 -483.2106,-321.243 -215.1888,-700.818 -212.1816,-621.012 -480.2418))",,POINT(-453.3366 -396.1884),010300000001000000050000006ABC7493186883C0C442AD69DE037EC0CBA145B6F3C971C09A081B9E5E337EC0D9CEF753E31374C0832F4CA60AE66AC0068195438BE685C0849ECDAACF856AC06ABC7493186883C0C442AD69DE037EC0,602.062555881130947,-453.3366,-396.1884,131.151467192,"POLYGON((0.831219 127.715544,0.593794 149.50095,0.409401 123.816667,0.775307 106.844358,0.831219 127.715544))",,POINT(0.637478232836788 131.151467192421),0.637478232837
435,11496.0,,HMI SHARP,HMI,SDO,,HMI,,,4.99999987369e-05,SDO,,cm,70.6896896362,17.8599567413,68.5151367188,73.4533081055,"POLYGON((0.937063 288.00563,0.962565 287.556832,0.96332 289.592873,0.938378 290.091387,0.937063 288.00563))",,POINT(0.94950524647015 288.664335639581),"POLYGON((-153.151926 17.027084,-148.213754 17.027084,-148.213754 18.991752,-153.151926 18.991752,-153.151926 17.027084))",,POINT(-150.97737 17.859957),-150.97737,17.859957,"POLYGON((68.515134 17.027084,73.453306 17.027084,73.453306 18.991752,68.515134 18.991752,68.515134 17.027084))",,POINT(70.68969 17.859957),70.68969,17.859957,"POLYGON((841.662 273.564,866.742 274.2282,857.124 305.088,832.314 304.4418,841.662 273.564))",,POINT(849.594 286.9824),010300000001000000050000009EEFA7C64B4D8A401B2FDD24061971400E2DB29DEF158B40280F0BB5A6237140A245B6F3FDC88A40C520B072681173408D976E1283028A40F775E09C110773409EEFA7C64B4D8A401B2FDD2406197140,896.754627947779341,849.594,286.9824,288.66433564,"POLYGON((0.937063 288.00563,0.962565 287.556832,0.96332 289.592873,0.938378 290.091387,0.937063 288.00563))",,POINT(0.94950524647015 288.664335639581),0.94950524647
436,11499.0,,HMI SHARP,HMI,SDO,"11493,11496,11498,11499,11501",HMI,,,4.99999987369e-05,SDO,,cm,50.037311554,14.9357099533,34.8420791626,89.779586792,"POLYGON((0.575063 275.677804,1.00001 273.749656,1.000007 291.135398,0.641128 303.47851,0.575063 275.677804))",,POINT(0.78421765733457 288.72884934073),"POLYGON((170.968999 3.752163,-134.093493 3.752163,-134.093493 21.138305,170.968999 21.138305,170.968999 3.752163))",,POINT(-173.83577 14.93571),-173.83577,14.93571,"POLYGON((34.842079 3.752163,89.779587 3.752163,89.779587 21.138305,34.842079 21.138305,34.842079 3.752163))",,POINT(50.03731 14.93571),50.03731,14.93571,"POLYGON((540.4404 53.73168,942.414 61.7634,880.902 340.5372,505.0416 334.0074,540.4404 53.73168))",,POINT(701.418 237.8106),0103000000010000000500000044696FF085E380409291B3B0A7DD4A405A643BDF4F738D4019E25817B7E14E40F0A7C64B37878B4094F6065F9848754038F8C264AA907F40D95F764F1EE0744044696FF085E380409291B3B0A7DD4A40,740.635600141094983,701.418,237.8106,288.728849341,"POLYGON((0.575063 275.677804,1.00001 273.749656,1.000007 291.135398,0.641128 303.47851,0.575063 275.677804))",,POINT(0.78421765733457 288.72884934073),0.784217657335
437,11507.0,,HMI SHARP,HMI,SDO,"11507,11508,11509",HMI,,,4.99999987369e-05,SDO,,cm,-29.2362518311,-24.1480178833,-47.2113800049,-17.9312992096,"POLYGON((0.815429 128.721994,0.578555 152.495218,0.376642 126.691221,0.752482 107.152438,0.815429 128.721994))",,POINT(0.612964484641363 133.136617471347),"POLYGON((88.915539 -30.163669,118.195621 -30.163669,118.195621 -12.366379,88.915539 -12.366379,88.915539 -30.163669))",,POINT(106.890668 -24.148018),106.890668,-24.148018,"POLYGON((-47.211381 -30.163669,-17.931299 -30.163669,-17.931299 -12.366379,-47.211381 -12.366379,-47.211381 -30.163669))",,POINT(-29.236252 -24.148018),-29.236252,-24.148018,"POLYGON((-600.834 -481.7376,-252.3408 -484.6434,-285.2328 -212.538,-679.056 -209.5854,-600.834 -481.7376))",,POINT(-422.4378 -395.817),01030000000100000005000000E9263108ACC682C07958A835CD1B7EC042CF66D5E78A6FC0F163CC5D4B4A7EC024287E8CB9D371C0F0A7C64B37916AC09CC420B0723885C082E2C798BB326AC0E9263108ACC682C07958A835CD1B7EC0,578.899639279417784,-422.4378,-395.817,133.136617471,"POLYGON((0.815429 128.721994,0.578555 152.495218,0.376642 126.691221,0.752482 107.152438,0.815429 128.721994))",,POINT(0.612964484641363 133.136617471347),0.612964484641
438,11506.0,,HMI SHARP,HMI,SDO,11506,HMI,,,4.99999987369e-05,SDO,,cm,-55.4481163025,10.7275857925,-66.0802459717,-41.9474334717,"POLYGON((0.916747 82.041007,0.676315 79.475459,0.693473 69.438426,0.920266 74.450257,0.916747 82.041007))",,POINT(0.831164779241519 77.4479449491885),"POLYGON((70.046672 7.527791,94.179488 7.527791,94.179488 14.504985,70.046672 14.504985,70.046672 7.527791))",,POINT(80.678804 10.727586),80.678804,10.727586,"POLYGON((-66.080248 7.527791,-41.947432 7.527791,-41.947432 14.504985,-66.080248 14.504985,-66.080248 7.527791))",,POINT(-55.448116 10.727586),-55.448116,10.727586,"POLYGON((-857.46 119.8824,-627.984 116.6682,-613.212 230.022,-837.312 232.9902,-857.46 119.8824))",,POINT(-766.212 170.5956),0103000000010000000500000048E17A14AECB8AC0637FD93D79F85D401D5A643BDF9F83C0FBCBEEC9C32A5D4004560E2DB22983C062105839B4C06C40D122DBF97E2A8AC0F90FE9B7AF1F6D4048E17A14AECB8AC0637FD93D79F85D40,784.973685981485687,-766.212,170.5956,77.4479449492,"POLYGON((0.916747 82.041007,0.676315 79.475459,0.693473 69.438426,0.920266 74.450257,0.916747 82.041007))",,POINT(0.831164779241519 77.4479449491885),0.831164779242
439,11494.0,,HMI SHARP,HMI,SDO,"11494,11502",HMI,,,4.99999987369e-05,SDO,,cm,63.2316741943,-16.6694927216,54.3513641357,69.2666015625,"POLYGON((0.844248 244.055956,0.946774 247.211951,0.941533 254.92012,0.82857 252.613887,0.844248 244.055956))",,POINT(0.905384117317608 251.183407554934),"POLYGON((-169.521718 -21.263089,-154.606476 -21.263089,-154.606476 -13.940265,-169.521718 -13.940265,-169.521718 -21.263089))",,POINT(-160.641406 -16.669493),-160.641406,-16.669493,"POLYGON((54.351362 -21.263089,69.266604 -21.263089,69.266604 -13.940265,54.351362 -13.940265,54.351362 -21.263089))",,POINT(63.231674 -16.669493),63.231674,-16.669493,"POLYGON((716.976 -348.8262,824.364 -346.3284,858.588 -231.3414,746.772 -233.8254,716.976 -348.8262))",,POINT(809.37 -275.7936),010300000001000000050000002B8716D9CE67864048BF7D1D38CD75C0F4FDD478E9C289401AC05B2041A575C062105839B4D48A40575BB1BFECEA6CC01904560E2D568740CAC342AD693A6DC02B8716D9CE67864048BF7D1D38CD75C0,855.068363758688065,809.37,-275.7936,251.183407555,"POLYGON((0.844248 244.055956,0.946774 247.211951,0.941533 254.92012,0.82857 252.613887,0.844248 244.055956))",,POINT(0.905384117317608 251.183407554934),0.905384117318
440,11504.0,,HMI SHARP,HMI,SDO,"11504,11505",HMI,,,4.99999987369e-05,SDO,,cm,-49.5678863525,-14.1889724731,-58.08411026,-41.8024520874,"POLYGON((0.871927 113.522043,0.719539 119.151156,0.676074 100.774264,0.853963 98.346006,0.871927 113.522043))",,POINT(0.781981653928852 108.842579948762),"POLYGON((78.042808 -19.993099,94.324466 -19.993099,94.324466 -6.779469,78.042808 -6.779469,78.042808 -19.993099))",,POINT(86.559034 -14.188972),86.559034,-14.188972,"POLYGON((-58.084112 -19.993099,-41.802454 -19.993099,-41.802454 -6.779469,-58.084112 -6.779469,-58.084112 -19.993099))",,POINT(-49.567886 -14.188972),-49.567886,-14.188972,"POLYGON((-755.046 -328.6488,-593.478 -331.02,-627.246 -119.3616,-797.964 -117.0648,-755.046 -328.6488))",,POINT(-698.946 -238.5204),01030000000100000005000000EE7C3F355E9887C051DA1B7C618A74C0E7FBA9F1D28B82C0B81E85EB51B074C08716D9CEF79983C0F38E537424D75DC0C1CAA145B6EF88C0F931E6AE25445DC0EE7C3F355E9887C051DA1B7C618A74C0,738.523860232125571,-698.946,-238.5204,108.842579949,"POLYGON((0.871927 113.522043,0.719539 119.151156,0.676074 100.774264,0.853963 98.346006,0.871927 113.522043))",,POINT(0.781981653928852 108.842579948762),0.781981653929
441,11499.0,,HMI SHARP,HMI,SDO,"11493,11496,11498,11499,11501",HMI,,,4.99999987369e-05,SDO,,cm,51.3024749756,14.9255113602,37.3373184204,90.0189590454,"POLYGON((0.610363 275.830601,1.000005 274.045097,1.000011 291.088609,0.668509 301.854889,0.610363 275.830601))",,POINT(0.796980856544725 288.400833759289),"POLYGON((171.25822 4.045103,-136.06014 4.045103,-136.06014 21.089499,171.25822 21.089499,171.25822 4.045103))",,POINT(-174.776625 14.925511),-174.776625,14.925511,"POLYGON((37.33732 4.045103,90.01896 4.045103,90.01896 21.089499,37.33732 21.089499,37.33732 4.045103))",,POINT(51.302475 14.925511),51.302475,14.925511,"POLYGON((573.4494 58.55832,942.06 66.6204,881.166 339.8124,536.2572 333.2052,573.4494 58.55832))",,POINT(714.192 237.5916),0103000000010000000500000094F6065F98EB8140F3599E0777474D4014AE47E17A708D400F9C33A2B4A7504017D9CEF753898B4054742497FF3C754040A4DFBE0EC280403A92CB7F48D3744094F6065F98EB8140F3599E0777474D40,752.675216314819295,714.192,237.5916,288.400833759,"POLYGON((0.610363 275.830601,1.000005 274.045097,1.000011 291.088609,0.668509 301.854889,0.610363 275.830601))",,POINT(0.796980856544725 288.400833759289),0.796980856545
442,11504.0,,HMI SHARP,HMI,SDO,"11504,11505",HMI,,,4.99999987369e-05,SDO,,cm,-47.2566757202,-14.0620117188,-55.911693573,-39.519367218,"POLYGON((0.854605 114.153964,0.695482 120.426034,0.646498 101.177712,0.833749 98.475629,0.854605 114.153964))",,POINT(0.757339821551507 109.353785418343),"POLYGON((78.009207 -20.063687,94.401533 -20.063687,94.401533 -6.686241,78.009207 -6.686241,78.009207 -20.063687))",,POINT(86.664224 -14.062012),86.664224,-14.062012,"POLYGON((-55.911693 -20.063687,-39.519367 -20.063687,-39.519367 -6.686241,-55.911693 -6.686241,-55.911693 -20.063687))",,POINT(-47.256676 -14.062012),-47.256676,-14.062012,"POLYGON((-736.434 -330.2556,-566.364 -332.6298,-598.9764 -118.3584,-778.8 -116.0538,-736.434 -330.2556))",,POINT(-674.82 -237.03),01030000000100000005000000B6F3FDD4780387C0B98D06F016A474C0F4FDD478E9B281C055302AA913CA74C0849ECDAACFB782C0BBB88D06F0965DC066666666665688C096218E7571035DC0B6F3FDD4780387C0B98D06F016A474C0,715.237899792789221,-674.82,-237.03,109.353785418,"POLYGON((0.854605 114.153964,0.695482 120.426034,0.646498 101.177712,0.833749 98.475629,0.854605 114.153964))",,POINT(0.757339821551507 109.353785418343),0.757339821552
443,11507.0,,HMI SHARP,HMI,SDO,"11507,11508,11509",HMI,,,4.99999987369e-05,SDO,,cm,-27.122549057,-24.1718883514,-45.0326004028,-15.633099556,"POLYGON((0.799032 129.98498,0.566724 155.676947,0.346903 130.339396,0.727949 107.716706,0.799032 129.98498))",,POINT(0.592162627819829 135.171303109184),"POLYGON((88.888299 -30.352633,118.287801 -30.352633,118.287801 -12.310651,88.888299 -12.310651,88.888299 -30.352633))",,POINT(106.79835 -24.171888),106.79835,-24.171888,"POLYGON((-45.032601 -30.352633,-15.633099 -30.352633,-15.633099 -12.310651,-45.032601 -12.310651,-45.032601 -30.352633))",,POINT(-27.12255 -24.171888),-27.12255,-24.171888,"POLYGON((-578.1936 -484.9038,-220.4466 -487.7118,-249.7182 -212.0718,-654.876 -209.208,-578.1936 -484.9038))",,POINT(-394.2606 -396.6252),010300000001000000050000000B24287E8C1182C0FF21FDF6754E7EC0984C158C4A8E6BC0AF946588637B7EC097FF907EFB366FC04A7B832F4C826AC05EBA490C027784C02DB29DEFA7266AC00B24287E8C1182C0FF21FDF6754E7EC0,559.243211838463026,-394.2606,-396.6252,135.171303109,"POLYGON((0.799032 129.98498,0.566724 155.676947,0.346903 130.339396,0.727949 107.716706,0.799032 129.98498))",,POINT(0.592162627819829 135.171303109184),0.59216262782
444,11494.0,,HMI SHARP,HMI,SDO,"11494,11502",HMI,,,4.99999987369e-05,SDO,,cm,65.759727478,-16.5087890625,56.9220352173,71.3949813843,"POLYGON((0.865241 244.816252,0.957269 247.554768,0.953025 255.202071,0.8518 253.207144,0.865241 244.816252))",,POINT(0.922265659523954 251.737529845738),"POLYGON((-169.157065 -21.206469,-154.684115 -21.206469,-154.684115 -13.866659,-169.157065 -13.866659,-169.157065 -21.206469))",,POINT(-160.31937 -16.50879),-160.31937,-16.50879,"POLYGON((56.922035 -21.206469,71.394985 -21.206469,71.394985 -13.866659,56.922035 -13.866659,56.922035 -21.206469))",,POINT(65.75973 -16.50879),65.75973,-16.50879,"POLYGON((739.47 -347.712,835.566 -345.1674,870.192 -229.881,770.142 -232.4148,739.47 -347.712))",,POINT(827.124 -272.9442),01030000000100000005000000F6285C8FC21B874008AC1C5A64BB75C04A0C022B871C8A409B559FABAD9275C0A8C64B3789318B40D578E92631BC6CC04260E5D022118840304CA60A460D6DC0F6285C8FC21B874008AC1C5A64BB75C0,870.99520531954704,827.124,-272.9442,251.737529846,"POLYGON((0.865241 244.816252,0.957269 247.554768,0.953025 255.202071,0.8518 253.207144,0.865241 244.816252))",,POINT(0.922265659523954 251.737529845738),0.922265659524
445,11506.0,,HMI SHARP,HMI,SDO,11506,HMI,,,4.99999987369e-05,SDO,,cm,-53.7069854736,10.7548789978,-63.839515686,-39.6258811951,"POLYGON((0.900522 81.973905,0.646238 79.090616,0.665519 68.587861,0.904807 74.214784,0.900522 81.973905))",,POINT(0.814258079828776 77.1811739023291),"POLYGON((70.081386 7.487873,94.29502 7.487873,94.29502 14.499953,70.081386 14.499953,70.081386 7.487873))",,POINT(80.213915 10.754879),80.213915,10.754879,"POLYGON((-63.839514 7.487873,-39.62588 7.487873,-39.62588 14.499953,-63.839514 14.499953,-63.839514 7.487873))",,POINT(-53.706985 10.754879),-53.706985,10.754879,"POLYGON((-842.13 118.7448,-599.2824 115.5054,-585.1398 229.4568,-822.282 232.4532,-842.13 118.7448))",,POINT(-749.826 170.6154),01030000000100000005000000D7A3703D0A518AC0E4839ECDAAAF5D402063EE5A42BA82C07FD93D7958E05C40D95F764F1E4982C0029A081B9EAE6C40C74B378941B289C08351499D800E6D40D7A3703D0A518AC0E4839ECDAAAF5D40,768.991966793646043,-749.826,170.6154,77.1811739023,"POLYGON((0.900522 81.973905,0.646238 79.090616,0.665519 68.587861,0.904807 74.214784,0.900522 81.973905))",,POINT(0.814258079828776 77.1811739023291),0.814258079829
446,11499.0,,HMI SHARP,HMI,SDO,"11493,11496,11498,11499,11501",HMI,,,4.99999987369e-05,SDO,,cm,52.2817306519,15.0554122925,39.8266983032,90.0656204224,"POLYGON((0.644213 275.686978,1.000001 274.149127,1.00001 290.865032,0.694576 300.175835,0.644213 275.686978))",,POINT(0.806881735543241 288.325597288868),"POLYGON((171.541569 4.148621,-138.219509 4.148621,-138.219509 20.865497,171.541569 20.865497,171.541569 4.148621))",,POINT(-176.0034 15.055412),-176.0034,15.055412,"POLYGON((39.826699 4.148621,90.065621 4.148621,90.065621 20.865497,39.826699 20.865497,39.826699 4.148621))",,POINT(52.28173 15.055412),52.28173,15.055412,"POLYGON((605.394 60.2874,941.916 68.3292,882.468 336.3648,567.0612 329.7174,605.394 60.2874))",,POINT(723.366 239.589),01030000000100000005000000FED478E926EB8240696FF085C9244E4017D9CEF7536F8D40F775E09C1115514039B4C876BE938B404B598638D60575401FF46C567DB8814068226C787A9B7440FED478E926EB8240696FF085C9244E40,762.011324638289011,723.366,239.589,288.325597289,"POLYGON((0.644213 275.686978,1.000001 274.149127,1.00001 290.865032,0.694576 300.175835,0.644213 275.686978))",,POINT(0.806881735543241 288.325597288868),0.806881735543
447,11506.0,,HMI SHARP,HMI,SDO,11506,HMI,,,4.99999987369e-05,SDO,,cm,-51.5596961975,10.7569828033,-62.0395812988,-37.3769607544,"POLYGON((0.886524 81.852506,0.61626 78.569173,0.638026 67.530384,0.891536 73.909333,0.886524 81.852506))",,POINT(0.792416367532391 76.8570752315469),"POLYGON((69.67529 7.508585,94.33791 7.508585,94.33791 14.581919,69.67529 14.581919,69.67529 7.508585))",,POINT(80.155174 10.756983),80.155174,10.756983,"POLYGON((-62.03958 7.508585,-37.37696 7.508585,-37.37696 14.581919,-62.03958 14.581919,-62.03958 7.508585))",,POINT(-51.559696 10.756983),-51.559696,10.756983,"POLYGON((-828.774 118.653,-570.4464 115.3416,-556.8018 230.289,-808.974 233.3556,-828.774 118.653))",,POINT(-728.748 170.1606),01030000000100000005000000D578E92631E689C06F1283C0CAA95D407AC7293A92D381C012143FC6DCD55C40764F1E166A6681C06891ED7C3FC96C406F1283C0CA4789C0A54E4013612B6D40D578E92631E689C06F1283C0CAA95D40,748.350370679643561,-728.748,170.1606,76.8570752315,"POLYGON((0.886524 81.852506,0.61626 78.569173,0.638026 67.530384,0.891536 73.909333,0.886524 81.852506))",,POINT(0.792416367532391 76.8570752315469),0.792416367532
448,11494.0,,HMI SHARP,HMI,SDO,"11494,11502",HMI,,,4.99999987369e-05,SDO,,cm,68.1440963745,-16.4370155334,59.830493927,73.5791244507,"POLYGON((0.887213 245.714186,0.966823 247.997512,0.963577 255.398443,0.876368 253.725826,0.887213 245.714186))",,POINT(0.936833832204313 252.129813514489),"POLYGON((-168.454635 -21.026591,-154.706005 -21.026591,-154.706005 -13.856923,-168.454635 -13.856923,-168.454635 -21.026591))",,POINT(-160.14103 -16.437016),-160.14103,-16.437016,"POLYGON((59.830495 -21.026591,73.579125 -21.026591,73.579125 -13.856923,59.830495 -13.856923,59.830495 -21.026591))",,POINT(68.1441 -16.437016),68.1441,-16.437016,"POLYGON((763.728 -344.6088,846.558 -342.0744,880.602 -229.4052,794.472 -231.9312,763.728 -344.6088))",,POINT(842.052 -271.4916),01030000000100000005000000E7FBA9F1D2DD8740E09C11A5BD8975C05839B4C876748A4029ED0DBE306175C0894160E5D0848B40DB8AFD65F7AC6CC0B29DEFA7C6D388402041F163CCFD6CC0E7FBA9F1D2DD8740E09C11A5BD8975C0,884.7368306872728,842.052,-271.4916,252.129813514,"POLYGON((0.887213 245.714186,0.966823 247.997512,0.963577 255.398443,0.876368 253.725826,0.887213 245.714186))",,POINT(0.936833832204313 252.129813514489),0.936833832204
449,11504.0,,HMI SHARP,HMI,SDO,"11504,11505",HMI,,,4.99999987369e-05,SDO,,cm,-44.9970054626,-14.1370573044,-53.7138977051,-37.2547225952,"POLYGON((0.836169 114.854018,0.671211 121.825087,0.616211 101.641574,0.812095 98.633918,0.836169 114.854018))",,POINT(0.732805684727601 110.182832823277),"POLYGON((78.000972 -20.136038,94.460148 -20.136038,94.460148 -6.597498,78.000972 -6.597498,78.000972 -20.136038))",,POINT(86.717865 -14.137057),86.717865,-14.137057,"POLYGON((-53.713898 -20.136038,-37.254722 -20.136038,-37.254722 -6.597498,-53.713898 -6.597498,-53.713898 -20.136038))",,POINT(-44.997005 -14.137057),-44.997005,-14.137057,"POLYGON((-716.532 -331.9044,-538.5882 -334.2654,-569.9724 -117.4296,-758.244 -115.1328,-716.532 -331.9044))",,POINT(-649.56 -238.7706),01030000000100000005000000C74B3789416486C00A68226C78BE74C00F9C33A2B4D480C0BC0512143FE474C00BB5A679C7CF81C02497FF907E5B5DC0CBA145B6F3B187C02A3A92CB7FC85CC0C74B3789416486C00A68226C78BE74C0,692.054617081889091,-649.56,-238.7706,110.182832823,"POLYGON((0.836169 114.854018,0.671211 121.825087,0.616211 101.641574,0.812095 98.633918,0.836169 114.854018))",,POINT(0.732805684727601 110.182832823277),0.732805684728
450,11507.0,,HMI SHARP,HMI,SDO,"11507,11508,11509",HMI,,,4.99999987369e-05,SDO,,cm,-24.8213157654,-24.0797481537,-42.8791503906,-13.2486104965,"POLYGON((0.78207 131.207315,0.554753 159.04996,0.318252 135.041329,0.703026 108.431068,0.78207 131.207315))",,POINT(0.568830515144592 137.443142090937),"POLYGON((88.835721 -30.43576,118.466259 -30.43576,118.466259 -12.321754,88.835721 -12.321754,88.835721 -30.43576))",,POINT(106.893554 -24.079748),106.893554,-24.079748,"POLYGON((-42.879149 -30.43576,-13.248611 -30.43576,-13.248611 -12.321754,-42.879149 -12.321754,-42.879149 -30.43576))",,POINT(-24.821316 -24.079748),-24.821316,-24.079748,"POLYGON((-555.6558 -486.5652,-187.3236 -489.2694,-212.3706 -212.6772,-629.874 -209.9106,-555.6558 -486.5652))",,POINT(-363.3186 -395.7036),01030000000100000005000000BC0512143F5D81C030BB270F0B697EC08A1F63EE5A6A67C0AED85F764F947EC0B9FC87F4DB8B6AC03D9B559FAB956AC0A245B6F3FDAE83C09A779CA2233D6AC0BC0512143F5D81C030BB270F0B697EC0,537.198049288081506,-363.3186,-395.7036,137.443142091,"POLYGON((0.78207 131.207315,0.554753 159.04996,0.318252 135.041329,0.703026 108.431068,0.78207 131.207315))",,POINT(0.568830515144592 137.443142090937),0.568830515145
451,11499.0,,HMI SHARP,HMI,SDO,"11493,11496,11498,11499,11501",HMI,,,4.99999987369e-05,SDO,,cm,54.0432090759,15.0014543533,42.0975265503,90.0371704102,"POLYGON((0.674388 276.188623,1.000004 274.654383,1.000014 290.122405,0.715755 298.080983,0.674388 276.188623))",,POINT(0.823685779013701 287.875358903327),"POLYGON((171.606356 4.654253,-140.453996 4.654253,-140.453996 20.123251,171.606356 20.123251,171.606356 4.654253))",,POINT(-176.44796 15.001454),-176.44796,15.001454,"POLYGON((42.097526 4.654253,90.037174 4.654253,90.037174 20.123251,42.097526 20.123251,42.097526 4.654253))",,POINT(54.04321 15.001454),54.04321,15.001454,"POLYGON((633.162 68.6562,941.262 76.6314,886.74 324.894,596.37 318.1776,633.162 68.6562))",,POINT(740.316 238.764),010300000001000000050000009EEFA7C64BC98340A7E8482EFF2951406ABC7493186A8D4071AC8BDB6828534052B81E85EBB58B40FCA9F1D24D4E7440295C8FC2F5A2824050FC1873D7E273409EEFA7C64BC98340A7E8482EFF295140,777.866330131340874,740.316,238.764,287.875358903,"POLYGON((0.674388 276.188623,1.000004 274.654383,1.000014 290.122405,0.715755 298.080983,0.674388 276.188623))",,POINT(0.823685779013701 287.875358903327),0.823685779014
452,11506.0,,HMI SHARP,HMI,SDO,11506,HMI,,,4.99999987369e-05,SDO,,cm,-49.1283721924,10.8336591721,-59.8349723816,-35.1494827271,"POLYGON((0.868198 81.711494,0.585678 78.011464,0.611106 66.049075,0.874434 73.297167,0.868198 81.711494))",,POINT(0.766560273330957 76.3473856021952),"POLYGON((69.673859 7.511706,94.359349 7.511706,94.359349 14.861036,69.673859 14.861036,69.673859 7.511706))",,POINT(80.380458 10.833659),80.380458,10.833659,"POLYGON((-59.834971 7.511706,-35.149481 7.511706,-35.149481 14.861036,-59.834971 14.861036,-59.834971 7.511706))",,POINT(-49.128372 10.833659),-49.128372,10.833659,"POLYGON((-811.338 118.1952,-541.035 114.8874,-527.4186 234.2808,-790.95 237.339,-811.338 118.1952))",,POINT(-703.464 170.8698),0103000000010000000500000062105839B45A89C0780B24287E8C5D40E17A14AE47E880C01B9E5E29CBB85C40D8F0F44A597B80C0F0164850FC486D409A99999999B788C0022B8716D9AA6D4062105839B45A89C0780B24287E8C5D40,723.918564375883307,-703.464,170.8698,76.3473856022,"POLYGON((0.868198 81.711494,0.585678 78.011464,0.611106 66.049075,0.874434 73.297167,0.868198 81.711494))",,POINT(0.766560273330957 76.3473856021952),0.766560273331
453,11507.0,,HMI SHARP,HMI,SDO,"11507,11508,11509",HMI,,,4.99999987369e-05,SDO,,cm,-22.6894683838,-24.0655784607,-40.6957054138,-10.9174423218,"POLYGON((0.764836 132.578523,0.545375 162.529348,0.292409 140.538772,0.676937 109.229748,0.764836 132.578523))",,POINT(0.548437931170625 139.858425039052),"POLYGON((88.813124 -30.552084,118.591388 -30.552084,118.591388 -12.328524,88.813124 -12.328524,88.813124 -30.552084))",,POINT(106.819362 -24.065578),106.819362,-24.065578,"POLYGON((-40.695706 -30.552084,-10.917442 -30.552084,-10.917442 -12.328524,-40.695706 -12.328524,-40.695706 -30.552084))",,POINT(-22.689468 -24.065578),-22.689468,-24.065578,"POLYGON((-531.8592 -488.7018,-154.623 -491.2788,-175.5042 -213.1974,-603.612 -210.5514,-531.8592 -488.7018))",,POINT(-333.8982 -395.9334),01030000000100000005000000C9E53FA4DF9E80C05305A3923A8B7EC00E2DB29DEF5363C0FF21FDF675B47EC095D4096822F065C05F07CE1951A66AC037894160E5DC82C076E09C11A5516AC0C9E53FA4DF9E80C05305A3923A8B7EC0,517.929787904499676,-333.8982,-395.9334,139.858425039,"POLYGON((0.764836 132.578523,0.545375 162.529348,0.292409 140.538772,0.676937 109.229748,0.764836 132.578523))",,POINT(0.548437931170625 139.858425039052),0.548437931171
454,11494.0,,HMI SHARP,HMI,SDO,"11494,11502",HMI,,,4.99999987369e-05,SDO,,cm,70.4973373413,-16.2834186554,63.2321281433,75.8486251831,"POLYGON((0.909825 247.391917,0.975255 249.14607,0.973156 255.554623,0.902517 254.226604,0.909825 247.391917))",,POINT(0.949758727886252 252.566465902033),"POLYGON((-167.259042 -20.129643,-154.642548 -20.129643,-154.642548 -13.870463,-167.259042 -13.870463,-167.259042 -20.129643))",,POINT(-159.99383 -16.283419),-159.99383,-16.283419,"POLYGON((63.232128 -20.129643,75.848622 -20.129643,75.848622 -13.870463,63.232128 -13.870463,63.232128 -20.129643))",,POINT(70.49734 -16.283419),70.49734,-16.283419,"POLYGON((793.188 -330.3036,860.67 -327.8652,889.968 -229.2564,820.218 -231.687,793.188 -330.3036))",,POINT(855.726 -268.7184),010300000001000000050000002FDD240681C988400D71AC8BDBA474C08FC2F5285CE58A40FD87F4DBD77D74C039B4C876BECF8B4039D6C56D34A86CC039B4C876BEA18940448B6CE7FBF56CC02FDD240681C988400D71AC8BDBA474C0,896.926176212156292,855.726,-268.7184,252.566465902,"POLYGON((0.909825 247.391917,0.975255 249.14607,0.973156 255.554623,0.902517 254.226604,0.909825 247.391917))",,POINT(0.949758727886252 252.566465902033),0.949758727886
455,11504.0,,HMI SHARP,HMI,SDO,"11504,11505",HMI,,,4.99999987369e-05,SDO,,cm,-42.7262420654,-14.3219461441,-51.6147079468,-34.9392585754,"POLYGON((0.817755 115.584268,0.646053 123.399926,0.584318 102.18909,0.790309 98.802071,0.817755 115.584268))",,POINT(0.707692372984871 111.254367394015),"POLYGON((77.89412 -20.205101,94.56957 -20.205101,94.56957 -6.508831,77.89412 -6.508831,77.89412 -20.205101))",,POINT(86.782588 -14.321946),86.782588,-14.321946,"POLYGON((-51.61471 -20.205101,-34.93926 -20.205101,-34.93926 -6.508831,-51.61471 -6.508831,-51.61471 -20.205101))",,POINT(-42.726242 -14.321946),-42.726242,-14.321946,"POLYGON((-696.546 -333.4938,-509.3538 -335.856,-539.3736 -116.5092,-737.556 -114.207,-696.546 -333.4938))",,POINT(-622.866 -242.274),01030000000100000005000000EE7C3F355EC485C03D2CD49AE6D774C03255302AA9D57FC004560E2DB2FD74C0492EFF21FDDA80C0E3C798BB96205DC09CC420B0720C87C06891ED7C3F8D5CC0EE7C3F355EC485C03D2CD49AE6D774C0,668.325328737434575,-622.866,-242.274,111.254367394,"POLYGON((0.817755 115.584268,0.646053 123.399926,0.584318 102.18909,0.790309 98.802071,0.817755 115.584268))",,POINT(0.707692372984871 111.254367394015),0.707692372985
456,11499.0,,HMI SHARP,HMI,SDO,"11493,11496,11498,11499,11501",HMI,,,4.99999987369e-05,SDO,,cm,55.6295089722,15.2048969269,44.4336547852,73.7917709351,"POLYGON((0.708255 281.109894,0.961826 278.454728,0.964994 290.470249,0.739635 296.771161,0.708255 281.109894))",,POINT(0.838640705603502 287.795811867048),"POLYGON((171.736455 8.313224,-158.905429 8.313224,-158.905429 19.89291,171.736455 19.89291,171.736455 8.313224))",,POINT(-177.06769 15.204897),-177.06769,15.204897,"POLYGON((44.433655 8.313224,73.791771 8.313224,73.791771 19.89291,44.433655 19.89291,44.433655 8.313224))",,POINT(55.62951 15.204897),55.62951,15.204897,"POLYGON((656.31 128.8806,898.434 133.5462,853.752 318.6996,623.61 314.6142,656.31 128.8806))",,POINT(754.08 242.0478),0103000000010000000500000014AE47E17A828440711B0DE02D1C6040B6F3FDD478138C4068226C787AB16040BC74931804AE8A408104C58F31EB73407B14AE47E17C8340401361C3D3A9734014AE47E17A828440711B0DE02D1C6040,791.974610631451924,754.08,242.0478,287.795811867,"POLYGON((0.708255 281.109894,0.961826 278.454728,0.964994 290.470249,0.739635 296.771161,0.708255 281.109894))",,POINT(0.838640705603502 287.795811867048),0.838640705604
457,11504.0,,HMI SHARP,HMI,SDO,"11504,11505",HMI,,,4.99999987369e-05,SDO,,cm,-40.5008850098,-14.4600400925,-49.4801216125,-32.6506614685,"POLYGON((0.798129 116.33933,0.620721 125.0644,0.55207 102.897445,0.767148 99.059951,0.798129 116.33933))",,POINT(0.682268488991223 112.351795226998),"POLYGON((77.82268 -20.230015,94.65214 -20.230015,94.65214 -6.467903,77.82268 -6.467903,77.82268 -20.230015))",,POINT(86.801915 -14.46004),86.801915,-14.46004,"POLYGON((-49.48012 -20.230015,-32.65066 -20.230015,-32.65066 -6.467903,-49.48012 -6.467903,-49.48012 -20.230015))",,POINT(-40.500885 -14.46004),-40.500885,-14.46004,"POLYGON((-675.468 -334.4142,-479.793 -336.759,-508.197 -116.3688,-715.422 -114.0792,-675.468 -334.4142))",,POINT(-595.8948 -245.0238),0103000000010000000500000039B4C876BE1B85C00DE02D90A0E674C0A69BC420B0FC7DC0A01A2FDD240C75C0FED478E926C37FC0F2B0506B9A175DC04C378941605B86C0F775E09C11855CC039B4C876BE1B85C00DE02D90A0E674C0,644.303713502785968,-595.8948,-245.0238,112.351795227,"POLYGON((0.798129 116.33933,0.620721 125.0644,0.55207 102.897445,0.767148 99.059951,0.798129 116.33933))",,POINT(0.682268488991223 112.351795226998),0.682268488991
458,11506.0,,HMI SHARP,HMI,SDO,11506,HMI,,,4.99999987369e-05,SDO,,cm,-46.7294692993,10.8941049576,-57.4315071106,-32.6008834839,"POLYGON((0.846714 81.674425,0.549423 77.479191,0.58282 63.279222,0.855347 71.933789,0.846714 81.674425))",,POINT(0.739811245515621 75.8061294700954),"POLYGON((69.871291 7.398248,94.701915 7.398248,94.701915 15.718234,69.871291 15.718234,69.871291 7.398248))",,POINT(80.57333 10.894105),80.57333,10.894105,"POLYGON((-57.431509 7.398248,-32.600885 7.398248,-32.600885 15.718234,-57.431509 15.718234,-57.431509 7.398248))",,POINT(-46.72947 10.894105),-46.72947,10.894105,"POLYGON((-791.172 115.7802,-506.511 112.4838,-491.6118 247.4784,-767.928 250.4964,-791.172 115.7802))",,POINT(-677.316 171.3102),010300000001000000050000004C37894160B988C0B515FBCBEEF15C401904560E2DA87FC082734694F61E5C4016FBCBEEC9B97EC0014D840D4FEF6E408195438B6CFF87C080B74082E24F6F404C37894160B988C0B515FBCBEEF15C40,698.644507943804001,-677.316,171.3102,75.8061294701,"POLYGON((0.846714 81.674425,0.549423 77.479191,0.58282 63.279222,0.855347 71.933789,0.846714 81.674425))",,POINT(0.739811245515621 75.8061294700954),0.739811245516
459,11494.0,,HMI SHARP,HMI,SDO,"11494,11502",HMI,,,4.99999987369e-05,SDO,,cm,72.8046417236,-16.2232112885,67.8300323486,78.2208251953,"POLYGON((0.936928 249.68861,0.982735 250.811766,0.98161 255.788868,0.93312 254.892233,0.936928 249.68861))",,POINT(0.961100854089632 252.865402532147),"POLYGON((-164.867166 -18.687187,-154.476374 -18.687187,-154.476374 -13.791179,-164.867166 -13.791179,-164.867166 -18.687187))",,POINT(-159.89256 -16.223211),-159.89256,-16.223211,"POLYGON((67.830034 -18.687187,78.220826 -18.687187,78.220826 -13.791179,67.830034 -13.791179,67.830034 -18.687187))",,POINT(72.80464 -16.223211),72.80464,-16.223211,"POLYGON((829.776 -307.131,876.492 -305.025,898.62 -227.5716,850.74 -229.671,829.776 -307.131))",,POINT(867.336 -267.4008),0103000000010000000500000091ED7C3F35EE89406ABC7493183273C00E2DB29DEF638B4066666666661073C0295C8FC2F5148C40984C158C4A726CC052B81E85EB958A40B6F3FDD478B56CC091ED7C3F35EE89406ABC7493183273C0,907.620473951882559,867.336,-267.4008,252.865402532,"POLYGON((0.936928 249.68861,0.982735 250.811766,0.98161 255.788868,0.93312 254.892233,0.936928 249.68861))",,POINT(0.961100854089632 252.865402532147),0.96110085409
460,11507.0,,HMI SHARP,HMI,SDO,"11507,11508,11509",HMI,,,4.99999987369e-05,SDO,,cm,-20.4861660004,-24.362613678,-40.8965530396,-8.5952911377,"POLYGON((0.771681 133.433831,0.548591 166.502948,0.269034 146.961815,0.679337 109.1219,0.771681 133.433831))",,POINT(0.531597470872293 142.981339008182),"POLYGON((86.406247 -31.414585,118.707509 -31.414585,118.707509 -12.290657,86.406247 -12.290657,86.406247 -31.414585))",,POINT(106.816634 -24.362614),106.816634,-24.362614,"POLYGON((-40.896553 -31.414585,-8.595291 -31.414585,-8.595291 -12.290657,-40.896553 -12.290657,-40.896553 -31.414585))",,POINT(-20.486166 -24.362614),-20.486166,-24.362614,"POLYGON((-529.1886 -501.021,-120.9138 -503.7564,-138.5148 -212.9832,-606.138 -210.1536,-529.1886 -501.021))",,POINT(-302.2518 -400.83),010300000001000000050000003480B740828980C07593180456507FC06DC5FEB27B3A5EC01CEBE2361A7C7FC0637FD93D795061C0ACADD85F769F6AC0C976BE9F1AF182C04D158C4AEA446AC03480B740828980C07593180456507FC0,502.016772133401957,-302.2518,-400.83,142.981339008,"POLYGON((0.771681 133.433831,0.548591 166.502948,0.269034 146.961815,0.679337 109.1219,0.771681 133.433831))",,POINT(0.531597470872293 142.981339008182),0.531597470872
461,11499.0,BXO,SWPC,nil,nil,,various,,,5e-05,various,,cm,60.0,16.0,55.5,64.5,"POLYGON((0.838721 288.744304,0.910573 287.310476,0.910597 287.335428,0.838761 288.771245,0.838721 288.744304))",,POINT(0.877053722276352 287.9575727015),"POLYGON((-177.1972 15.988541,-168.1972 15.988541,-168.1972 16.011459,-177.1972 16.011459,-177.1972 15.988541))",,POINT(-172.6972 16),-172.6972,16.0,"POLYGON((55.5 15.988541,64.5 15.988541,64.5 16.011459,55.5 16.011459,55.5 15.988541))",,POINT(60 16),60.0,16.0,"POLYGON((750.042 254.5218,820.956 255.864,820.866 256.2282,749.958 254.8866,750.042 254.5218))",,POINT(787.902 255.36),010300000001000000050000007593180456708740B1E1E995B2D06F40CFF753E3A5A78940CFF753E3A5FB6F40B0726891EDA68940280F0BB5A60370408B6CE7FBA96F87404694F6065FDC6F407593180456708740B1E1E995B2D06F40,828.250138064582529,787.902,255.36,287.957572701,"POLYGON((0.838721 288.744304,0.910573 287.310476,0.910597 287.335428,0.838761 288.771245,0.838721 288.744304))",,POINT(0.877053722276352 287.9575727015),0.877053722276
462,11505.0,CAO,SWPC,nil,nil,,various,,,5e-05,various,,cm,-37.0,-9.0,-39.5,-34.5,"POLYGON((0.652212 104.89427,0.586082 106.689214,0.585516 106.414823,0.651765 104.645652,0.652212 104.89427))",,POINT(0.619373581315467 105.599947872664),"POLYGON((87.8028 -9.082506,92.8028 -9.082506,92.8028 -8.917494,87.8028 -8.917494,87.8028 -9.082506))",,POINT(90.3028 -9),90.3028,-9.0,"POLYGON((-39.5 -9.082506,-34.5 -9.082506,-34.5 -8.917494,-39.5 -8.917494,-39.5 -9.082506))",,POINT(-37 -9),-37.0,-9.0,"POLYGON((-595.2258 -158.3136,-530.1552 -158.9454,-530.3982 -156.2538,-595.4988 -155.6226,-595.2258 -158.3136))",,POINT(-563.3622 -157.293),010300000001000000050000007FFB3A70CE9982C0D200DE0209CA63C0B7627FD93D9180C06E3480B740DE63C0234A7B832F9380C032772D211F8863C0F5B9DA8AFD9B82C0ABCFD556EC7363C07FFB3A70CE9982C0D200DE0209CA63C0,584.908587933054719,-563.3622,-157.293,105.599947873,"POLYGON((0.652212 104.89427,0.586082 106.689214,0.585516 106.414823,0.651765 104.645652,0.652212 104.89427))",,POINT(0.619373581315467 105.599947872664),0.619373581315
463,11504.0,ERI,SWPC,nil,nil,,various,,,5e-05,various,,cm,-40.0,-17.0,-45.5,-34.5,"POLYGON((0.747867 113.869505,0.622757 119.242471,0.62192 119.021516,0.747358 113.67701,0.747867 113.869505))",,POINT(0.686826839094347 116.105228583146),"POLYGON((81.8028 -17.075004,92.8028 -17.075004,92.8028 -16.924996,81.8028 -16.924996,81.8028 -17.075004))",,POINT(87.3028 -17),87.3028,-17.0,"POLYGON((-45.5 -17.075004,-34.5 -17.075004,-34.5 -16.924996,-45.5 -16.924996,-45.5 -17.075004))",,POINT(-40 -17),-40.0,-17.0,"POLYGON((-645.846 -285.7884,-513.156 -287.2926,-513.5688 -284.928,-646.362 -283.4238,-645.846 -285.7884))",,POINT(-582.4422 -285.4014),0103000000010000000500000054E3A59BC42E84C0AA8251499DDC71C06891ED7C3F0980C0F46C567DAEF471C0B8AF03E78C0C80C0022B8716D9CE71C037894160E53284C0B84082E2C7B671C054E3A59BC42E84C0AA8251499DDC71C0,648.608414579089413,-582.4422,-285.4014,116.105228583,"POLYGON((0.747867 113.869505,0.622757 119.242471,0.62192 119.021516,0.747358 113.67701,0.747867 113.869505))",,POINT(0.686826839094347 116.105228583146),0.686826839094
464,11506.0,CAO,SWPC,nil,nil,,various,,,5e-05,various,,cm,-52.0,11.0,-53.0,-51.0,"POLYGON((0.807043 77.133171,0.786442 76.812966,0.787211 76.162027,0.807723 76.498017,0.807043 77.133171))",,POINT(0.797215869071564 76.6555975731935),"POLYGON((74.3028 10.74217,76.3028 10.74217,76.3028 11.25783,74.3028 11.25783,74.3028 10.74217))",,POINT(75.3028 11),75.3028,11.0,"POLYGON((-53 10.74217,-51 10.74217,-51 11.25783,-53 11.25783,-53 10.74217))",,POINT(-52 11),-52.0,11.0,"POLYGON((-742.998 169.7166,-723.096 169.428,-721.83 177.8058,-741.696 178.0926,-742.998 169.7166))",,POINT(-732.528 173.7618),01030000000100000005000000448B6CE7FB3787C0098A1F63EE36654054E3A59BC49886C004560E2DB22D6540713D0AD7A38E86C0BDE3141DC939664021B07268912D87C082734694F6426640448B6CE7FB3787C0098A1F63EE366540,752.854855814346251,-732.528,173.7618,76.6555975732,"POLYGON((0.807043 77.133171,0.786442 76.812966,0.787211 76.162027,0.807723 76.498017,0.807043 77.133171))",,POINT(0.797215869071564 76.6555975731935),0.797215869072
465,11494.0,HAX,SWPC,nil,nil,,various,,,5e-05,various,,cm,74.0,-17.0,73.0,75.0,"POLYGON((0.962562 251.653132,0.971031 251.845603,0.970716 252.692839,0.96217 252.50721,0.962562 251.653132))",,POINT(0.966749831454546 252.177554373931),"POLYGON((-159.6972 -17.412529,-157.6972 -17.412529,-157.6972 -16.587471,-159.6972 -16.587471,-159.6972 -17.412529))",,POINT(-158.6972 -17),-158.6972,-17.0,"POLYGON((73 -17.412529,75 -17.412529,75 -16.587471,73 -16.587471,73 -17.412529))",,POINT(74 -17),74.0,-17.0,"POLYGON((862.794 -286.125,871.35 -285.717,875.196 -272.7132,866.61 -273.1212,862.794 -286.125))",,POINT(869.142 -279.4266),010300000001000000050000003108AC1C5AF68A400000000000E271C0CDCCCCCCCC3A8B40B6F3FDD478DB71C021B0726891598B401D386744690B71C07B14AE47E1148B406744696FF01171C03108AC1C5AF68A400000000000E271C0,912.955114423244709,869.142,-279.4266,252.177554374,"POLYGON((0.962562 251.653132,0.971031 251.845603,0.970716 252.692839,0.96217 252.50721,0.962562 251.653132))",,POINT(0.966749831454546 252.177554373931),0.966749831455
466,11507.0,CAO,SWPC,nil,nil,,various,,,5e-05,various,,cm,-17.0,-26.0,-21.5,-12.5,"POLYGON((0.558937 143.741533,0.491719 156.603404,0.490778 156.541216,0.558186 143.660141,0.558937 143.741533))",,POINT(0.522058740871863 149.646274284317),"POLYGON((105.8028 -26.034378,114.8028 -26.034378,114.8028 -25.965622,105.8028 -25.965622,105.8028 -26.034378))",,POINT(110.3028 -26),110.3028,-26.0,"POLYGON((-21.5 -26.034378,-12.5 -26.034378,-12.5 -25.965622,-21.5 -25.965622,-21.5 -26.034378))",,POINT(-17 -26),-17.0,-26.0,"POLYGON((-312.177 -425.6238,-184.3932 -426.177,-184.5018 -425.1612,-312.3606 -424.608,-312.177 -425.6238))",,POINT(-249.1356 -425.4282),0103000000010000000500000046B6F3FDD48273C0EB73B515FB997AC031992A18950C67C046B6F3FDD4A27AC040A4DFBE0E1067C0D881734694927AC0006F8104C58573C07D3F355EBA897AC046B6F3FDD48273C0EB73B515FB997AC0,493.008824000747495,-249.1356,-425.4282,149.646274284,"POLYGON((0.558937 143.741533,0.491719 156.603404,0.490778 156.541216,0.558186 143.660141,0.558937 143.741533))",,POINT(0.522058740871863 149.646274284317),0.522058740872
467,11499.0,,HMI SHARP,HMI,SDO,"11493,11496,11498,11499,11501",HMI,,,4.99999987369e-05,SDO,,cm,56.922088623,15.4979343414,46.7599601746,75.3997573853,"POLYGON((0.735952 280.77206,0.969059 278.462947,0.971503 290.217185,0.763218 295.72496,0.735952 280.77206))",,POINT(0.850548494165196 287.889628936309),"POLYGON((171.856708 8.369986,-159.503494 8.369986,-159.503494 19.775522,171.856708 19.775522,171.856708 8.369986))",,POINT(-177.98116 15.497934),-177.98116,15.497934,"POLYGON((46.759958 8.369986,75.399756 8.369986,75.399756 19.775522,46.759958 19.775522,46.759958 8.369986))",,POINT(56.92209 15.497934),56.92209,15.497934,"POLYGON((682.74 129.8946,905.154 134.6778,860.904 317.0442,649.302 312.8364,682.74 129.8946))",,POINT(764.37 246.732),0103000000010000000500000052B81E85EB5585400DE02D90A03C6040AC1C5A643B498C405227A089B0D56040AC1C5A643BE78A40BB270F0BB5D0734023DBF97E6A4A8440FE65F7E4618D734052B81E85EB5585400DE02D90A03C6040,803.204940674545469,764.37,246.732,287.889628936,"POLYGON((0.735952 280.77206,0.969059 278.462947,0.971503 290.217185,0.763218 295.72496,0.735952 280.77206))",,POINT(0.850548494165196 287.889628936309),0.850548494165
468,11506.0,,HMI SHARP,HMI,SDO,11506,HMI,,,4.99999987369e-05,SDO,,cm,-44.4866333008,10.9821805954,-54.9842262268,-30.3821201324,"POLYGON((0.823405 81.45544,0.517363 76.71085,0.558975 60.559083,0.834857 70.560081,0.823405 81.45544))",,POINT(0.713822482072999 75.1981963302652),"POLYGON((70.112523 7.418075,94.714629 7.418075,94.714629 16.500029,70.112523 16.500029,70.112523 7.418075))",,POINT(80.610117 10.982181),80.610117,10.982181,"POLYGON((-54.984227 7.418075,-30.382121 7.418075,-30.382121 16.500029,-54.984227 16.500029,-54.984227 7.418075))",,POINT(-44.486633 10.982181),-44.486633,10.982181,"POLYGON((-768.942 115.5306,-475.4832 112.3044,-459.6948 259.4574,-743.442 262.3896,-768.942 115.5306))",,POINT(-651.72 172.2138),01030000000100000005000000A8C64B37890788C07DD0B359F5E15C40D656EC2FBBB77DC0C139234A7B135C402CD49AE61DBB7CC00C93A98251377040A8C64B37893B87C058A835CD3B667040A8C64B37890788C07DD0B359F5E15C40,674.089423823308493,-651.72,172.2138,75.1981963303,"POLYGON((0.823405 81.45544,0.517363 76.71085,0.558975 60.559083,0.834857 70.560081,0.823405 81.45544))",,POINT(0.713822482072999 75.1981963302652),0.713822482073
469,11494.0,,HMI SHARP,HMI,SDO,"11494,11502",HMI,,,4.99999987369e-05,SDO,,cm,75.050201416,-16.2115726471,70.1243286133,80.4999160767,"POLYGON((0.949422 250.046658,0.989011 251.018706,0.988264 255.901129,0.946387 255.119192,0.949422 250.046658))",,POINT(0.970803113613983 253.078499723899),"POLYGON((-164.778924 -18.634964,-154.403336 -18.634964,-154.403336 -13.803124,-164.778924 -13.803124,-164.778924 -18.634964))",,POINT(-159.85305 -16.211573),-159.85305,-16.211573,"POLYGON((70.124326 -18.634964,80.499914 -18.634964,80.499914 -13.803124,70.124326 -13.803124,70.124326 -18.634964))",,POINT(75.0502 -16.211573),75.0502,-16.211573,"POLYGON((842.754 -305.9604,883.176 -303.7794,905.142 -227.337,863.736 -229.5126,842.754 -305.9604))",,POINT(877.074 -266.835),0103000000010000000500000079E9263108568A4041F163CC5D1F73C0C520B07268998B400A68226C78FC72C04260E5D022498C40105839B4C86A6CC0D9CEF753E3FD8A40BF7D1D3867B06CC079E9263108568A4041F163CC5D1F73C0,916.765901798818049,877.074,-266.835,253.078499724,"POLYGON((0.949422 250.046658,0.989011 251.018706,0.988264 255.901129,0.946387 255.119192,0.949422 250.046658))",,POINT(0.970803113613983 253.078499723899),0.970803113614
470,11504.0,,HMI SHARP,HMI,SDO,"11504,11505",HMI,,,4.99999987369e-05,SDO,,cm,-38.2390480042,-14.5148477554,-47.4191093445,-30.2720832825,"POLYGON((0.778368 117.094106,0.59403 126.938547,0.517629 103.67569,0.74375 99.281641,0.778368 117.094106))",,POINT(0.655470571332157 113.462669257917),"POLYGON((77.677641 -20.219204,94.824667 -20.219204,94.824667 -6.38633,77.677641 -6.38633,77.677641 -20.219204))",,POINT(86.857702 -14.514848),86.857702,-14.514848,"POLYGON((-47.419109 -20.219204,-30.272083 -20.219204,-30.272083 -6.38633,-47.419109 -6.38633,-47.419109 -20.219204))",,POINT(-38.239048 -14.514848),-38.239048,-14.514848,"POLYGON((-654.378 -334.7772,-448.3686 -337.1166,-474.9588 -115.569,-693.156 -113.2806,-654.378 -334.7772))",,POINT(-567.8076 -246.45),010300000001000000050000001B2FDD24067384C0386744696FEC74C0E4141DC9E5057CC06B2BF697DD1175C07A36AB3E57AF7DC023DBF97E6AE45CC06891ED7C3FA985C07DD0B359F5515CC01B2FDD24067384C0386744696FEC74C0,618.98551931184943,-567.8076,-246.45,113.462669258,"POLYGON((0.778368 117.094106,0.59403 126.938547,0.517629 103.67569,0.74375 99.281641,0.778368 117.094106))",,POINT(0.655470571332157 113.462669257917),0.655470571332
471,11507.0,,HMI SHARP,HMI,SDO,"11507,11508,11509",HMI,,,4.99999987369e-05,SDO,,cm,-18.3857517242,-24.499382019,-39.09557724,-6.34532213211,"POLYGON((0.758301 134.721199,0.544619 170.006633,0.249024 154.166987,0.656934 109.682609,0.758301 134.721199))",,POINT(0.515191387123141 145.992231641599),"POLYGON((86.001172 -31.587429,118.751428 -31.587429,118.751428 -12.185299,86.001172 -12.185299,86.001172 -31.587429))",,POINT(106.710998 -24.499382),106.710998,-24.499382,"POLYGON((-39.095578 -31.587429,-6.345322 -31.587429,-6.345322 -12.185299,-39.095578 -12.185299,-39.095578 -31.587429))",,POINT(-18.385752 -24.499382),-18.385752,-24.499382,"POLYGON((-508.8114 -503.8836,-89.2494 -506.5014,-102.4722 -211.6626,-584.1216 -208.9458,-508.8114 -503.8836))",,POINT(-272.1102 -403.302),0103000000010000000500000097FF907EFBCC7FC0EEEBC039237E7FC0D5E76A2BF64F56C06EA301BC05A87FC0F54A5986389E59C08C4AEA0434756AC08CB96B09F94082C0D1915CFE431E6AC097FF907EFBCC7FC0EEEBC039237E7FC0,486.514608360365685,-272.1102,-403.302,145.992231642,"POLYGON((0.758301 134.721199,0.544619 170.006633,0.249024 154.166987,0.656934 109.682609,0.758301 134.721199))",,POINT(0.515191387123141 145.992231641599),0.515191387123
472,11506.0,,HMI SHARP,HMI,SDO,11506,HMI,,,4.99999987369e-05,SDO,,cm,-42.1888961792,11.0226564407,-52.8655395508,-28.2012310028,"POLYGON((0.802035 81.254445,0.485202 75.855683,0.532488 58.579898,0.815463 69.868545,0.802035 81.254445))",,POINT(0.686117064648186 74.574993785044),"POLYGON((70.02517 7.427833,94.689478 7.427833,94.689478 16.698233,70.02517 16.698233,70.02517 7.427833))",,POINT(80.701814 11.022656),80.701814,11.022656,"POLYGON((-52.86554 7.427833,-28.201232 7.427833,-28.201232 16.698233,-52.86554 16.698233,-52.86554 7.427833))",,POINT(-42.188896 11.022656),-42.188896,11.022656,"POLYGON((-748.572 115.1568,-444.2958 111.9648,-429.1068 262.1346,-723.012 265.035,-748.572 115.1568))",,POINT(-624.576 172.3302),010300000001000000050000007F6ABC74936487C0D200DE0209CA5C4082E2C798BBC47BC092CB7F48BFFD5B4068B3EA73B5D17AC0AA605452276270406ABC7493189886C0C3F5285C8F9070407F6ABC74936487C0D200DE0209CA5C40,647.914251740181953,-624.576,172.3302,74.574993785,"POLYGON((0.802035 81.254445,0.485202 75.855683,0.532488 58.579898,0.815463 69.868545,0.802035 81.254445))",,POINT(0.686117064648186 74.574993785044),0.686117064648
473,11504.0,,HMI SHARP,HMI,SDO,"11504,11505",HMI,,,4.99999987369e-05,SDO,,cm,-36.0443840027,-14.6105194092,-45.3740768433,-27.8522338867,"POLYGON((0.758347 117.989848,0.567418 129.166807,0.482087 104.761954,0.71971 99.631829,0.758347 117.989848))",,POINT(0.629115863686516 114.728735588402),"POLYGON((77.516634 -20.269469,95.038476 -20.269469,95.038476 -6.379593,77.516634 -6.379593,77.516634 -20.269469))",,POINT(86.846326 -14.610519),86.846326,-14.610519,"POLYGON((-45.374076 -20.269469,-27.852234 -20.269469,-27.852234 -6.379593,-45.374076 -6.379593,-45.374076 -20.269469))",,POINT(-36.044384 -14.610519),-36.044384,-14.610519,"POLYGON((-632.358 -336.087,-415.4304 -338.4162,-440.2182 -115.998,-670.056 -113.7144,-632.358 -336.087))",,POINT(-539.6082 -248.52),01030000000100000005000000BE9F1A2FDDC283C008AC1C5A640175C02D431CEBE2F679C086C954C1A82675C0CC7F48BF7D837BC01D5A643BDFFF5CC09CC420B072F084C0CB10C7BAB86D5CC0BE9F1A2FDDC283C008AC1C5A640175C0,594.086862257734197,-539.6082,-248.52,114.728735588,"POLYGON((0.758347 117.989848,0.567418 129.166807,0.482087 104.761954,0.71971 99.631829,0.758347 117.989848))",,POINT(0.629115863686516 114.728735588402),0.629115863687
474,11494.0,,HMI SHARP,HMI,SDO,"11494,11502",HMI,,,4.99999987369e-05,SDO,,cm,77.3091583252,-16.1962127686,72.4431686401,82.9337463379,"POLYGON((0.960709 250.363076,0.994166 251.196839,0.993734 256.018471,0.958334 255.34185,0.960709 250.363076))",,POINT(0.979188781068113 253.269917297231),"POLYGON((-164.666119 -18.590673,-154.175541 -18.590673,-154.175541 -13.795519,-164.666119 -13.795519,-164.666119 -18.590673))",,POINT(-159.80013 -16.196213),-159.80013,-16.196213,"POLYGON((72.443171 -18.590673,82.933749 -18.590673,82.933749 -13.795519,72.443171 -13.795519,72.443171 -18.590673))",,POINT(77.30916 -16.196213),77.30916,-16.196213,"POLYGON((854.454 -304.878,888.708 -302.5956,910.602 -226.7268,875.52 -229.005,854.454 -304.878))",,POINT(885.528 -266.178),010300000001000000050000001283C0CAA1B38A40355EBA490C0E73C08B6CE7FBA9C58B40F697DD9387E972C0894160E5D0748C4073D712F241576CC05C8FC2F5285C8B405C8FC2F528A06CC01283C0CAA1B38A40355EBA490C0E73C0,924.66781411921113,885.528,-266.178,253.269917297,"POLYGON((0.960709 250.363076,0.994166 251.196839,0.993734 256.018471,0.958334 255.34185,0.960709 250.363076))",,POINT(0.979188781068113 253.269917297231),0.979188781068
475,11507.0,,HMI SHARP,HMI,SDO,"11507,11508,11509",HMI,,,4.99999987369e-05,SDO,,cm,-16.2805919647,-24.5938453674,-37.1758804321,-4.13761138916,"POLYGON((0.743132 136.012674,0.540819 173.451852,0.23389 162.362294,0.632529 110.370497,0.743132 136.012674))",,POINT(0.499554670299678 149.182167440631),"POLYGON((85.714829 -31.627691,118.753099 -31.627691,118.753099 -12.089877,85.714829 -12.089877,85.714829 -31.627691))",,POINT(106.610118 -24.593845),106.610118,-24.593845,"POLYGON((-37.175881 -31.627691,-4.137611 -31.627691,-4.137611 -12.089877,-37.175881 -12.089877,-37.175881 -31.627691))",,POINT(-16.280592 -24.593845),-16.280592,-24.593845,"POLYGON((-487.368 -504.9078,-58.24002 -507.375,-66.9222 -210.4848,-559.9554 -207.9174,-487.368 -504.9078))",,POINT(-241.677 -405.1302),01030000000100000005000000D9CEF753E3757EC0F1F44A59868E7FC06631B1F9B81E4DC00000000000B67FC0C217265305BB50C03A234A7B834F6AC0CA54C1A8A47F81C036AB3E575BFD69C0D9CEF753E3757EC0F1F44A59868E7FC0,471.739601137152761,-241.677,-405.1302,149.182167441,"POLYGON((0.743132 136.012674,0.540819 173.451852,0.23389 162.362294,0.632529 110.370497,0.743132 136.012674))",,POINT(0.499554670299678 149.182167440631),0.4995546703
476,11499.0,,HMI SHARP,HMI,SDO,"11493,11496,11498,11499,11501",HMI,,,4.99999987369e-05,SDO,,cm,58.6733207703,15.7443752289,49.0415267944,71.3643722534,"POLYGON((0.762207 280.714001,0.949526 278.828934,0.953681 290.551649,0.785921 294.925835,0.762207 280.714001))",,POINT(0.865797572320607 287.860343090082),"POLYGON((171.932235 8.602459,-165.744915 8.602459,-165.744915 19.766957,171.932235 19.766957,171.932235 8.602459))",,POINT(-178.43597 15.744375),-178.43597,15.744375,"POLYGON((49.041525 8.602459,71.364375 8.602459,71.364375 19.766957,49.041525 19.766957,49.041525 8.602459))",,POINT(58.67332 15.744375),58.67332,15.744375,"POLYGON((707.22 133.8096,886.032 137.6232,843.264 316.1502,673.032 312.78,707.22 133.8096))",,POINT(778.188 250.7532),01030000000100000005000000F6285C8FC2198640EE5A423EE8B96040C74B378941B08B40C05B2041F1336140273108AC1C5A8A40BF7D1D3867C27340C74B37894108854014AE47E17A8C7340F6285C8FC2198640EE5A423EE8B96040,817.590197259140382,778.188,250.7532,287.86034309,"POLYGON((0.762207 280.714001,0.949526 278.828934,0.953681 290.551649,0.785921 294.925835,0.762207 280.714001))",,POINT(0.865797572320607 287.860343090082),0.865797572321
477,11506.0,,HMI SHARP,HMI,SDO,11506,HMI,,,4.99999987369e-05,SDO,,cm,-39.9339599609,11.0738811493,-51.0042533875,-25.9126930237,"POLYGON((0.782338 81.112332,0.450728 74.89113,0.503602 56.546317,0.79741 69.389719,0.782338 81.112332))",,POINT(0.658041298102533 73.8709828224586),"POLYGON((69.680408 7.396347,94.771966 7.396347,94.771966 16.729705,69.680408 16.729705,69.680408 7.396347))",,POINT(80.7507 11.073881),80.7507,11.073881,"POLYGON((-51.004252 7.396347,-25.912694 7.396347,-25.912694 16.729705,-51.004252 16.729705,-51.004252 7.396347))",,POINT(-39.93396 11.073881),-39.93396,11.073881,"POLYGON((-729.894 114.1374,-410.9112 110.9406,-396.7686 262.1544,-704.802 265.062,-729.894 114.1374))",,POINT(-596.9316 172.623),01030000000100000005000000FED478E926CF86C01B9E5E29CB885C40D881734694AE79C087A757CA32BC5B404A7B832F4CCC78C00A68226C7862704023DBF97E6A0686C0A245B6F3FD907040FED478E926CF86C01B9E5E29CB885C40,621.39040482418136,-596.9316,172.623,73.8709828225,"POLYGON((0.782338 81.112332,0.450728 74.89113,0.503602 56.546317,0.79741 69.389719,0.782338 81.112332))",,POINT(0.658041298102533 73.8709828224586),0.658041298103
478,11504.0,,HMI SHARP,HMI,SDO,"11504,11505",HMI,,,4.99999987369e-05,SDO,,cm,-33.7891921997,-14.624663353,-43.2858695984,-25.4983100891,"POLYGON((0.737135 118.927006,0.541479 131.525875,0.446953 106.026108,0.69428 100.037347,0.737135 118.927006))",,POINT(0.601170996981604 116.049052359902),"POLYGON((77.39879 -20.273252,95.18635 -20.273252,95.18635 -6.379326,77.39879 -6.379326,77.39879 -20.273252))",,POINT(86.895468 -14.624663),86.895468,-14.624663,"POLYGON((-43.28587 -20.273252,-25.49831 -20.273252,-25.49831 -6.379326,-43.28587 -6.379326,-43.28587 -20.273252))",,POINT(-33.789192 -14.624663),-33.789192,-14.624663,"POLYGON((-609.234 -336.69,-382.803 -338.9838,-405.6558 -116.52,-645.576 -114.2664,-609.234 -336.69))",,POINT(-510.021 -249.2946),010300000001000000050000001D5A643BDF0983C0D7A3703D0A0B75C0022B8716D9EC77C0E09C11A5BD2F75C0780B24287E5A79C0E17A14AE47215DC0F853E3A59B2C84C0E2E995B20C915CC01D5A643BDF0983C0D7A3703D0A0B75C0,567.687606021269403,-510.021,-249.2946,116.04905236,"POLYGON((0.737135 118.927006,0.541479 131.525875,0.446953 106.026108,0.69428 100.037347,0.737135 118.927006))",,POINT(0.601170996981604 116.049052359902),0.601170996982
479,11494.0,,HMI SHARP,HMI,SDO,"11494,11502",HMI,,,4.99999987369e-05,SDO,,cm,79.502494812,-16.1806564331,74.8258132935,85.5748901367,"POLYGON((0.970876 250.643399,0.997936 251.34335,0.997751 256.082516,0.969101 255.506431,0.970876 250.643399))",,POINT(0.985990675386876 253.43164258002),"POLYGON((-164.489528 -18.554074,-153.740452 -18.554074,-153.740452 -13.82394,-164.489528 -13.82394,-164.489528 -18.554074))",,POINT(-159.812845 -16.180656),-159.812845,-16.180656,"POLYGON((74.825812 -18.554074,85.574888 -18.554074,85.574888 -13.82394,74.825812 -13.82394,74.825812 -18.554074))",,POINT(79.502495 -16.180656),79.502495,-16.180656,"POLYGON((864.978 -303.8706,892.836 -301.4556,914.52 -226.617,886.002 -229.0296,864.978 -303.8706))",,POINT(892.416 -265.5042),01030000000100000005000000E7FBA9F1D2078B405DFE43FAEDFD72C0A69BC420B0E68B40ECC039234AD772C05C8FC2F528948C4039B4C876BE536CC0BC74931804B08B40C5FEB27BF2A06CC0E7FBA9F1D2078B405DFE43FAEDFD72C0,931.074002039386642,892.416,-265.5042,253.43164258,"POLYGON((0.970876 250.643399,0.997936 251.34335,0.997751 256.082516,0.969101 255.506431,0.970876 250.643399))",,POINT(0.985990675386876 253.43164258002),0.985990675387
480,11507.0,,HMI SHARP,HMI,SDO,"11507,11508,11509",HMI,,,4.99999987369e-05,SDO,,cm,-13.9879426956,-24.5136756897,-31.7189655304,-1.87769091129,"POLYGON((0.694144 139.37107,0.529557 176.94896,0.225731 171.80354,0.561508 113.217192,0.694144 139.37107))",,POINT(0.481780881868624 152.720138806003),"POLYGON((88.965695 -31.033522,118.806969 -31.033522,118.806969 -12.099234,88.965695 -12.099234,88.965695 -31.033522))",,POINT(106.696717 -24.513676),106.696717,-24.513676,"POLYGON((-31.718965 -31.033522,-1.877691 -31.033522,-1.877691 -12.099234,-31.718965 -12.099234,-31.718965 -31.033522))",,POINT(-13.987943 -24.513676),-13.987943,-24.513676,"POLYGON((-426.822 -497.4732,-26.61606 -499.353,-30.38952 -210.981,-487.2936 -209.0274,-426.822 -497.4732))",,POINT(-208.5192 -404.3472),01030000000100000005000000FED478E926AD7AC07AC7293A92177FC0AF5FB01BB69D3AC0CFF753E3A5357FC04F232D95B7633EC008AC1C5A645F6AC0B1E1E995B2747EC022FDF675E0206AC0FED478E926AD7AC07AC7293A92177FC0,454.947156180231559,-208.5192,-404.3472,152.720138806,"POLYGON((0.694144 139.37107,0.529557 176.94896,0.225731 171.80354,0.561508 113.217192,0.694144 139.37107))",,POINT(0.481780881868624 152.720138806003),0.481780881869
481,11499.0,,HMI SHARP,HMI,SDO,"11493,11496,11498,11499,11501",HMI,,,4.99999987369e-05,SDO,,cm,60.1628723145,16.0231170654,51.4157791138,73.3391342163,"POLYGON((0.788613 281.085951,0.959749 279.341245,0.962825 290.242353,0.808345 294.050529,0.788613 281.085951))",,POINT(0.878224324864239 287.926655351554),"POLYGON((172.100438 9.166785,-165.976204 9.166785,-165.976204 19.650735,172.100438 19.650735,172.100438 9.166785))",,POINT(-179.152468 16.023117),-179.152468,16.023117,"POLYGON((51.415778 9.166785,73.339136 9.166785,73.339136 19.650735,51.415778 19.650735,51.415778 9.166785))",,POINT(60.162872 16.023117),60.162872,16.023117,"POLYGON((730.794 143.19,894.276 147.1044,853.044 314.5752,697.056 311.0862,730.794 143.19))",,POINT(789.048 255.261),010300000001000000050000003108AC1C5AD68640AE47E17A14E6614091ED7C3F35F28B407A36AB3E576362403108AC1C5AA88A408C4AEA0434A973409CC420B072C88540A54E4013617173403108AC1C5AD68640AE47E17A14E66140,829.309908553491255,789.048,255.261,287.926655352,"POLYGON((0.788613 281.085951,0.959749 279.341245,0.962825 290.242353,0.808345 294.050529,0.788613 281.085951))",,POINT(0.878224324864239 287.926655351554),0.878224324864
482,11507.0,,HMI SHARP,HMI,SDO,"11507,11508,11509",HMI,,,4.99999987369e-05,SDO,,cm,-11.8940248489,-24.5390872955,-29.2835941315,0.446126520634,"POLYGON((0.675928 141.600985,0.531515 180.720819,0.222032 181.974659,0.528353 114.616372,0.675928 141.600985))",,POINT(0.468505521435174 156.308623707239),"POLYGON((89.195005 -31.19263,118.924727 -31.19263,118.924727 -11.989624,89.195005 -11.989624,89.195005 -31.19263))",,POINT(106.584575 -24.539087),106.584575,-24.539087,"POLYGON((-29.283595 -31.19263,0.446127 -31.19263,0.446127 -11.989624,-29.283595 -11.989624,-29.283595 -31.19263))",,POINT(-11.894025 -24.539087),-11.894025,-24.539087,"POLYGON((-396.4512 -500.2146,6.3141 -501.8628,7.22442 -209.5374,-453.5736 -207.819,-396.4512 -500.2146))",,POINT(-177.762 -405.1188),0103000000010000000500000048BF7D1D38C778C08CDB68006F437FC0C4B12E6EA3411940D26F5F07CE5D7FC0F645425BCEE51C40DA1B7C6132316AC0C58F31772D597CC091ED7C3F35FA69C048BF7D1D38C778C08CDB68006F437FC0,442.403176703603663,-177.762,-405.1188,156.308623707,"POLYGON((0.675928 141.600985,0.531515 180.720819,0.222032 181.974659,0.528353 114.616372,0.675928 141.600985))",,POINT(0.468505521435174 156.308623707239),0.468505521435
483,11499.0,,HMI SHARP,HMI,SDO,"11493,11496,11498,11499,11501",HMI,,,4.99999987369e-05,SDO,,cm,62.0040893555,15.9898900986,53.5514602661,75.3181381226,"POLYGON((0.810955 281.205163,0.968799 279.618893,0.971007 289.913151,0.827563 293.264314,0.810955 281.205163))",,POINT(0.892392211971085 287.60594421323),"POLYGON((172.030061 9.50183,-166.203261 9.50183,-166.203261 19.487592,172.030061 19.487592,172.030061 9.50183))",,POINT(-179.51731 15.98989),-179.51731,15.98989,"POLYGON((53.551461 9.50183,75.318139 9.50183,75.318139 19.487592,53.551461 19.487592,53.551461 9.50183))",,POINT(62.00409 15.98989),62.00409,15.98989,"POLYGON((751.176 148.8072,901.962 152.8614,862.086 312.2946,717.918 308.6544,751.176 148.8072))",,POINT(803.202 254.8824),01030000000100000005000000C520B07268798740992A1895D499624004560E2DB22F8C40C898BB96901B6340A69BC420B0F08A406D567DAEB6847340D34D6210586F86400A68226C784A7340C520B07268798740992A1895D4996240,842.673418729794776,803.202,254.8824,287.605944213,"POLYGON((0.810955 281.205163,0.968799 279.618893,0.971007 289.913151,0.827563 293.264314,0.810955 281.205163))",,POINT(0.892392211971085 287.60594421323),0.892392211971
484,11504.0,,HMI SHARP,HMI,SDO,"11504,11505",HMI,,,4.99999987369e-05,SDO,,cm,-31.5250167847,-14.7945365906,-41.0978660583,-22.9780063629,"POLYGON((0.71481 120.135867,0.515246 134.51721,0.408734 107.596239,0.666663 100.476581,0.71481 120.135867))",,POINT(0.573612937507541 117.791739173589),"POLYGON((77.380733 -20.378538,95.500593 -20.378538,95.500593 -6.356544,77.380733 -6.356544,77.380733 -20.378538))",,POINT(86.953583 -14.794537),86.953583,-14.794537,"POLYGON((-41.097867 -20.378538,-22.978007 -20.378538,-22.978007 -6.356544,-41.097867 -6.356544,-41.097867 -20.378538))",,POINT(-31.525017 -14.794537),-31.525017,-14.794537,"POLYGON((-583.752 -338.8776,-346.9218 -341.124,-367.9026 -116.679,-619.026 -114.468,-583.752 -338.8776))",,POINT(-479.1738 -252.5514),01030000000100000005000000BC749318043E82C0832F4CA60A2E75C03F575BB1BFAE75C0448B6CE7FB5175C0EA95B20C71FE76C0FA7E6ABC742B5DC091ED7C3F355883C0CBA145B6F39D5CC0BC749318043E82C0832F4CA60A2E75C0,541.654631890469545,-479.1738,-252.5514,117.791739174,"POLYGON((0.71481 120.135867,0.515246 134.51721,0.408734 107.596239,0.666663 100.476581,0.71481 120.135867))",,POINT(0.573612937507541 117.791739173589),0.573612937508
485,11494.0,,HMI SHARP,HMI,SDO,"11494,11502",HMI,,,4.99999987369e-05,SDO,,cm,81.7408676147,-16.1490898132,76.775604248,88.7311706543,"POLYGON((0.97809 250.847073,0.99994 251.458542,0.999918 256.164102,0.976725 255.651528,0.97809 250.847073))",,POINT(0.991561401961889 253.588635481826),"POLYGON((-164.745793 -18.523331,-152.790227 -18.523331,-152.790227 -13.817641,-164.745793 -13.817641,-164.745793 -18.523331))",,POINT(-159.78053 -16.14909),-159.78053,-16.14909,"POLYGON((76.775607 -18.523331,88.731173 -18.523331,88.731173 -13.817641,76.775607 -13.817641,76.775607 -18.523331))",,POINT(81.74087 -16.14909),81.74087,-16.14909,"POLYGON((872.472 -303.0234,895.218 -300.2562,916.812 -225.7998,893.538 -228.5652,872.472 -303.0234))",,POINT(898.17 -264.5394),01030000000100000005000000B29DEFA7C6438B409FABADD85FF072C039B4C876BEF98B40C3D32B6519C472C0D122DBF97EA68C40E86A2BF697396CC0FCA9F1D24DEC8B4060764F1E16926CC0B29DEFA7C6438B409FABADD85FF072C0,936.317490519300236,898.17,-264.5394,253.588635482,"POLYGON((0.97809 250.847073,0.99994 251.458542,0.999918 256.164102,0.976725 255.651528,0.97809 250.847073))",,POINT(0.991561401961889 253.588635481826),0.991561401962
486,11506.0,,HMI SHARP,HMI,SDO,11506,HMI,,,4.99999987369e-05,SDO,,cm,-37.3785018921,11.0619592667,-49.0344696045,-23.732919693,"POLYGON((0.760627 80.913532,0.417471 73.756563,0.477254 54.118214,0.777866 68.683507,0.760627 80.913532))",,POINT(0.625023902113607 73.0720363030952),"POLYGON((69.444131 7.385406,94.745681 7.385406,94.745681 16.884171,69.444131 16.884171,69.444131 7.385406))",,POINT(81.1001 11.061959),81.1001,11.061959,"POLYGON((-49.034469 7.385406,-23.732919 7.385406,-23.732919 16.884171,-49.034469 16.884171,-49.034469 7.385406))",,POINT(-37.3785 11.061959),-37.3785,11.061959,"POLYGON((-709.236 113.4294,-378.4758 110.2686,-365.1408 264.141,-684.276 267.015,-709.236 113.4294))",,POINT(-564.6288 171.8484),01030000000100000005000000D9CEF753E32986C0C139234A7B5B5C40FDF675E09CA777C029ED0DBE30915B406E3480B740D276C0C74B37894182704091ED7C3F356285C00AD7A3703DB07040D9CEF753E32986C0C139234A7B5B5C40,590.201282929815306,-564.6288,171.8484,73.0720363031,"POLYGON((0.760627 80.913532,0.417471 73.756563,0.477254 54.118214,0.777866 68.683507,0.760627 80.913532))",,POINT(0.625023902113607 73.0720363030952),0.625023902114
487,11494.0,,HMI SHARP,HMI,SDO,"11494,11502",HMI,,,4.99999987369e-05,SDO,,cm,84.0965652466,-16.1852531433,78.7689437866,89.6758117676,"POLYGON((0.984424 251.032821,1.000006 251.505277,1.000005 256.218091,0.983416 255.816074,0.984424 251.032821))",,POINT(0.995917124483706 253.658811254449),"POLYGON((-164.958514 -18.491994,-154.051646 -18.491994,-154.051646 -13.778616,-164.958514 -13.778616,-164.958514 -18.491994))",,POINT(-159.630895 -16.185253),-159.630895,-16.185253,"POLYGON((78.768946 -18.491994,89.675814 -18.491994,89.675814 -13.778616,78.768946 -13.778616,78.768946 -18.491994))",,POINT(84.096565 -16.185253),84.096565,-16.185253,"POLYGON((879.09 -302.1318,895.506 -299.5404,917.088 -224.9514,900.3 -227.5422,879.09 -302.1318))",,POINT(902.424 -264.5916),010300000001000000050000001F85EB51B8788B40CE1951DA1BE272C0355EBA490CFC8B40226C787AA5B872C062105839B4A88C4043AD69DE711E6CC06666666666228C40857CD0B359716CC01F85EB51B8788B40CE1951DA1BE272C0,940.413627382419349,902.424,-264.5916,253.658811254,"POLYGON((0.984424 251.032821,1.000006 251.505277,1.000005 256.218091,0.983416 255.816074,0.984424 251.032821))",,POINT(0.995917124483706 253.658811254449),0.995917124484
488,11504.0,EKI,SWPC,nil,nil,,various,,,5e-05,various,,cm,-28.0,-17.0,-33.5,-22.5,"POLYGON((0.612868 120.343125,0.480918 130.284334,0.475591 129.303949,0.609462 119.477942,0.612868 120.343125))",,POINT(0.544474594242448 124.130766640214),"POLYGON((80.56648 -17.290646,91.56648 -17.290646,91.56648 -16.709354,80.56648 -16.709354,80.56648 -17.290646))",,POINT(86.06648 -17),86.06648,-17.0,"POLYGON((-33.5 -17.290646,-22.5 -17.290646,-22.5 -16.709354,-33.5 -16.709354,-33.5 -17.290646))",,POINT(-28 -17),-28.0,-17.0,"POLYGON((-499.4286 -292.347,-346.4142 -293.6178,-347.4948 -284.4612,-500.9862 -283.1898,-499.4286 -292.347))",,POINT(-425.5686 -288.465),010300000001000000050000000D71AC8BDB367FC0643BDF4F8D4572C00DE02D90A0A675C080B74082E25972C0F9A067B3EAB775C0A54E401361C771C00BB5A679C74F7FC07E8CB96B09B371C00D71AC8BDB367FC0643BDF4F8D4572C0,514.121279010079547,-425.5686,-288.465,124.13076664,"POLYGON((0.612868 120.343125,0.480918 130.284334,0.475591 129.303949,0.609462 119.477942,0.612868 120.343125))",,POINT(0.544474594242448 124.130766640214),0.544474594242
489,11505.0,DAO,SWPC,nil,nil,,various,,,5e-05,various,,cm,-24.0,-9.0,-26.5,-21.5,"POLYGON((0.474945 111.387935,0.402707 115.556738,0.400064 114.610363,0.472868 110.561713,0.474945 111.387935))",,POINT(0.437719868082386 112.841941145492),"POLYGON((87.56648 -9.206264,92.56648 -9.206264,92.56648 -8.793736,87.56648 -8.793736,87.56648 -9.206264))",,POINT(90.06648 -9),90.06648,-9.0,"POLYGON((-26.5 -9.206264,-21.5 -9.206264,-21.5 -8.793736,-26.5 -8.793736,-26.5 -9.206264))",,POINT(-24 -9),-24.0,-9.0,"POLYGON((-417.5826 -163.5474,-343.0524 -164.0448,-343.446 -157.317,-418.0614 -156.8202,-417.5826 -163.5474))",,POINT(-380.9052 -160.446),0103000000010000000500000065AA605452197AC0933A014D847164C0F7E461A1D67075C08CDB68006F8164C04260E5D0227775C0A01A2FDD24AA63C097FF907EFB207AC0BC0512143F9A63C065AA605452197AC0933A014D847164C0,413.317904648516276,-380.9052,-160.446,112.841941145,"POLYGON((0.474945 111.387935,0.402707 115.556738,0.400064 114.610363,0.472868 110.561713,0.474945 111.387935))",,POINT(0.437719868082386 112.841941145492),0.437719868082
490,11506.0,HAX,SWPC,nil,nil,,various,,,5e-05,various,,cm,-38.0,11.0,-39.5,-36.5,"POLYGON((0.651183 74.433332,0.612047 73.451712,0.614219 72.355943,0.653055 73.397812,0.651183 74.433332))",,POINT(0.632785745487689 73.430160880093),"POLYGON((74.56648 10.656225,77.56648 10.656225,77.56648 11.343775,74.56648 11.343775,74.56648 10.656225))",,POINT(76.06648 11),76.06648,11.0,"POLYGON((-39.5 10.656225,-36.5 10.656225,-36.5 11.343775,-39.5 11.343775,-39.5 10.656225))",,POINT(-38 11),-38.0,11.0,"POLYGON((-592.326 165.009,-553.989 164.607,-552.6942 175.7928,-590.9412 176.1918,-592.326 165.009))",,POINT(-572.6964 170.4),01030000000100000005000000F853E3A59B8282C03F355EBA49A06440F4FDD478E94F81C08195438B6C93644011C7BAB88D4581C09A081B9E5EF96540F697DD93877782C0EEEBC03923066640F853E3A59B8282C03F355EBA49A06440,597.509269026816014,-572.6964,170.4,73.4301608801,"POLYGON((0.651183 74.433332,0.612047 73.451712,0.614219 72.355943,0.653055 73.397812,0.651183 74.433332))",,POINT(0.632785745487689 73.430160880093),0.632785745488
491,11507.0,EAI,SWPC,nil,nil,,various,,,5e-05,various,,cm,-2.0,-27.0,-7.5,3.5,"POLYGON((0.484079 166.05341,0.473064 186.624056,0.470191 186.675934,0.481309 165.947502,0.484079 166.05341))",,POINT(0.469512897636291 176.187062512145),"POLYGON((106.56648 -27.093758,117.56648 -27.093758,117.56648 -26.906242,106.56648 -26.906242,106.56648 -27.093758))",,POINT(112.06648 -27),112.06648,-27.0,"POLYGON((-7.5 -27.093758,3.5 -27.093758,3.5 -26.906242,-7.5 -26.906242,-7.5 -27.093758))",,POINT(-2 -27),-2.0,-27.0,"POLYGON((-110.1672 -443.6178,51.52782 -443.7102,51.61416 -440.9688,-110.352 -440.8764,-110.1672 -443.6178))",,POINT(-29.48166 -442.3572),0103000000010000000500000009F9A067B38A5BC080B74082E2B97BC05D16139B8FC34940E8D9ACFA5CBB7BC074417DCB9CCE4940D6C56D34808F7BC04A0C022B87965BC06EA301BC058E7BC009F9A067B38A5BC080B74082E2B97BC0,443.33853957015242,-29.48166,-442.3572,176.187062512,"POLYGON((0.484079 166.05341,0.473064 186.624056,0.470191 186.675934,0.481309 165.947502,0.484079 166.05341))",,POINT(0.469512897636291 176.187062512145),0.469512897636
492,11494.0,HSX,SWPC,nil,nil,,various,,,5e-05,various,,cm,84.0,-16.0,83.0,85.0,"POLYGON((0.994111 253.536272,0.997183 253.619336,0.997162 254.136346,0.994064 254.05468,0.994111 253.536272))",,POINT(0.995769637067973 253.839053196013),"POLYGON((-162.93352 -16.257831,-160.93352 -16.257831,-160.93352 -15.742169,-162.93352 -15.742169,-162.93352 -16.257831))",,POINT(-161.93352 -16),-161.93352,-16.0,"POLYGON((83 -16.257831,85 -16.257831,85 -15.742169,83 -15.742169,83 -16.257831))",,POINT(84 -16),84.0,-16.0,"POLYGON((900.204 -266.0328,903.372 -265.5456,905.712 -257.3778,902.532 -257.865,900.204 -266.0328))",,POINT(903.102 -261.708),010300000001000000050000001283C0CAA1218C40F1F44A5986A070C0E5D022DBF93A8C4029CB10C7BA9870C004560E2DB24D8C40DC4603780B1670C0C74B378941348C40A4703D0AD71D70C01283C0CAA1218C40F1F44A5986A070C0,940.257570917671501,903.102,-261.708,253.839053196,"POLYGON((0.994111 253.536272,0.997183 253.619336,0.997162 254.136346,0.994064 254.05468,0.994111 253.536272))",,POINT(0.995769637067973 253.839053196013),0.995769637068
493,11499.0,BXO,SWPC,nil,nil,,various,,,5e-05,various,,cm,71.0,15.0,70.0,72.0,"POLYGON((0.943994 285.585343,0.954569 285.434245,0.954606 285.542191,0.944042 285.694387,0.943994 285.585343))",,POINT(0.949437633370041 285.561312531059),"POLYGON((-175.93352 14.948434,-173.93352 14.948434,-173.93352 15.051566,-175.93352 15.051566,-175.93352 14.948434))",,POINT(-174.93352 15),-174.93352,15.0,"POLYGON((70 14.948434,72 14.948434,72 15.051566,70 15.051566,70 14.948434))",,POINT(71 15),71.0,15.0,"POLYGON((858.594 239.487,868.848 239.8794,868.428 241.5252,858.18 241.1328,858.594 239.487))",,POINT(863.646 240.5058),01030000000100000005000000986E1283C0D48A40DD24068195EF6D40105839B4C8268B404703780B24FC6D408195438B6C238B407FFB3A70CE306E403D0AD7A370D18A40151DC9E53F246E40986E1283C0D48A40DD24068195EF6D40,896.508479128691761,863.646,240.5058,285.561312531,"POLYGON((0.943994 285.585343,0.954569 285.434245,0.954606 285.542191,0.944042 285.694387,0.943994 285.585343))",,POINT(0.949437633370041 285.561312531059),0.94943763337
494,11504.0,,HMI SHARP,HMI,SDO,"11504,11505",HMI,,,4.99999987369e-05,SDO,,cm,-13.815199852,-15.2687721252,-23.2226810455,-4.41773080826,"POLYGON((0.526032 135.385392,0.382642 169.124367,0.149034 148.936146,0.413301 107.800671,0.526032 135.385392))",,POINT(0.363021724252083 140.409841636906),"POLYGON((77.607349 -21.043809,96.412299 -21.043809,96.412299 -6.371401,77.607349 -6.371401,77.607349 -21.043809))",,POINT(87.01483 -15.268772),87.01483,-15.268772,"POLYGON((-23.222681 -21.043809,-4.417731 -21.043809,-4.417731 -6.371401,-23.222681 -6.371401,-23.222681 -21.043809))",,POINT(-13.8152 -15.268772),-13.8152,-15.268772,"POLYGON((-348.8178 -353.5422,-68.1642 -354.7842,-72.606 -120.5322,-371.538 -119.2926,-348.8178 -353.5422))",,POINT(-218.4306 -264.1296),01030000000100000005000000B3EA73B515CD75C0423EE8D9AC1876C03480B740820A51C05F984C158C2C76C0105839B4C82652C099BB96900F225EC0F853E3A59B3877C0D0B359F5B9D25DC0B3EA73B515CD75C0423EE8D9AC1876C0,342.748264200593781,-218.4306,-264.1296,140.409841637,"POLYGON((0.526032 135.385392,0.382642 169.124367,0.149034 148.936146,0.413301 107.800671,0.526032 135.385392))",,POINT(0.363021724252083 140.409841636906),0.363021724252
495,11507.0,,HMI SHARP,HMI,SDO,"11507,11508,11509",HMI,,,4.99999987369e-05,SDO,,cm,5.60807800293,-25.0479469299,-15.6910810471,18.6372795105,"POLYGON((0.593709 157.226678,0.610857 206.393382,0.390867 233.260556,0.353641 131.442857,0.593709 157.226678))",,POINT(0.448691060696454 191.427398601735),"POLYGON((85.138949 -32.154831,119.46731 -32.154831,119.46731 -12.579803,85.138949 -12.579803,85.138949 -32.154831))",,POINT(106.438108 -25.047947),106.438108,-25.047947,"POLYGON((-15.691081 -32.154831,18.63728 -32.154831,18.63728 -12.579803,-15.691081 -12.579803,-15.691081 -32.154831))",,POINT(5.608078 -25.047947),5.608078,-25.047947,"POLYGON((-216.9822 -516.8538,256.3806 -516.6252,295.734 -220.7502,-250.2906 -220.9938,-216.9822 -516.8538))",,POINT(83.9328 -415.2354),0103000000010000000500000033C4B12E6E1F6BC0992A1895D42680C0B98D06F016067040AC8BDB68002580C039B4C876BE7B7240B22E6EA301986BC0F7065F984C496FC07958A835CD9F6BC033C4B12E6E1F6BC0992A1895D42680C0,423.633275757464503,83.9328,-415.2354,191.427398602,"POLYGON((0.593709 157.226678,0.610857 206.393382,0.390867 233.260556,0.353641 131.442857,0.593709 157.226678))",,POINT(0.448691060696454 191.427398601735),0.448691060696
496,11506.0,,HMI SHARP,HMI,SDO,11506,HMI,,,4.99999987369e-05,SDO,,cm,-19.6363239288,11.1919660568,-31.6525592804,-5.73956489563,"POLYGON((0.53489 77.638685,0.150094 41.59353,0.29778 18.795053,0.577716 60.558637,0.53489 77.638685))",,POINT(0.376738431930436 61.4938167965634),"POLYGON((69.177471 7.343554,95.090465 7.343554,95.090465 17.227806,69.177471 17.227806,69.177471 7.343554))",,POINT(81.193706 11.191966),81.193706,11.191966,"POLYGON((-31.652559 7.343554,-5.739565 7.343554,-5.739565 17.227806,-31.652559 17.227806,-31.652559 7.343554))",,POINT(-19.636324 11.191966),-19.636324,11.191966,"POLYGON((-493.3104 108.1122,-94.074 105.9822,-90.582 266.1582,-475.0122 268.1076,-493.3104 108.1122))",,POINT(-312.576 169.7586),01030000000100000005000000DB8AFD65F7D47EC01EA7E8482E075B40DBF97E6ABC8457C06688635DDC7E5A406891ED7C3FA556C0A323B9FC87A270402E90A0F831B07DC0CB10C7BAB8C17040DB8AFD65F7D47EC01EA7E8482E075B40,355.69894299809215,-312.576,169.7586,61.4938167966,"POLYGON((0.53489 77.638685,0.150094 41.59353,0.29778 18.795053,0.577716 60.558637,0.53489 77.638685))",,POINT(0.376738431930436 61.4938167965634),0.37673843193
497,11505.0,DAO,SWPC,nil,nil,,various,,,5e-05,various,,cm,-12.0,-9.0,-14.5,-9.5,"POLYGON((0.303887 125.212042,0.240003 137.000879,0.236472 136.153633,0.301204 124.415216,0.303887 125.212042))",,POINT(0.269143862558658 129.971284716302),"POLYGON((86.33003 -9.144386,91.33003 -9.144386,91.33003 -8.855614,86.33003 -8.855614,86.33003 -9.144386))",,POINT(88.83003 -9),88.83003,-9.0,"POLYGON((-14.5 -9.144386,-9.5 -9.144386,-9.5 -8.855614,-14.5 -8.855614,-14.5 -9.144386))",,POINT(-12 -9),-12.0,-9.0,"POLYGON((-234.417 -165.4368,-154.5378 -165.7266,-154.662 -161.019,-234.6054 -160.7292,-234.417 -165.4368))",,POINT(-194.7438 -163.2432),01030000000100000005000000D34D6210584D6DC0925CFE43FAAD64C03E7958A8355163C0C1A8A44E40B764C077BE9F1A2F5563C0F853E3A59B2064C0F31FD26F5F536DC0C8073D9B551764C0D34D6210584D6DC0925CFE43FAAD64C0,254.113144061223238,-194.7438,-163.2432,129.971284716,"POLYGON((0.303887 125.212042,0.240003 137.000879,0.236472 136.153633,0.301204 124.415216,0.303887 125.212042))",,POINT(0.269143862558658 129.971284716302),0.269143862559
498,11508.0,DAI,SWPC,nil,nil,,various,,,5e-05,various,,cm,6.0,-28.0,2.5,9.5,"POLYGON((0.489043 184.53011,0.50875 196.694309,0.505384 196.846844,0.48545 184.573767,0.489043 184.53011))",,POINT(0.494398166762096 190.802560109576),"POLYGON((103.33003 -28.117866,110.33003 -28.117866,110.33003 -27.882134,103.33003 -27.882134,103.33003 -28.117866))",,POINT(106.83003 -28),106.83003,-28.0,"POLYGON((2.5 -28.117866,9.5 -28.117866,9.5 -27.882134,2.5 -27.882134,2.5 -28.117866))",,POINT(6 -28),6.0,-28.0,"POLYGON((36.46896 -460.2894,137.9844 -460.092,138.288 -456.6822,36.54918 -456.8802,36.46896 -460.2894))",,POINT(87.4878 -458.5158),01030000000100000005000000EB909BE1063C424066F7E461A1C47CC0D6C56D34803F6140B6F3FDD478C17CC0F0A7C64B374961404D158C4AEA8A7CC003CFBD874B464240075F984C158E7CC0EB909BE1063C424066F7E461A1C47CC0,466.787804037851913,87.4878,-458.5158,190.80256011,"POLYGON((0.489043 184.53011,0.50875 196.694309,0.505384 196.846844,0.48545 184.573767,0.489043 184.53011))",,POINT(0.494398166762096 190.802560109576),0.494398166762
499,11504.0,EKC,SWPC,nil,nil,,various,,,5e-05,various,,cm,-14.0,-17.0,-20.0,-8.0,"POLYGON((0.455302 133.991756,0.343978 157.195911,0.329524 156.003809,0.445557 132.355584,0.455302 133.991756))",,POINT(0.386392679612624 143.037584498019),"POLYGON((80.83003 -17.481285,92.83003 -17.481285,92.83003 -16.518715,80.83003 -16.518715,80.83003 -17.481285))",,POINT(86.83003 -17),86.83003,-17.0,"POLYGON((-20 -17.481285,-8 -17.481285,-8 -16.518715,-20 -16.518715,-20 -17.481285))",,POINT(-14 -17),-14.0,-17.0,"POLYGON((-309.2694 -298.572,-125.874 -299.3826,-126.5256 -284.232,-310.869 -283.4208,-309.2694 -298.572))",,POINT(-219.3594 -291.4974),01030000000100000005000000AED85F764F5473C0FED478E926A972C00E2DB29DEF775FC032772D211FB672C0C4B12E6EA3A15FC0C1CAA145B6C371C096438B6CE76D73C082E2C798BBB671C0AED85F764F5473C0FED478E926A972C0,364.81403560597829,-219.3594,-291.4974,143.037584498,"POLYGON((0.455302 133.991756,0.343978 157.195911,0.329524 156.003809,0.445557 132.355584,0.455302 133.991756))",,POINT(0.386392679612624 143.037584498019),0.386392679613
500,11506.0,HSX,SWPC,nil,nil,,various,,,5e-05,various,,cm,-25.0,11.0,-26.5,-23.5,"POLYGON((0.472762 68.605351,0.429418 66.370389,0.43264 65.180052,0.475543 67.504928,0.472762 68.605351))",,POINT(0.452614826624857 66.9752983321837),"POLYGON((74.33003 10.724981,77.33003 10.724981,77.33003 11.275019,74.33003 11.275019,74.33003 10.724981))",,POINT(75.83003 11),75.83003,11.0,"POLYGON((-26.5 10.724981,-23.5 10.724981,-23.5 11.275019,-26.5 11.275019,-26.5 10.724981))",,POINT(-25 11),-25.0,11.0,"POLYGON((-415.6008 162.8274,-371.4432 162.5082,-370.7478 171.4662,-414.8232 171.7836,-415.6008 162.8274))",,POINT(-393.2946 167.1438),01030000000100000005000000FDF675E09CF979C0BC96900F7A5A64406519E258173777C0787AA52C435064402EFF21FDF62B77C0A52C431CEB6E65401361C3D32BED79C0A9A44E4013796540FDF675E09CF979C0BC96900F7A5A6440,427.337913445086201,-393.2946,167.1438,66.9752983322,"POLYGON((0.472762 68.605351,0.429418 66.370389,0.43264 65.180052,0.475543 67.504928,0.472762 68.605351))",,POINT(0.452614826624857 66.9752983321837),0.452614826625
501,11507.0,DAI,SWPC,nil,nil,,various,,,5e-05,various,,cm,13.0,-25.0,9.5,16.5,"POLYGON((0.464735 198.84613,0.509667 210.451263,0.508195 210.581504,0.463026 198.937197,0.464735 198.84613))",,POINT(0.484100955301624 205.013985440704),"POLYGON((110.33003 -25.058934,117.33003 -25.058934,117.33003 -24.941066,110.33003 -24.941066,110.33003 -25.058934))",,POINT(113.83003 -25),113.83003,-25.0,"POLYGON((9.5 -25.058934,16.5 -25.058934,16.5 -24.941066,9.5 -24.941066,9.5 -25.058934))",,POINT(13 -25),13.0,-25.0,"POLYGON((141.7386 -415.2582,243.8766 -414.8268,244.1118 -413.0748,141.8748 -413.5062,141.7386 -415.2582))",,POINT(193.2654 -414.195),010300000001000000050000006B9A779CA2B761403CBD529621F479C08E75711B0D7C6E405305A3923AED79C02BF697DD93836E40DA1B7C6132D179C04ED1915CFEBB6140C3D32B6519D879C06B9A779CA2B761403CBD529621F479C0,457.065654870457308,193.2654,-414.195,205.013985441,"POLYGON((0.464735 198.84613,0.509667 210.451263,0.508195 210.581504,0.463026 198.937197,0.464735 198.84613))",,POINT(0.484100955301624 205.013985440704),0.484100955302
502,11504.0,,HMI SHARP,HMI,SDO,"11504,11505",HMI,,,4.99999987369e-05,SDO,,cm,-11.6599359512,-15.2412462234,-21.1752243042,-2.0793056488,"POLYGON((0.505741 138.009807,0.378575 174.84814,0.131828 164.048966,0.381822 109.205676,0.505741 138.009807))",,POINT(0.341493796902586 145.00704515706),"POLYGON((77.44872 -21.100063,96.544638 -21.100063,96.544638 -6.296953,77.44872 -6.296953,77.44872 -21.100063))",,POINT(86.964008 -15.241246),86.964008,-15.241246,"POLYGON((-21.175224 -21.100063,-2.079306 -21.100063,-2.079306 -6.296953,-21.175224 -6.296953,-21.175224 -21.100063))",,POINT(-11.659936 -15.241246),-11.659936,-15.241246,"POLYGON((-319.4418 -354.8982,-32.09544 -355.983,-34.20468 -119.6718,-340.4286 -118.5876,-319.4418 -354.8982))",,POINT(-184.8984 -264.1314),01030000000100000005000000F775E09C11F773C04694F6065F2E76C0795DBF60370C40C07D3F355EBA3F76C0991249F4321A41C0FB5C6DC5FEEA5DC00D71AC8BDB4675C04BC8073D9BA55DC0F775E09C11F773C04694F6065F2E76C0,322.417144067309152,-184.8984,-264.1314,145.007045157,"POLYGON((0.505741 138.009807,0.378575 174.84814,0.131828 164.048966,0.381822 109.205676,0.505741 138.009807))",,POINT(0.341493796902586 145.00704515706),0.341493796903
503,11507.0,,HMI SHARP,HMI,SDO,"11507,11508,11509",HMI,,,4.99999987369e-05,SDO,,cm,7.78186607361,-25.1104164124,-14.0151872635,20.9059677124,"POLYGON((0.585799 159.443198,0.62613 208.945839,0.42048 236.286828,0.333358 134.585246,0.585799 159.443198))",,POINT(0.457876664372712 195.596854484197),"POLYGON((84.608757 -32.200519,119.529911 -32.200519,119.529911 -12.549545,84.608757 -12.549545,84.608757 -32.200519))",,POINT(106.40581 -25.110416),106.40581,-25.110416,"POLYGON((-14.015187 -32.200519,20.905967 -32.200519,20.905967 -12.549545,-14.015187 -12.549545,-14.015187 -32.200519))",,POINT(7.781866 -25.110416),7.781866,-25.110416,"POLYGON((-194.2044 -517.8576,286.1076 -517.3044,330.2274 -220.344,-224.157 -220.935,-194.2044 -517.8576))",,POINT(116.2308 -416.3802),01030000000100000005000000AD69DE718A4668C06688635DDC2E80C0CB10C7BAB8E17140386744696F2A80C0C4B12E6EA3A374405EBA490C028B6BC01B2FDD2406056CC052B81E85EB9D6BC0AD69DE718A4668C06688635DDC2E80C0,432.298588733157885,116.2308,-416.3802,195.596854484,"POLYGON((0.585799 159.443198,0.62613 208.945839,0.42048 236.286828,0.333358 134.585246,0.585799 159.443198))",,POINT(0.457876664372712 195.596854484197),0.457876664373
504,11506.0,,HMI SHARP,HMI,SDO,11506,HMI,,,4.99999987369e-05,SDO,,cm,-17.4558105469,11.1517419815,-29.5037174225,-3.37243461609,"POLYGON((0.503392 76.956486,0.126019 27.717169,0.287988 11.297659,0.551053 58.942381,0.503392 76.956486))",,POINT(0.345343533054959 58.8589124701316),"POLYGON((69.120227 7.326643,95.251509 7.326643,95.251509 17.280632,69.120227 17.280632,69.120227 7.326643))",,POINT(81.168134 11.151742),81.168134,11.151742,"POLYGON((-29.503717 7.326643,-3.372435 7.326643,-3.372435 17.280632,-29.503717 17.280632,-29.503717 7.326643))",,POINT(-17.45581 11.151742),-17.45581,11.151742,"POLYGON((-463.0086 107.2644,-55.33818 105.327,-53.26692 266.6316,-445.6884 268.407,-463.0086 107.2644))",,POINT(-279.0666 168.6168),01030000000100000005000000EEEBC03923F07CC0FE43FAEDEBD05A40A514747B49AB4BC0B0726891ED545A40FC523F6F2AA24AC075029A081BAA704010E9B7AF03DB7BC08D976E1283C67040EEEBC03923F07CC0FE43FAEDEBD05A40,326.051824834335207,-279.0666,168.6168,58.8589124701,"POLYGON((0.503392 76.956486,0.126019 27.717169,0.287988 11.297659,0.551053 58.942381,0.503392 76.956486))",,POINT(0.345343533054959 58.8589124701316),0.345343533055
505,11504.0,,HMI SHARP,HMI,SDO,"11504,11505",HMI,,,4.99999987369e-05,SDO,,cm,-9.46466732025,-15.1440448761,-19.168088913,0.122158482671,"POLYGON((0.48568 140.69787,0.376804 180.303826,0.126551 180.963953,0.351014 110.959802,0.48568 140.69787))",,POINT(0.32096656294486 150.218688510497),"POLYGON((77.249766 -21.064209,96.540012 -21.064209,96.540012 -6.263817,77.249766 -6.263817,77.249766 -21.064209))",,POINT(86.953187 -15.144045),86.953187,-15.144045,"POLYGON((-19.168088 -21.064209,0.122158 -21.064209,0.122158 -6.263817,-19.168088 -6.263817,-19.168088 -21.064209))",,POINT(-9.464667 -15.144045),-9.464667,-15.144045,"POLYGON((-290.4444 -354.8268,1.886442 -355.7436,2.010054 -119.463,-309.4722 -118.5462,-290.4444 -354.8268))",,POINT(-150.513 -263.0094),010300000001000000050000007AA52C431C2772C05305A3923A2D76C035D07CCEDD2EFE3FE4141DC9E53B76C0478D0931971400401283C0CAA1DD5DC0BD5296218E5773C0D044D8F0F4A25DC07AA52C431C2772C05305A3923A2D76C0,303.031529147314984,-150.513,-263.0094,150.21868851,"POLYGON((0.48568 140.69787,0.376804 180.303826,0.126551 180.963953,0.351014 110.959802,0.48568 140.69787))",,POINT(0.32096656294486 150.218688510497),0.320966562945
506,11507.0,,HMI SHARP,HMI,SDO,"11507,11508,11509",HMI,,,4.99999987369e-05,SDO,,cm,9.67763614655,-25.0650863647,-13.4797925949,23.1210613251,"POLYGON((0.584599 160.224349,0.642376 211.237194,0.450458 238.677512,0.327842 135.818211,0.584599 160.224349))",,POINT(0.466305287775891 199.140448357633),"POLYGON((82.938062 -32.28965,119.538914 -32.28965,119.538914 -12.592422,82.938062 -12.592422,82.938062 -32.28965))",,POINT(106.09549 -25.065086),106.09549,-25.065086,"POLYGON((-13.479792 -32.28965,23.12106 -32.28965,23.12106 -12.592422,-13.479792 -12.592422,-13.479792 -32.28965))",,POINT(9.677636 -25.065086),9.677636,-25.065086,"POLYGON((-186.7398 -519.3822,314.5104 -518.5584,363.3036 -221.0874,-215.718 -221.9688,-186.7398 -519.3822))",,POINT(144.351 -415.911),0103000000010000000500000096B20C71AC5767C040A4DFBE0E3B80C00EBE30992AA87340B1506B9A773480C00D71AC8BDBB4764074B515FBCBA26BC0E5D022DBF9F66AC0AC8BDB6800BF6BC096B20C71AC5767C040A4DFBE0E3B80C0,440.248987644491933,144.351,-415.911,199.140448358,"POLYGON((0.584599 160.224349,0.642376 211.237194,0.450458 238.677512,0.327842 135.818211,0.584599 160.224349))",,POINT(0.466305287775891 199.140448357633),0.466305287776
507,11506.0,,HMI SHARP,HMI,SDO,11506,HMI,,,4.99999987369e-05,SDO,,cm,-15.1861429214,11.1129550934,-27.3962879181,-1.16546034813,"POLYGON((0.472099 76.06146,0.113705 10.265873,0.282351 3.962162,0.524314 57.286559,0.472099 76.06146))",,POINT(0.313254653234353 55.5021989490442),"POLYGON((69.021566 7.366693,95.252394 7.366693,95.252394 17.258375,69.021566 17.258375,69.021566 7.366693))",,POINT(81.231711 11.112955),81.231711,11.112955,"POLYGON((-27.396288 7.366693,-1.16546 7.366693,-1.16546 17.258375,-27.396288 17.258375,-27.396288 7.366693))",,POINT(-15.186143 11.112955),-15.186143,11.112955,"POLYGON((-432.5946 107.3652,-19.13178 105.633,-18.41964 265.9368,-416.499 267.5256,-432.5946 107.3652))",,POINT(-243.7422 167.5056),010300000001000000050000003A234A7B83097BC0F31FD26F5FD75A4052448655BC2133C08D976E1283685A40EC17EC866D6B32C0492EFF21FD9E7040448B6CE7FB077AC071AC8BDB68B870403A234A7B83097BC0F31FD26F5FD75A40,295.750547069992763,-243.7422,167.5056,55.502198949,"POLYGON((0.472099 76.06146,0.113705 10.265873,0.282351 3.962162,0.524314 57.286559,0.472099 76.06146))",,POINT(0.313254653234353 55.5021989490442),0.313254653234
508,11504.0,,HMI SHARP,HMI,SDO,"11504,11505",HMI,,,4.99999987369e-05,SDO,,cm,-7.27560901642,-15.0640249252,-16.9917697906,2.42677140236,"POLYGON((0.46513 143.92901,0.378807 186.01395,0.133401 198.479506,0.317718 113.316993,0.46513 143.92901))",,POINT(0.303613775229539 156.13699840915),"POLYGON((77.219992 -21.040638,96.638532 -21.040638,96.638532 -6.244164,77.219992 -6.244164,77.219992 -21.040638))",,POINT(86.936152 -15.064025),86.936152,-15.064025,"POLYGON((-16.991769 -21.040638,2.426771 -21.040638,2.426771 -6.244164,-16.991769 -6.244164,-16.991769 -21.040638))",,POINT(-7.275609 -15.064025),-7.275609,-15.064025,"POLYGON((-258.5556 -354.9456,37.46958 -355.6662,39.92004 -119.4504,-275.4612 -118.7292,-258.5556 -354.9456))",,POINT(-115.962 -262.14),01030000000100000005000000865AD3BCE32870C09031772D212F76C0876D8B321BBC424086C954C1A83A76C08481E7DEC3F543409487855AD3DC5DC0A54E4013613771C0910F7A36ABAE5DC0865AD3BCE32870C09031772D212F76C0,286.643620274374825,-115.962,-262.14,156.136998409,"POLYGON((0.46513 143.92901,0.378807 186.01395,0.133401 198.479506,0.317718 113.316993,0.46513 143.92901))",,POINT(0.303613775229539 156.13699840915),0.30361377523
509,11507.0,,HMI SHARP,HMI,SDO,"11507,11508,11509",HMI,,,4.99999987369e-05,SDO,,cm,11.9343442917,-25.2140388489,-11.4285831451,25.3180446625,"POLYGON((0.578403 163.140511,0.660297 213.239725,0.48042 240.698682,0.306003 140.610124,0.578403 163.140511))",,POINT(0.481223610854537 202.976112997588),"POLYGON((82.783178 -32.495571,119.529806 -32.495571,119.529806 -12.646293,82.783178 -12.646293,82.783178 -32.495571))",,POINT(106.146105 -25.214039),106.146105,-25.214039,"POLYGON((-11.428583 -32.495571,25.318045 -32.495571,25.318045 -12.646293,-11.428583 -12.646293,-11.428583 -32.495571))",,POINT(11.934344 -25.214039),11.934344,-25.214039,"POLYGON((-158.3754 -522.603,341.7072 -521.394,395.5374 -221.9772,-183.3336 -223.2744,-158.3754 -522.603))",,POINT(177.345 -418.2834),01030000000100000005000000645DDC4603CC63C0E7FBA9F1D25480C0B37BF2B0505B7540FED478E9264B80C0ED0DBE3099B87840D734EF3845BF6BC0423EE8D9ACEA66C0B84082E2C7E86BC0645DDC4603CC63C0E7FBA9F1D25480C0,454.3261512840308,177.345,-418.2834,202.976112998,"POLYGON((0.578403 163.140511,0.660297 213.239725,0.48042 240.698682,0.306003 140.610124,0.578403 163.140511))",,POINT(0.481223610854537 202.976112997588),0.481223610855
510,11506.0,,HMI SHARP,HMI,SDO,11506,HMI,,,4.99999987369e-05,SDO,,cm,-13.1749019623,11.1345262527,-25.2096652985,1.04250919819,"POLYGON((0.438786 75.195753,0.112003 350.685052,0.282848 356.463697,0.497188 55.197497,0.438786 75.195753))",,POINT(0.286176829610094 51.7118078733014),"POLYGON((69.002096 7.308641,95.25427 7.308641,95.25427 17.315975,69.002096 17.315975,69.002096 7.308641))",,POINT(81.036859 11.134526),81.036859,11.134526,"POLYGON((-25.209665 7.308641,1.042509 7.308641,1.042509 17.315975,-25.209665 17.315975,-25.209665 7.308641))",,POINT(-13.174902 11.134526),-13.174902,11.134526,"POLYGON((-400.509 105.8508,17.11566 104.3484,16.4712 266.5302,-385.4346 267.909,-400.509 105.8508))",,POINT(-212.0664 167.409),01030000000100000005000000A01A2FDD240879C0F5DBD78173765A409274CDE49B1D31404A7B832F4C165A400DE02D90A07830406DC5FEB27BA87040772D211FF41678C0068195438BBE7040A01A2FDD240879C0F5DBD78173765A40,270.18129337531866,-212.0664,167.409,51.7118078733,"POLYGON((0.438786 75.195753,0.112003 350.685052,0.282848 356.463697,0.497188 55.197497,0.438786 75.195753))",,POINT(0.286176829610094 51.7118078733014),0.28617682961
511,11506.0,,HMI SHARP,HMI,SDO,11506,HMI,,,4.99999987369e-05,SDO,,cm,-11.020029068,11.1328172684,-23.0893516541,3.22516012192,"POLYGON((0.40641 73.95483,0.124339 333.204915,0.28845 349.225711,0.471361 52.859103,0.40641 73.95483))",,POINT(0.258375407396686 46.8136042009889),"POLYGON((68.916313 7.35367,95.230825 7.35367,95.230825 17.397362,68.916313 17.397362,68.916313 7.35367))",,POINT(80.985636 11.132817),80.985636,11.132817,"POLYGON((-23.089352 7.35367,3.22516 7.35367,3.22516 17.397362,-23.089352 17.397362,-23.089352 7.35367))",,POINT(-11.020029 11.132817),-11.020029,11.132817,"POLYGON((-368.7408 106.0494,52.91832 104.7828,50.90826 267.5226,-354.7392 268.6854,-368.7408 106.0494))",,POINT(-177.8568 166.9392),0103000000010000000500000007CE1951DA0B77C0091B9E5E29835A40A1A17F828B754A40C3D32B6519325A40EA211ADD417449403C4ED1915CB87040401361C3D32B76C0DB8AFD65F7CA704007CE1951DA0B77C0091B9E5E29835A40,243.929780475611466,-177.8568,166.9392,46.813604201,"POLYGON((0.40641 73.95483,0.124339 333.204915,0.28845 349.225711,0.471361 52.859103,0.40641 73.95483))",,POINT(0.258375407396686 46.8136042009889),0.258375407397
512,11504.0,,HMI SHARP,HMI,SDO,"11504,11505",HMI,,,4.99999987369e-05,SDO,,cm,-5.07088518143,-15.0561571121,-14.9256095886,4.88882827759,"POLYGON((0.450437 147.658478,0.389362 191.817816,0.153015 213.78973,0.28664 116.214974,0.450437 147.658478))",,POINT(0.290856923222778 162.857443636755),"POLYGON((77.080055 -21.294252,96.894493 -21.294252,96.894493 -6.26432,77.080055 -6.26432,77.080055 -21.294252))",,POINT(86.93478 -15.056157),86.93478,-15.056157,"POLYGON((-14.92561 -21.294252,4.888828 -21.294252,4.888828 -6.26432,-14.92561 -6.26432,-14.92561 -21.294252))",,POINT(-5.070885 -15.056157),-5.070885,-15.056157,"POLYGON((-227.4954 -359.2854,75.2832 -359.8014,80.3412 -120.0588,-242.7792 -119.541,-227.4954 -359.2854))",,POINT(-80.937 -262.3962),0103000000010000000500000007CE1951DA6F6CC0742497FF907476C08A8EE4F21FD252403B70CE88D27C76C04B598638D61554404F401361C3035EC062A1D634EF586EC0B4C876BE9FE25DC007CE1951DA6F6CC0742497FF907476C0,274.595272616700356,-80.937,-262.3962,162.857443637,"POLYGON((0.450437 147.658478,0.389362 191.817816,0.153015 213.78973,0.28664 116.214974,0.450437 147.658478))",,POINT(0.290856923222778 162.857443636755),0.290856923223
513,11507.0,,HMI SHARP,HMI,SDO,"11507,11508,11509",HMI,,,4.99999987369e-05,SDO,,cm,14.3843250275,-25.3638076782,-9.19428730011,27.5692386627,"POLYGON((0.57222 166.347938,0.678384 215.200816,0.511125 242.473428,0.284934 146.671253,0.57222 166.347938))",,POINT(0.499290115927345 206.832954772656),"POLYGON((82.811378 -32.640079,119.574904 -32.640079,119.574904 -12.711945,82.811378 -12.711945,82.811378 -32.640079))",,POINT(106.38999 -25.363808),106.38999,-25.363808,"POLYGON((-9.194287 -32.640079,27.569239 -32.640079,27.569239 -12.711945,-9.194287 -12.711945,-9.194287 -32.640079))",,POINT(14.384325 -25.363808),14.384325,-25.363808,"POLYGON((-127.5072 -524.964,369.1872 -523.3404,427.9224 -223.0146,-147.8016 -224.7606,-127.5072 -524.964))",,POINT(212.7744 -420.6204),01030000000100000005000000FF21FDF675E05FC0C1CAA145B66780C0FB5C6DC5FE127740789CA223B95A80C0499D8026C2BE7A40B1506B9A77E06BC0280F0BB5A67962C0CEAACFD556186CC0FF21FDF675E05FC0C1CAA145B66780C0,471.375080155410842,212.7744,-420.6204,206.832954773,"POLYGON((0.57222 166.347938,0.678384 215.200816,0.511125 242.473428,0.284934 146.671253,0.57222 166.347938))",,POINT(0.499290115927345 206.832954772656),0.499290115927
514,11507.0,,HMI SHARP,HMI,SDO,"11507,11508,11509",HMI,,,4.99999987369e-05,SDO,,cm,16.7767810822,-25.4237194061,-6.57682800293,29.736492157,"POLYGON((0.564652 170.12616,0.694768 217.102794,0.540239 244.029664,0.263954 154.841317,0.564652 170.12616))",,POINT(0.517609033524249 210.373226428125),"POLYGON((83.222738 -32.629166,119.536058 -32.629166,119.536058 -12.734928,83.222738 -12.734928,83.222738 -32.629166))",,POINT(106.576347 -25.42372),106.576347,-25.42372,"POLYGON((-6.576828 -32.629166,29.736492 -32.629166,29.736492 -12.734928,-6.576828 -12.734928,-6.576828 -32.629166))",,POINT(16.776781 -25.42372),16.776781,-25.42372,"POLYGON((-91.4112 -525.1782,395.6778 -523.1268,458.5242 -223.3434,-105.9384 -225.5526,-91.4112 -525.1782))",,POINT(247.0824 -421.593),010300000001000000050000005F07CE1951DA56C02D211FF46C6980C0A913D044D8BA784010E9B7AF035980C003098A1F63A87C40492EFF21FDEA6BC040A4DFBE0E7C5AC0A1F831E6AE316CC05F07CE1951DA56C02D211FF46C6980C0,488.661815613579506,247.0824,-421.593,210.373226428,"POLYGON((0.564652 170.12616,0.694768 217.102794,0.540239 244.029664,0.263954 154.841317,0.564652 170.12616))",,POINT(0.517609033524249 210.373226428125),0.517609033524
515,11506.0,,HMI SHARP,HMI,SDO,11506,HMI,,,4.99999987369e-05,SDO,,cm,-8.67227077484,11.1529922485,-20.9471282959,5.44372749329,"POLYGON((0.37269 72.879535,0.144016 318.969087,0.297801 342.225268,0.445296 50.278295,0.37269 72.879535))",,POINT(0.23089037786365 40.0596377519894),"POLYGON((68.852438 7.235811,95.243293 7.235811,95.243293 17.427475,68.852438 17.427475,68.852438 7.235811))",,POINT(81.127295 11.152992),81.127295,11.152992,"POLYGON((-20.947128 7.235811,5.443727 7.235811,5.443727 17.427475,-20.947128 17.427475,-20.947128 7.235811))",,POINT(-8.672271 11.152992),-8.672271,11.152992,"POLYGON((-336.2562 103.5774,89.2542 102.5634,85.827 267.7254,-323.3484 268.656,-336.2562 103.5774))",,POINT(-140.2872 166.8348),01030000000100000005000000C3D32B65190475C0772D211FF4E459402AA913D04450564040A4DFBE0EA45940B0726891ED7455404BC8073D9BBB7040D3DEE00B933574C0D122DBF97ECA7040C3D32B65190475C0772D211FF4E45940,217.977863497374415,-140.2872,166.8348,40.059637752,"POLYGON((0.37269 72.879535,0.144016 318.969087,0.297801 342.225268,0.445296 50.278295,0.37269 72.879535))",,POINT(0.23089037786365 40.0596377519894),0.230890377864
516,11504.0,,HMI SHARP,HMI,SDO,"11504,11505",HMI,,,4.99999987369e-05,SDO,,cm,-2.91140198708,-15.0625658035,-12.8243656158,7.11025047302,"POLYGON((0.437253 151.696418,0.402271 196.703692,0.177635 224.089663,0.25556 119.86711,0.437253 151.696418))",,POINT(0.282750763010291 169.966218056621),"POLYGON((76.9752 -21.53773,96.909816 -21.53773,96.909816 -6.272848,76.9752 -6.272848,76.9752 -21.53773))",,POINT(86.888164 -15.062566),86.888164,-15.062566,"POLYGON((-12.824366 -21.53773,7.11025 -21.53773,7.11025 -6.272848,-12.824366 -6.272848,-12.824366 -21.53773))",,POINT(-2.911402 -15.062566),-2.911402,-15.062566,"POLYGON((-195.726 -363.4482,109.1556 -363.7494,116.6832 -120.4512,-209.223 -120.1488,-195.726 -363.4482))",,POINT(-46.50828 -262.8552),01030000000100000005000000AC1C5A643B7768C01361C3D32BB776C07DD0B359F5495B40F5B9DA8AFDBB76C024287E8CB92B5D4022FDF675E01C5EC04260E5D022276AC044696FF085095EC0AC1C5A643B7768C01361C3D32BB776C0,266.937963346539334,-46.50828,-262.8552,169.966218057,"POLYGON((0.437253 151.696418,0.402271 196.703692,0.177635 224.089663,0.25556 119.86711,0.437253 151.696418))",,POINT(0.282750763010291 169.966218056621),0.28275076301
517,11507.0,,HMI SHARP,HMI,SDO,"11507,11508,11509",HMI,,,4.99999987369e-05,SDO,,cm,19.1087417603,-25.5396461487,-4.37002849579,31.9154224396,"POLYGON((0.560638 173.403669,0.71182 218.856523,0.569165 245.41897,0.250945 162.694097,0.560638 173.403669))",,POINT(0.53761809612413 213.473373252548),"POLYGON((83.223436 -32.648822,119.508885 -32.648822,119.508885 -12.750486,83.223436 -12.750486,83.223436 -32.648822))",,POINT(106.702206 -25.539646),106.702206,-25.539646,"POLYGON((-4.370028 -32.648822,31.915421 -32.648822,31.915421 -12.750486,-4.370028 -12.750486,-4.370028 -32.648822))",,POINT(19.108742 -25.539646),19.108742,-25.539646,"POLYGON((-60.7998 -525.7722,421.5948 -523.3002,488.6304 -223.5168,-70.4736 -226.1826,-60.7998 -525.7722))",,POINT(279.9354 -423.3636),010300000001000000050000009FABADD85F664EC0C58F31772D6E80C0933A014D84597A4013F241CF665A80C060764F1E168A7E40545227A089F06BC0AED85F764F9E51C0FD87F4DBD7456CC09FABADD85F664EC0C58F31772D6E80C0,507.543659184232183,279.9354,-423.3636,213.473373253,"POLYGON((0.560638 173.403669,0.71182 218.856523,0.569165 245.41897,0.250945 162.694097,0.560638 173.403669))",,POINT(0.53761809612413 213.473373252548),0.537618096124
518,11504.0,,HMI SHARP,HMI,SDO,"11504,11505",HMI,,,4.99999987369e-05,SDO,,cm,-0.789152979851,-15.0491809845,-10.8280935287,9.25080776215,"POLYGON((0.423557 155.526346,0.413796 201.276582,0.204533 231.709469,0.226346 124.02338,0.423557 155.526346))",,POINT(0.278877928227441 177.254261554768),"POLYGON((76.76537 -21.542433,96.844272 -21.542433,96.844272 -6.210139,76.76537 -6.210139,76.76537 -21.542433))",,POINT(86.804311 -15.049181),86.804311,-15.049181,"POLYGON((-10.828094 -21.542433,9.250808 -21.542433,9.250808 -6.210139,-10.828094 -6.210139,-10.828094 -21.542433))",,POINT(-0.789153 -15.049181),-0.789153,-15.049181,"POLYGON((-165.6534 -363.9366,141.7548 -364.0218,151.5534 -119.649,-177.1038 -119.5632,-165.6534 -363.9366))",,POINT(-12.612 -262.9752),010300000001000000050000009BE61DA7E8B464C0F0164850FCBE76C0AA60545227B86140D8F0F44A59C076C068B3EA73B5F16240A8C64B3789E95DC065AA6054522366C0DC4603780BE45DC09BE61DA7E8B464C0F0164850FCBE76C0,263.277455090708486,-12.612,-262.9752,177.254261555,"POLYGON((0.423557 155.526346,0.413796 201.276582,0.204533 231.709469,0.226346 124.02338,0.423557 155.526346))",,POINT(0.278877928227441 177.254261554768),0.278877928227
519,11506.0,,HMI SHARP,HMI,SDO,11506,HMI,,,4.99999987369e-05,SDO,,cm,-6.41210079193,11.1273078918,-18.806892395,7.70341300964,"POLYGON((0.338821 71.471861,0.171095 308.657681,0.31219 335.714177,0.420369 47.261134,0.338821 71.471861))",,POINT(0.207455409047901 32.0451815893555),"POLYGON((68.786572 7.149914,95.296877 7.149914,95.296877 17.50107,68.786572 17.50107,68.786572 7.149914))",,POINT(81.181363 11.127308),81.181363,11.127308,"POLYGON((-18.806892 7.149914,7.703413 7.149914,7.703413 17.50107,-18.806892 17.50107,-18.806892 7.149914))",,POINT(-6.412101 11.127308),-6.412101,11.127308,"POLYGON((-303.2874 101.6442,126.1326 100.8984,121.2174 268.644,-291.471 269.328,-303.2874 101.6442))",,POINT(-103.9158 166.0086),01030000000100000005000000ED0DBE3099F472C05305A3923A695940C6DCB5847C885F407DAEB6627F395940A089B0E1E94D5E40FCA9F1D24DCA7040A8C64B37893772C06891ED7C3FD57040ED0DBE3099F472C05305A3923A695940,195.850322347449833,-103.9158,166.0086,32.0451815894,"POLYGON((0.338821 71.471861,0.171095 308.657681,0.31219 335.714177,0.420369 47.261134,0.338821 71.471861))",,POINT(0.207455409047901 32.0451815893555),0.207455409048
520,11504.0,EKC,SWPC,nil,nil,,various,,,5e-05,various,,cm,-1.0,-16.0,-7.0,5.0,"POLYGON((0.324547 158.799613,0.314075 195.500614,0.298408 196.419648,0.309522 157.60077,0.324547 158.799613))",,POINT(0.295007010202589 176.725607287344),"POLYGON((80.593464 -16.489879,92.593464 -16.489879,92.593464 -15.510121,80.593464 -15.510121,80.593464 -16.489879))",,POINT(86.593464 -16),86.593464,-16.0,"POLYGON((-7 -16.489879,5 -16.489879,5 -15.510121,-7 -15.510121,-7 -16.489879))",,POINT(-1 -16),-1.0,-16.0,"POLYGON((-110.8008 -285.6558,79.2408 -285.7212,79.6326 -270.2262,-111.348 -270.1608,-110.8008 -285.6558))",,POINT(-15.90756 -278.0496),01030000000100000005000000C1A8A44E40B35BC0780B24287EDA71C01D38674469CF534001DE02098ADB71C0C6DCB5847CE85340AF25E4839EE370C083C0CAA145D65BC0265305A392E270C0C1A8A44E40B35BC0780B24287EDA71C0,278.504273800804754,-15.90756,-278.0496,176.725607287,"POLYGON((0.324547 158.799613,0.314075 195.500614,0.298408 196.419648,0.309522 157.60077,0.324547 158.799613))",,POINT(0.295007010202589 176.725607287344),0.295007010203
521,11507.0,DAO,SWPC,nil,nil,,various,,,5e-05,various,,cm,24.0,-25.0,20.0,28.0,"POLYGON((0.539996 215.153965,0.613231 224.089725,0.611406 224.349868,0.537649 215.398768,0.539996 215.153965))",,POINT(0.57444358484613 220.100894786103),"POLYGON((107.593464 -25.103132,115.593464 -25.103132,115.593464 -24.896868,107.593464 -24.896868,107.593464 -25.103132))",,POINT(111.593464 -25),111.593464,-25.0,"POLYGON((20 -25.103132,28 -25.103132,28 -24.896868,20 -24.896868,20 -25.103132))",,POINT(24 -25),24.0,-25.0,"POLYGON((293.5236 -416.8068,402.8082 -415.815,403.4874 -412.7496,294.0186 -413.7432,293.5236 -416.8068))",,POINT(349.3206 -414.8184),01030000000100000005000000F8C264AA605872409BE61DA7E80C7AC0098A1F63EE2C7940D7A3703D0AFD79C02041F163CC3779404ED1915CFECB79C04A7B832F4C60724032E6AE25E4DB79C0F8C264AA605872409BE61DA7E80C7AC0,542.309124543299504,349.3206,-414.8184,220.100894786,"POLYGON((0.539996 215.153965,0.613231 224.089725,0.611406 224.349868,0.537649 215.398768,0.539996 215.153965))",,POINT(0.57444358484613 220.100894786103),0.574443584846
522,11508.0,DSI,SWPC,nil,nil,,various,,,5e-05,various,,cm,20.0,-28.0,17.0,23.0,"POLYGON((0.55293 207.913856,0.598101 215.331126,0.595552 215.597028,0.549952 208.146966,0.55293 207.913856))",,POINT(0.573169753183011 211.928510508343),"POLYGON((104.593464 -28.120322,110.593464 -28.120322,110.593464 -27.879678,104.593464 -27.879678,104.593464 -28.120322))",,POINT(107.593464 -28),107.593464,-28.0,"POLYGON((17 -28.120322,23 -28.120322,23 -27.879678,17 -27.879678,17 -28.120322))",,POINT(20 -28),20.0,-28.0,"POLYGON((244.3704 -461.2656,326.5338 -460.6494,327.267 -457.1718,244.9188 -457.7886,244.3704 -461.2656))",,POINT(286.17 -459.2418),0103000000010000000500000007CE1951DA8B6E40151DC9E53FD47CC0AD69DE718A6874405C2041F163CA7CC083C0CAA1457474403F575BB1BF927CC013F241CF669D6E40029A081B9E9C7CC007CE1951DA8B6E40151DC9E53FD47CC0,541.106551214490423,286.17,-459.2418,211.928510508,"POLYGON((0.55293 207.913856,0.598101 215.331126,0.595552 215.597028,0.549952 208.146966,0.55293 207.913856))",,POINT(0.573169753183011 211.928510508343),0.573169753183
523,11505.0,DAO,SWPC,nil,nil,,various,,,5e-05,various,,cm,2.0,-10.0,-1.0,5.0,"POLYGON((0.194806 174.916776,0.212259 203.95904,0.209579 204.298777,0.191862 174.835807,0.194806 174.916776))",,POINT(0.19562345352558 190.165058019361),"POLYGON((86.593464 -10.085943,92.593464 -10.085943,92.593464 -9.914057,86.593464 -9.914057,86.593464 -10.085943))",,POINT(89.593464 -10),89.593464,-10.0,"POLYGON((-1 -10.085943,5 -10.085943,5 -9.914057,-1 -9.914057,-1 -10.085943))",,POINT(2 -10),2.0,-10.0,"POLYGON((-16.2948 -183.1854,81.3732 -183.1194,81.4164 -180.3276,-16.30344 -180.3936,-16.2948 -183.1854))",,POINT(32.5932 -181.7814),010300000001000000050000005DDC4603784B30C0B515FBCBEEE566C080B74082E25754408FE4F21FD2E366C07B832F4CA65A54406DC5FEB27B8A66C0594C6C3EAE4D30C094F6065F988C66C05DDC4603784B30C0B515FBCBEEE566C0,184.680248191841031,32.5932,-181.7814,190.165058019,"POLYGON((0.194806 174.916776,0.212259 203.95904,0.209579 204.298777,0.191862 174.835807,0.194806 174.916776))",,POINT(0.19562345352558 190.165058019361),0.195623453526
524,11506.0,CSO,SWPC,nil,nil,,various,,,5e-05,various,,cm,-11.0,11.0,-16.0,-6.0,"POLYGON((0.322184 57.530559,0.200864 30.881428,0.202982 30.507977,0.323416 57.145336,0.322184 57.530559))",,POINT(0.256168217009858 47.2588724443775),"POLYGON((71.593464 10.927807,81.593464 10.927807,81.593464 11.072193,71.593464 11.072193,71.593464 10.927807))",,POINT(76.593464 11),76.593464,11.0,"POLYGON((-16 10.927807,-6 10.927807,-6 11.072193,-16 11.072193,-16 10.927807))",,POINT(-11 11),-11.0,11.0,"POLYGON((-256.614 163.2888,-97.329 162.7446,-97.281 165.0978,-256.4874 165.6414,-256.614 163.2888))",,POINT(-177.6126 164.1324),01030000000100000005000000E7FBA9F1D20970C0B7627FD93D696440931804560E5558C0401361C3D3576440448B6CE7FB5158C09031772D21A364402041F163CC0770C0F1F44A5986B46440E7FBA9F1D20970C0B7627FD93D696440,241.838128525094248,-177.6126,164.1324,47.2588724444,"POLYGON((0.322184 57.530559,0.200864 30.881428,0.202982 30.507977,0.323416 57.145336,0.322184 57.530559))",,POINT(0.256168217009858 47.2588724443775),0.25616821701
525,11507.0,,HMI SHARP,HMI,SDO,"11507,11508,11509",HMI,,,4.99999987369e-05,SDO,,cm,21.3632469177,-25.6615886688,-1.87710988522,34.0556602478,"POLYGON((0.559335 177.16589,0.729332 220.37952,0.597481 246.526807,0.243426 172.427021,0.559335 177.16589))",,POINT(0.558118822576941 216.197129505076),"POLYGON((83.51025 -32.744598,119.44302 -32.744598,119.44302 -12.828902,83.51025 -12.828902,83.51025 -32.744598))",,POINT(106.750607 -25.661589),106.750607,-25.661589,"POLYGON((-1.87711 -32.744598,34.05566 -32.744598,34.05566 -12.828902,-1.87711 -12.828902,-1.87711 -32.744598))",,POINT(21.363247 -25.661589),21.363247,-25.661589,"POLYGON((-26.10846 -527.391,446.0574 -524.4954,517.3716 -224.6718,-30.28578 -227.8008,-26.10846 -527.391))",,POINT(311.1624 -425.1942),0103000000010000000500000096ECD808C41B3AC0E3A59BC4207B80C0A52C431CEBE07B4082734694F66380C08CB96B09F92A80407DAEB6627F156CC0D3D9C9E028493EC061545227A0796CC096ECD808C41B3AC0E3A59BC4207B80C0,526.889122005190075,311.1624,-425.1942,216.197129505,"POLYGON((0.559335 177.16589,0.729332 220.37952,0.597481 246.526807,0.243426 172.427021,0.559335 177.16589))",,POINT(0.558118822576941 216.197129505076),0.558118822577
526,11504.0,,HMI SHARP,HMI,SDO,"11504,11505",HMI,,,4.99999987369e-05,SDO,,cm,1.34107303619,-15.0499629974,-8.74789333344,11.3785200119,"POLYGON((0.409353 159.675637,0.425738 205.671677,0.234341 237.214346,0.198011 129.91332,0.409353 159.675637))",,POINT(0.279823975727999 184.65332624921),"POLYGON((76.639467 -21.414585,96.76588 -21.414585,96.76588 -6.206887,76.639467 -6.206887,76.639467 -21.414585))",,POINT(86.728433 -15.049963),86.728433,-15.049963,"POLYGON((-8.747893 -21.414585,11.37852 -21.414585,11.37852 -6.206887,-8.747893 -6.206887,-8.747893 -21.414585))",,POINT(1.341073 -15.049963),1.341073,-15.049963,"POLYGON((-134.2266 -362.388,174.1152 -362.2428,185.9874 -119.7948,-143.3796 -119.9406,-134.2266 -362.388))",,POINT(21.43092 -263.2956),01030000000100000005000000C1A8A44E40C760C091ED7C3F35A676C0F90FE9B7AFC3654080B74082E2A376C04182E2C7983F674017B7D100DEF25DC0F931E6AE25EC61C087A757CA32FC5DC0C1A8A44E40C760C091ED7C3F35A676C0,264.166344017186248,21.43092,-263.2956,184.653326249,"POLYGON((0.409353 159.675637,0.425738 205.671677,0.234341 237.214346,0.198011 129.91332,0.409353 159.675637))",,POINT(0.279823975727999 184.65332624921),0.279823975728
527,11506.0,,HMI SHARP,HMI,SDO,11506,HMI,,,4.99999987369e-05,SDO,,cm,-4.3389878273,11.1302490234,-16.6793346405,10.0060787201,"POLYGON((0.305316 69.534761,0.203189 301.53216,0.328824 329.584579,0.395307 44.071228,0.305316 69.534761))",,POINT(0.190681288536888 23.0211771282415),"POLYGON((68.708025 7.127934,95.393439 7.127934,95.393439 17.455622,68.708025 17.455622,68.708025 7.127934))",,POINT(81.048372 11.130249),81.048372,11.130249,"POLYGON((-16.679335 7.127934,10.006079 7.127934,10.006079 17.455622,-16.679335 17.455622,-16.679335 7.127934))",,POINT(-4.338988 11.130249),-4.338988,11.130249,"POLYGON((-270.0402 100.7772,163.4964 100.317,157.1574 267.7032,-259.5714 268.1262,-270.0402 100.7772))",,POINT(-70.3974 165.6756),01030000000100000005000000CA54C1A8A4E070C0E09C11A5BD31594080B74082E26F64403F355EBA491459407E8CB96B09A56340C1A8A44E40BB7040F38E5374243970C0158C4AEA04C27040CA54C1A8A4E070C0E09C11A5BD315940,180.011661739232864,-70.3974,165.6756,23.0211771282,"POLYGON((0.305316 69.534761,0.203189 301.53216,0.328824 329.584579,0.395307 44.071228,0.305316 69.534761))",,POINT(0.190681288536888 23.0211771282415),0.190681288537
528,11506.0,,HMI SHARP,HMI,SDO,11506,HMI,,,4.99999987369e-05,SDO,,cm,-2.18056893349,11.1176671982,-14.6701555252,12.2092466354,"POLYGON((0.272709 67.81025,0.2346 295.991436,0.347599 324.332329,0.372487 40.660062,0.272709 67.81025))",,POINT(0.17887417616643 12.1028447434735),"POLYGON((68.511097 6.941637,95.390499 6.941637,95.390499 17.397719,68.511097 17.397719,68.511097 6.941637))",,POINT(81.000683 11.117667),81.000683,11.117667,"POLYGON((-14.670155 6.941637,12.209247 6.941637,12.209247 17.397719,-14.670155 17.397719,-14.670155 6.941637))",,POINT(-2.180569 11.117667),-2.180569,11.117667,"POLYGON((-238.3782 97.2306,199.0698 97.056,191.3352 266.5884,-229.1172 266.7492,-238.3782 97.2306))",,POINT(-35.40492 165.1092),010300000001000000050000001CEBE2361ACC6DC0499D8026C24E584058A835CD3BE26840DD24068195435840D0B359F5B9EA6740764F1E166AA97040EBE2361AC0A36CC09CA223B9FCAB70401CEBE2361ACC6DC0499D8026C24E5840,168.862536652883421,-35.40492,165.1092,12.1028447435,"POLYGON((0.272709 67.81025,0.2346 295.991436,0.347599 324.332329,0.372487 40.660062,0.272709 67.81025))",,POINT(0.17887417616643 12.1028447434735),0.178874176166
529,11507.0,,HMI SHARP,HMI,SDO,"11507,11508,11509",HMI,,,4.99999987369e-05,SDO,,cm,23.5431957245,-25.736951828,0.440562903881,36.3127593994,"POLYGON((0.55993 180.663838,0.747516 221.903491,0.627611 247.260764,0.24654 181.748428,0.55993 180.663838))",,POINT(0.578249637142552 218.652018816428),"POLYGON((83.621815 -32.809635,119.494011 -32.809635,119.494011 -13.109745,83.621815 -13.109745,83.621815 -32.809635))",,POINT(106.724448 -25.736952),106.724448,-25.736952,"POLYGON((0.440563 -32.809635,36.312759 -32.809635,36.312759 -13.109745,0.440563 -13.109745,0.440563 -32.809635))",,POINT(23.543196 -25.736952),23.543196,-25.736952,"POLYGON((6.1242 -528.555,471.3066 -525.2154,546.4314 -229.017,7.10118 -232.6326,6.1242 -528.555))",,POINT(340.9536 -426.3108),010300000001000000050000001EA7E8482E7F18403D0AD7A3708480C042CF66D5E7747D40789CA223B96980C0F5DBD78173138140068195438BA06CC08109DCBA9B671C4063EE5A423E146DC01EA7E8482E7F18403D0AD7A3708480C0,545.884837259288588,340.9536,-426.3108,218.652018816,"POLYGON((0.55993 180.663838,0.747516 221.903491,0.627611 247.260764,0.24654 181.748428,0.55993 180.663838))",,POINT(0.578249637142552 218.652018816428),0.578249637143
530,11504.0,,HMI SHARP,HMI,SDO,"11504,11505",HMI,,,4.99999987369e-05,SDO,,cm,3.47107791901,-15.0987606049,-6.76584482193,13.4833812714,"POLYGON((0.39434 163.741088,0.436747 210.01732,0.264805 241.561379,0.17277 137.074208,0.39434 163.741088))",,POINT(0.286116068099709 191.841531235064),"POLYGON((76.415407 -21.062328,96.664633 -21.062328,96.664633 -6.150868,76.415407 -6.150868,76.415407 -21.062328))",,POINT(86.65233 -15.098761),86.65233,-15.098761,"POLYGON((-6.765845 -21.062328,13.483381 -21.062328,13.483381 -6.150868,-6.765845 -6.150868,-6.765845 -21.062328))",,POINT(3.471078 -15.098761),3.471078,-15.098761,"POLYGON((-104.2272 -357.3804,206.259 -357.0018,219.8178 -119.0466,-111.0792 -119.4276,-104.2272 -357.3804))",,POINT(55.42644 -264.354),01030000000100000005000000AD69DE718A0E5AC060764F1E165676C03F355EBA49C8694020D26F5F075076C067D5E76A2B7A6B4097FF907EFBC25DC0F775E09C11C55BC041F163CC5DDB5DC0AD69DE718A0E5AC060764F1E165676C0,270.102068794508853,55.42644,-264.354,191.841531235,"POLYGON((0.39434 163.741088,0.436747 210.01732,0.264805 241.561379,0.17277 137.074208,0.39434 163.741088))",,POINT(0.286116068099709 191.841531235064),0.2861160681
531,11507.0,,HMI SHARP,HMI,SDO,"11507,11508,11509",HMI,,,4.99999987369e-05,SDO,,cm,25.7239513397,-25.8483104706,2.6932451725,38.5331726074,"POLYGON((0.562629 184.037096,0.765387 223.278515,0.655464 248.239187,0.251582 190.526453,0.562629 184.037096))",,POINT(0.599322676104868 220.855936454297),"POLYGON((83.668387 -32.88352,119.508315 -32.88352,119.508315 -13.14548,83.668387 -13.14548,83.668387 -32.88352))",,POINT(106.699093 -25.84831),106.699093,-25.84831,"POLYGON((2.693245 -32.88352,38.533173 -32.88352,38.533173 -13.14548,2.693245 -13.14548,2.693245 -32.88352))",,POINT(25.723951 -25.84831),25.723951,-25.84831,"POLYGON((37.39278 -529.812,495.3318 -526.0284,574.674 -229.3974,43.38822 -233.5002,37.39278 -529.812))",,POINT(370.1034 -427.9236),01030000000100000005000000EE42739D46B24240D122DBF97E8E80C0014D840D4FF57E40A779C7293A7080C008AC1C5A64F58140C66D3480B7AC6CC099D36531B1B14540B22E6EA301306DC0EE42739D46B24240D122DBF97E8E80C0,565.769506184735974,370.1034,-427.9236,220.855936454,"POLYGON((0.562629 184.037096,0.765387 223.278515,0.655464 248.239187,0.251582 190.526453,0.562629 184.037096))",,POINT(0.599322676104868 220.855936454297),0.599322676105
532,11504.0,,HMI SHARP,HMI,SDO,"11504,11505",HMI,,,4.99999987369e-05,SDO,,cm,5.56750011444,-15.1400604248,-4.75584793091,15.5641956329,"POLYGON((0.388254 168.462801,0.455353 213.491084,0.295487 245.090401,0.150048 146.496791,0.388254 168.462801))",,POINT(0.296323439085042 198.507815747561),"POLYGON((76.219294 -21.151797,96.539338 -21.151797,96.539338 -6.047169,76.219294 -6.047169,76.219294 -21.151797))",,POINT(86.542642 -15.14006),86.542642,-15.14006,"POLYGON((-4.755848 -21.151797,15.564196 -21.151797,15.564196 -6.047169,-4.755848 -6.047169,-4.755848 -21.151797))",,POINT(5.5675 -15.14006),5.5675,-15.14006,"POLYGON((-73.305 -359.112,237.1998 -358.491,252.9948 -117.4878,-78.1872 -118.1136,-73.305 -359.112))",,POINT(88.797 -265.266),01030000000100000005000000EC51B81E855352C06F1283C0CA7176C0B537F8C264A66D4060E5D022DB6776C0F241CF66D59F6F4048BF7D1D385F5DC0EB73B515FB8B53C0D734EF3845875DC0EC51B81E855352C06F1283C0CA7176C0,279.73372689934979,88.797,-265.266,198.507815748,"POLYGON((0.388254 168.462801,0.455353 213.491084,0.295487 245.090401,0.150048 146.496791,0.388254 168.462801))",,POINT(0.296323439085042 198.507815747561),0.296323439085
533,11506.0,,HMI SHARP,HMI,SDO,11506,HMI,,,4.99999987369e-05,SDO,,cm,-0.00261300010607,11.1071519852,-12.4854412079,14.4207019806,"POLYGON((0.238766 64.530576,0.268753 292.494735,0.369808 319.810897,0.350216 36.267455,0.238766 64.530576))",,POINT(0.174360186675751 0.0147722025559906),"POLYGON((68.489701 6.952246,95.395844 6.952246,95.395844 17.414456,68.489701 17.414456,68.489701 6.952246))",,POINT(80.972529 11.107152),80.972529,11.107152,"POLYGON((-12.485441 6.952246,14.420702 6.952246,14.420702 17.414456,-12.485441 17.414456,-12.485441 6.952246))",,POINT(-0.002613 11.107152),-0.002613,11.107152,"POLYGON((-203.4936 96.9282,234.4038 97.068,225.2814 266.6874,-195.5736 266.5584,-203.4936 96.9282))",,POINT(-0.0424374 164.5986),01030000000100000005000000C7293A92CB6F69C06C09F9A0673B5840FE43FAEDEB4C6D403108AC1C5A44584005A3923A01296C4054742497FFAA70408A1F63EE5A7268C062A1D634EFA87040C7293A92CB6F69C06C09F9A0673B5840,164.598605470681065,-0.0424374,164.5986,0.014772202556,"POLYGON((0.238766 64.530576,0.268753 292.494735,0.369808 319.810897,0.350216 36.267455,0.238766 64.530576))",,POINT(0.174360186675751 0.0147722025559906),0.174360186676
534,11504.0,,HMI SHARP,HMI,SDO,"11504,11505",HMI,,,4.99999987369e-05,SDO,,cm,7.67961406708,-15.1947250366,-2.55454659462,17.5927810669,"POLYGON((0.384577 173.772463,0.474826 216.561843,0.326361 247.674059,0.132605 160.379332,0.384577 173.772463))",,POINT(0.31047193809629 204.657401645622),"POLYGON((76.214482 -21.24614,96.36181 -21.24614,96.36181 -6.01229,76.214482 -6.01229,76.214482 -21.24614))",,POINT(86.448643 -15.194725),86.448643,-15.194725,"POLYGON((-2.554547 -21.24614,17.592781 -21.24614,17.592781 -6.01229,-2.554547 -6.01229,-2.554547 -21.24614))",,POINT(7.679614 -15.194725),7.679614,-15.194725,"POLYGON((-39.3816 -360.8982,267.0096 -360.0294,284.9898 -117.0336,-42.03408 -117.9108,-39.3816 -360.8982))",,POINT(122.2728 -266.3616),01030000000100000005000000A913D044D8B043C04694F6065F8E76C0AA60545227B070400A68226C788076C04B598638D6CF714052499D8026425DC04EB9C2BB5C0445C0984C158C4A7A5DC0A913D044D8B043C04694F6065F8E76C0,293.08554992424996,122.2728,-266.3616,204.657401646,"POLYGON((0.384577 173.772463,0.474826 216.561843,0.326361 247.674059,0.132605 160.379332,0.384577 173.772463))",,POINT(0.31047193809629 204.657401645622),0.310471938096
535,11506.0,,HMI SHARP,HMI,SDO,11506,HMI,,,4.99999987369e-05,SDO,,cm,2.20284104347,11.0921030045,-10.4002037048,16.6024208069,"POLYGON((0.207011 60.404083,0.302826 289.829055,0.392042 315.669195,0.329178 31.726979,0.207011 60.404083))",,POINT(0.177854740692673 347.699411483192),"POLYGON((68.368825 6.954458,95.37145 6.954458,95.37145 17.299972,68.368825 17.299972,68.368825 6.954458))",,POINT(80.97187 11.092103),80.97187,11.092103,"POLYGON((-10.400204 6.954458,16.602421 6.954458,16.602421 17.299972,-10.400204 17.299972,-10.400204 6.954458))",,POINT(2.202841 11.092103),2.202841,11.092103,"POLYGON((-169.9218 96.513,268.9188 96.9708,258.6174 264.7302,-163.4118 264.3078,-169.9218 96.513))",,POINT(35.7684 164.0406),010300000001000000050000007DAEB6627F3D65C046B6F3FDD420584009F9A067B3CE70403CBD5296213E5840CE88D2DEE0297040A1F831E6AE8B7040C58F31772D6D64C0575BB1BFEC8470407DAEB6627F3D65C046B6F3FDD4205840,167.89489833500005,35.7684,164.0406,347.699411483,"POLYGON((0.207011 60.404083,0.302826 289.829055,0.392042 315.669195,0.329178 31.726979,0.207011 60.404083))",,POINT(0.177854740692673 347.699411483192),0.177854740693
536,11507.0,,HMI SHARP,HMI,SDO,"11507,11508,11509",HMI,,,4.99999987369e-05,SDO,,cm,27.8485279083,-25.8257083893,4.94731855392,40.7557220459,"POLYGON((0.567216 187.357348,0.783083 224.549227,0.682652 249.105632,0.262266 198.758301,0.567216 187.357348))",,POINT(0.619033567220416 222.977500384963),"POLYGON((83.716347 -32.957744,119.524751 -32.957744,119.524751 -13.18697,83.716347 -13.18697,83.716347 -32.957744))",,POINT(106.617557 -25.825708),106.617557,-25.825708,"POLYGON((4.947318 -32.957744,40.755722 -32.957744,40.755722 -13.18697,4.947318 -13.18697,4.947318 -32.957744))",,POINT(27.848528 -25.825708),27.848528,-25.825708,"POLYGON((68.5686 -531.0438,518.586 -526.8108,602.046 -229.8312,79.6158 -234.429,68.5686 -531.0438))",,POINT(398.37 -427.536),010300000001000000050000005C2041F163245140857CD0B3599880C0A69BC420B0348040C6DCB5847C7680C0EE7C3F355ED08240ED0DBE3099BA6CC01D38674469E753407D3F355EBA4D6DC05C2041F163245140857CD0B3599880C0,584.367767930436116,398.37,-427.536,222.977500385,"POLYGON((0.567216 187.357348,0.783083 224.549227,0.682652 249.105632,0.262266 198.758301,0.567216 187.357348))",,POINT(0.619033567220416 222.977500384963),0.61903356722
537,11506.0,,HMI SHARP,HMI,SDO,11506,HMI,,,4.99999987369e-05,SDO,,cm,4.4006280899,11.1932926178,-8.23275470734,18.8319168091,"POLYGON((0.174843 54.759365,0.337538 287.541494,0.417767 312.20761,0.311748 26.130759,0.174843 54.759365))",,POINT(0.190835798135283 336.658657762061),"POLYGON((68.33016 6.903391,95.39483 6.903391,95.39483 17.319963,68.33016 17.319963,68.33016 6.903391))",,POINT(80.963542 11.193293),80.963542,11.193293,"POLYGON((-8.232754 6.903391,18.831916 6.903391,18.831916 17.319963,-8.232754 17.319963,-8.232754 6.903391))",,POINT(4.400628 11.193293),4.400628,11.193293,"POLYGON((-134.802 95.2356,303.8142 96.0342,292.113 264.9426,-129.6096 264.207,-134.802 95.2356))",,POINT(71.3754 165.4032),010300000001000000050000008B6CE7FBA9D960C002BC051214CF5740744694F606FD72407C613255300258402B8716D9CE4172405BD3BCE3148F704088F4DBD7813360C05A643BDF4F8370408B6CE7FBA9D960C002BC051214CF5740,180.146235862423708,71.3754,165.4032,336.658657762,"POLYGON((0.174843 54.759365,0.337538 287.541494,0.417767 312.20761,0.311748 26.130759,0.174843 54.759365))",,POINT(0.190835798135283 336.658657762061),0.190835798135
538,11507.0,,HMI SHARP,HMI,SDO,"11507,11508,11509",HMI,,,4.99999987369e-05,SDO,,cm,29.9318523407,-25.8426437378,6.99457216263,43.0622596741,"POLYGON((0.572594 190.313891,0.800937 225.803674,0.709901 249.965996,0.275677 205.593593,0.572594 190.313891))",,POINT(0.639048144450785 224.846472755331),"POLYGON((83.557486 -32.997826,119.625174 -32.997826,119.625174 -13.188934,83.557486 -13.188934,83.557486 -32.997826))",,POINT(106.494766 -25.842644),106.494766,-25.842644,"POLYGON((6.994572 -32.997826,43.06226 -32.997826,43.06226 -13.188934,6.994572 -13.188934,6.994572 -32.997826))",,POINT(29.931852 -25.842644),29.931852,-25.842644,"POLYGON((96.7752 -531.7866,542.0706 -527.073,629.586 -229.5738,112.4178 -234.7014,96.7752 -531.7866))",,POINT(425.4192 -427.7052),01030000000100000005000000FDF675E09C31584045D8F0F44A9E80C0C898BB9690F08040DD240681957880C0A69BC420B0AC83403C4ED1915CB26CC03411363CBD1A5C4043AD69DE71566DC0FDF675E09C31584045D8F0F44A9E80C0,603.252214115853917,425.4192,-427.7052,224.846472755,"POLYGON((0.572594 190.313891,0.800937 225.803674,0.709901 249.965996,0.275677 205.593593,0.572594 190.313891))",,POINT(0.639048144450785 224.846472755331),0.639048144451
539,11504.0,,HMI SHARP,HMI,SDO,"11504,11505",HMI,,,4.99999987369e-05,SDO,,cm,9.8599653244,-15.2817211151,-0.516032934189,19.6235866547,"POLYGON((0.391698 178.771528,0.500441 218.724679,0.357749 249.648059,0.125939 175.903159,0.391698 178.771528))",,POINT(0.328765676441507 210.306677547141),"POLYGON((76.046881 -21.800585,96.186501 -21.800585,96.186501 -6.032283,76.046881 -6.032283,76.046881 -21.800585))",,POINT(86.422879 -15.281721),86.422879,-15.281721,"POLYGON((-0.516033 -21.800585,19.623587 -21.800585,19.623587 -6.032283,-0.516033 -6.032283,-0.516033 -21.800585))",,POINT(9.859965 -15.281721),9.859965,-15.281721,"POLYGON((-7.92732 -369.6726,295.5288 -368.5548,316.6278 -117.4506,-8.49342 -118.581,-7.92732 -369.6726))",,POINT(156.6114 -267.9366),01030000000100000005000000F6B4C35F93B51FC0A2B437F8C21A77C0FF21FDF67578724022FDF675E00877C0DC4603780BCA7340F7E461A1D65C5DC07862D68BA1FC20C077BE9F1A2FA55DC0F6B4C35F93B51FC0A2B437F8C21A77C0,310.350047896757985,156.6114,-267.9366,210.306677547,"POLYGON((0.391698 178.771528,0.500441 218.724679,0.357749 249.648059,0.125939 175.903159,0.391698 178.771528))",,POINT(0.328765676441507 210.306677547141),0.328765676442
540,11504.0,,HMI SHARP,HMI,SDO,"11504,11505",HMI,,,4.99999987369e-05,SDO,,cm,12.0466346741,-15.3010444641,1.61151349545,21.6710681915,"POLYGON((0.392516 183.830939,0.520343 221.42198,0.388963 251.484133,0.128116 192.668625,0.392516 183.830939))",,POINT(0.348888789369944 215.414939939618),"POLYGON((75.96831 -21.783121,96.027866 -21.783121,96.027866 -5.977185,75.96831 -5.977185,75.96831 -21.783121))",,POINT(86.403432 -15.301044),86.403432,-15.301044,"POLYGON((1.611513 -21.783121,21.671069 -21.783121,21.671069 -5.977185,1.611513 -5.977185,1.611513 -21.783121))",,POINT(12.046635 -15.301044),12.046635,-15.301044,"POLYGON((24.7557 -369.696,324.9702 -368.3214,348.1632 -116.601,26.52312 -117.9936,24.7557 -369.696))",,POINT(190.851 -268.4052),010300000001000000050000005396218E75C138404260E5D0221B77C044696FF0854F7440F38E5374240577C0516B9A779CC275405839B4C876265DC02EE23B31EB853A408F537424977F5DC05396218E75C138404260E5D0221B77C0,329.340941256989765,190.851,-268.4052,215.41493994,"POLYGON((0.392516 183.830939,0.520343 221.42198,0.388963 251.484133,0.128116 192.668625,0.392516 183.830939))",,POINT(0.348888789369944 215.414939939618),0.34888878937
541,11507.0,,HMI SHARP,HMI,SDO,"11507,11508,11509",HMI,,,4.99999987369e-05,SDO,,cm,32.1143379211,-25.8911647797,9.19575500488,45.3174095154,"POLYGON((0.579817 193.411276,0.818019 226.940272,0.735569 250.768694,0.29337 212.192983,0.579817 193.411276))",,POINT(0.660426382772427 226.607267000211),"POLYGON((83.552552 -33.031223,119.674206 -33.031223,119.674206 -13.154721,83.552552 -13.154721,83.552552 -33.031223))",,POINT(106.471135 -25.891165),106.471135,-25.891165,"POLYGON((9.195755 -33.031223,45.317409 -33.031223,45.317409 -13.154721,9.195755 -13.154721,9.195755 -33.031223))",,POINT(32.114338 -25.891165),32.114338,-25.891165,"POLYGON((126.9474 -532.4046,564.192 -527.2182,655.608 -228.7086,147.5424 -234.357,126.9474 -532.4046))",,POINT(453.018 -428.289),01030000000100000005000000BF0E9C33A2BC5F40B1BFEC9E3CA380C0A8C64B3789A18140E63FA4DFBE7980C0BE9F1A2FDD7C8440423EE8D9AC966CC036AB3E575B7162408195438B6C4B6DC0BF0E9C33A2BC5F40B1BFEC9E3CA380C0,623.423432223236205,453.018,-428.289,226.607267,"POLYGON((0.579817 193.411276,0.818019 226.940272,0.735569 250.768694,0.29337 212.192983,0.579817 193.411276))",,POINT(0.660426382772427 226.607267000211),0.660426382772
542,11506.0,,HMI SHARP,HMI,SDO,11506,HMI,,,4.99999987369e-05,SDO,,cm,6.61912584305,11.2158994675,-6.08807754517,21.0909614563,"POLYGON((0.146161 46.35234,0.372996 285.887177,0.445283 309.250294,0.298454 19.913832,0.146161 46.35234))",,POINT(0.208909782019974 327.066708194185),"POLYGON((68.268719 6.928175,95.447759 6.928175,95.447759 17.387713,68.268719 17.387713,68.268719 6.928175))",,POINT(80.975923 11.215899),80.975923,11.215899,"POLYGON((-6.088078 6.928175,21.090962 6.928175,21.090962 17.387713,-6.088078 17.387713,-6.088078 6.928175))",,POINT(6.619126 11.215899),6.619126,11.215899,"POLYGON((-99.8364 95.2314,338.6484 96.3846,325.5024 265.9494,-95.9598 264.8862,-99.8364 95.2314))",,POINT(107.2128 165.5148),01030000000100000005000000F697DD9387F558C0D712F241CFCE57409FABADD85F2A7540AA8251499D1858402B1895D40958744029ED0DBE309F7040DAACFA5C6DFD57C0711B0DE02D8E7040F697DD9387F558C0D712F241CFCE5740,197.204800912351004,107.2128,165.5148,327.066708194,"POLYGON((0.146161 46.35234,0.372996 285.887177,0.445283 309.250294,0.298454 19.913832,0.146161 46.35234))",,POINT(0.208909782019974 327.066708194185),0.20890978202
543,11507.0,DAO,SWPC,nil,nil,,various,,,5e-05,various,,cm,37.0,-25.0,33.5,40.5,"POLYGON((0.668439 228.57571,0.736126 233.219083,0.73418 233.646532,0.665866 229.017135,0.668439 228.57571))",,POINT(0.70140161721121 231.277526942161),"POLYGON((107.856797 -25.176798,114.856797 -25.176798,114.856797 -24.823202,107.856797 -24.823202,107.856797 -25.176798))",,POINT(111.356797 -25),111.356797,-25.0,"POLYGON((33.5 -25.176798,40.5 -25.176798,40.5 -24.823202,33.5 -24.823202,33.5 -25.176798))",,POINT(37 -25),37.0,-25.0,"POLYGON((473.1336 -417.48,556.5522 -416.0652,558.1614 -410.8128,474.5022 -412.2294,473.1336 -417.48))",,POINT(516.5628 -414.1776),01030000000100000005000000EEEBC03923927D4048E17A14AE177AC0CF66D5E76A64814030BB270F0B017AC0984C158C4A71814005A3923A01AD79C0D200DE0209A87D403D9B559FABC379C0EEEBC03923927D4048E17A14AE177AC0,662.1028701686771,516.5628,-414.1776,231.277526942,"POLYGON((0.668439 228.57571,0.736126 233.219083,0.73418 233.646532,0.665866 229.017135,0.668439 228.57571))",,POINT(0.70140161721121 231.277526942161),0.701401617211
544,11504.0,EKC,SWPC,nil,nil,,various,,,5e-05,various,,cm,12.0,-16.0,6.0,18.0,"POLYGON((0.322016 198.209174,0.425994 224.281593,0.413837 226.286752,0.304223 199.430055,0.322016 198.209174))",,POINT(0.357688612032846 214.135361595063),"POLYGON((80.356797 -16.56723,92.356797 -16.56723,92.356797 -15.43277,80.356797 -15.43277,80.356797 -16.56723))",,POINT(86.356797 -16),86.356797,-16.0,"POLYGON((6 -16.56723,18 -16.56723,18 -15.43277,6 -15.43277,6 -16.56723))",,POINT(12 -16),12.0,-16.0,"POLYGON((94.9878 -288.7512,280.7586 -287.889,282.3648 -269.9586,95.5314 -270.8226,94.9878 -288.7512))",,POINT(189.471 -279.4758),0103000000010000000500000048BF7D1D38BF5740158C4AEA040C72C0EEEBC039238C71404E62105839FE71C04B598638D6A57140211FF46C56DF70C00B46257502E25740091B9E5E29ED70C048BF7D1D38BF5740158C4AEA040C72C0,337.647719711891511,189.471,-279.4758,214.135361595,"POLYGON((0.322016 198.209174,0.425994 224.281593,0.413837 226.286752,0.304223 199.430055,0.322016 198.209174))",,POINT(0.357688612032846 214.135361595063),0.357688612033
545,11508.0,CAO,SWPC,nil,nil,,various,,,5e-05,various,,cm,31.0,-28.0,28.5,33.5,"POLYGON((0.645801 220.847444,0.690211 225.051226,0.688653 225.292271,0.643951 221.085731,0.645801 220.847444))",,POINT(0.667017172786966 223.165827853726),"POLYGON((102.856797 -28.103132,107.856797 -28.103132,107.856797 -27.896868,102.856797 -27.896868,102.856797 -28.103132))",,POINT(105.356797 -28),105.356797,-28.0,"POLYGON((28.5 -28.103132,33.5 -28.103132,33.5 -27.896868,28.5 -27.896868,28.5 -28.103132))",,POINT(31 -28),31.0,-28.0,"POLYGON((398.7186 -461.1474,461.1198 -460.296,462.0066 -457.317,399.4854 -458.169,398.7186 -461.1474))",,POINT(430.7478 -459.2484),010300000001000000050000007DAEB6627FEB7840E3361AC05BD27CC0F9A067B3EAD17C40DBF97E6ABCC47CC075029A081BE07C40508D976E12957CC0A857CA32C4F7784062105839B4A27CC07DAEB6627FEB7840E3361AC05BD27CC0,629.644947654946236,430.7478,-459.2484,223.165827854,"POLYGON((0.645801 220.847444,0.690211 225.051226,0.688653 225.292271,0.643951 221.085731,0.645801 220.847444))",,POINT(0.667017172786966 223.165827853726),0.667017172787
546,11506.0,HRX,SWPC,nil,nil,,various,,,5e-05,various,,cm,3.0,11.0,2.0,4.0,"POLYGON((0.172297 348.472441,0.182342 337.825598,0.187276 338.463246,0.177529 348.828602,0.172297 348.472441))",,POINT(0.179104753468382 343.253390668682),"POLYGON((76.356797 10.845302,78.356797 10.845302,78.356797 11.154698,76.356797 11.154698,76.356797 10.845302))",,POINT(77.356797 11),77.356797,11.0,"POLYGON((2 10.845302,4 10.845302,4 11.154698,2 11.154698,2 10.845302))",,POINT(3 11),3.0,11.0,"POLYGON((32.50248 159.3624,64.965 159.3954,64.8966 164.4402,32.46822 164.4072,32.50248 159.3624))",,POINT(48.71568 161.8992),010300000001000000050000007172BF43514040404182E2C798EB6340F6285C8FC23D5040D49AE61DA7EC6340FE65F7E46139504060764F1E168E6440A4AA09A2EE3B4040CC5D4BC8078D64407172BF43514040404182E2C798EB6340,169.069714728872697,48.71568,161.8992,343.253390669,"POLYGON((0.172297 348.472441,0.182342 337.825598,0.187276 338.463246,0.177529 348.828602,0.172297 348.472441))",,POINT(0.179104753468382 343.253390668682),0.179104753468
547,11505.0,DAO,SWPC,nil,nil,,various,,,5e-05,various,,cm,15.0,-10.0,12.5,17.5,"POLYGON((0.290362 227.47993,0.355964 236.635908,0.353832 237.231781,0.287625 228.126899,0.290362 227.47993))",,POINT(0.321139507880163 232.85950104488),"POLYGON((86.856797 -10.12376,91.856797 -10.12376,91.856797 -9.87624,86.856797 -9.87624,86.856797 -10.12376))",,POINT(89.356797 -10),89.356797,-10.0,"POLYGON((12.5 -10.12376,17.5 -10.12376,17.5 -9.87624,12.5 -9.87624,12.5 -10.12376))",,POINT(15 -10),15.0,-10.0,"POLYGON((202.0182 -185.2458,280.641 -184.7964,280.8558 -180.7788,202.173 -181.2282,202.0182 -185.2458))",,POINT(241.6554 -183.0312),0103000000010000000500000031992A18954069406B2BF697DD2767C0C74B3789418A71401A51DA1B7C1967C0AB3E575BB18D7140FE43FAEDEB9866C0A8C64B37894569404F1E166A4DA766C031992A18954069406B2BF697DD2767C0,303.146420929886631,241.6554,-183.0312,232.859501045,"POLYGON((0.290362 227.47993,0.355964 236.635908,0.353832 237.231781,0.287625 228.126899,0.290362 227.47993))",,POINT(0.321139507880163 232.85950104488),0.32113950788
548,11509.0,AXX,SWPC,nil,nil,,various,,,5e-05,various,,cm,30.0,-15.0,29.5,30.5,"POLYGON((0.552681 239.711979,0.565271 240.475967,0.563984 240.806788,0.551338 240.047828,0.552681 239.711979))",,POINT(0.558321054986224 240.26560397008),"POLYGON((103.856797 -15.103132,104.856797 -15.103132,104.856797 -14.896868,103.856797 -14.896868,103.856797 -15.103132))",,POINT(104.356797 -15),104.356797,-15.0,"POLYGON((29.5 -15.103132,30.5 -15.103132,30.5 -14.896868,29.5 -14.896868,29.5 -15.103132))",,POINT(30 -15),30.0,-15.0,"POLYGON((450.501 -263.1252,464.3112 -262.9518,464.7612 -259.674,450.9378 -259.8474,450.501 -263.1252))",,POINT(457.6458 -261.4008),01030000000100000005000000BC74931804287C405917B7D1007270C03EE8D9ACFA047D405305A3923A6F70C0711B0DE02D0C7D40105839B4C83A70C005A3923A012F7C40166A4DF38E3D70C0BC74931804287C405917B7D1007270C0,527.038951594927198,457.6458,-261.4008,240.26560397,"POLYGON((0.552681 239.711979,0.565271 240.475967,0.563984 240.806788,0.551338 240.047828,0.552681 239.711979))",,POINT(0.558321054986224 240.26560397008),0.558321054986
549,11504.0,,HMI SHARP,HMI,SDO,"11504,11505",HMI,,,4.99999987369e-05,SDO,,cm,14.2057209015,-15.2461929321,3.80268144608,23.7698802948,"POLYGON((0.395891 188.990982,0.541137 223.996123,0.420688 253.143858,0.140377 208.170431,0.395891 188.990982))",,POINT(0.370059552044697 219.981989927574),"POLYGON((75.953358 -21.727678,95.920558 -21.727678,95.920558 -5.887838,75.953358 -5.887838,75.953358 -21.727678))",,POINT(86.356398 -15.246193),86.356398,-15.246193,"POLYGON((3.802681 -21.727678,23.769881 -21.727678,23.769881 -5.887838,3.802681 -5.887838,3.802681 -21.727678))",,POINT(14.205721 -15.246193),14.205721,-15.246193,"POLYGON((58.40208 -369.1122,354.8136 -367.47,380.0496 -115.1502,62.5572 -116.8134,58.40208 -369.1122))",,POINT(224.4546 -267.6654),010300000001000000050000001630815B77334D40C7293A92CB1177C069006F81042D7640EC51B81E85F776C01B9E5E29CBC07740FDF675E09CC95CC065AA605452474F4040A4DFBE0E345DC01630815B77334D40C7293A92CB1177C0,349.320245359927583,224.4546,-267.6654,219.981989928,"POLYGON((0.395891 188.990982,0.541137 223.996123,0.420688 253.143858,0.140377 208.170431,0.395891 188.990982))",,POINT(0.370059552044697 219.981989927574),0.370059552045
550,11506.0,,HMI SHARP,HMI,SDO,11506,HMI,,,4.99999987369e-05,SDO,,cm,8.98274612427,11.2217731476,-3.76754951477,23.3909416199,"POLYGON((0.120837 32.834081,0.408933 284.610672,0.47345 306.542964,0.287395 12.65835,0.120837 32.834081))",,POINT(0.233162587937615 318.716333985209),"POLYGON((68.383127 6.989119,95.541619 6.989119,95.541619 17.399433,68.383127 17.399433,68.383127 6.989119))",,POINT(81.133423 11.221773),81.133423,11.221773,"POLYGON((-3.76755 6.989119,23.390942 6.989119,23.390942 17.399433,-3.76755 17.399433,-3.76755 6.989119))",,POINT(8.982746 11.221773),8.982746,11.221773,"POLYGON((-61.8468 95.8422,373.5324 97.3722,359.0574 266.1054,-59.44926 264.6942,-61.8468 95.8422))",,POINT(145.2162 165.3912),010300000001000000050000005C2041F163EC4EC03D2CD49AE6F557403FC6DCB5845877408FE4F21FD2575840A52C431CEB707640F90FE9B7AFA1704053B3075A81B94DC0228E75711B8B70405C2041F163EC4EC03D2CD49AE6F55740,220.09541971581325,145.2162,165.3912,318.716333985,"POLYGON((0.120837 32.834081,0.408933 284.610672,0.47345 306.542964,0.287395 12.65835,0.120837 32.834081))",,POINT(0.233162587937615 318.716333985209),0.233162587938
551,11507.0,,HMI SHARP,HMI,SDO,"11507,11508,11509",HMI,,,4.99999987369e-05,SDO,,cm,34.381313324,-25.9728374481,11.6354560852,47.6270599365,"POLYGON((0.590521 196.681671,0.83539 227.936322,0.761078 251.432496,0.317557 218.395,0.590521 196.681671))",,POINT(0.682864565588059 228.239774177485),"POLYGON((83.786133 -33.137199,119.777737 -33.137199,119.777737 -13.181209,83.786133 -13.181209,83.786133 -33.137199))",,POINT(106.53199 -25.972837),106.53199,-25.972837,"POLYGON((11.635456 -33.137199,47.62706 -33.137199,47.62706 -13.181209,11.635456 -13.181209,11.635456 -33.137199))",,POINT(34.381313 -25.972837),34.381313,-25.972837,"POLYGON((160.0116 -533.967,585.4368 -528.309,681.03 -228.762,186.1746 -234.936,160.0116 -533.967))",,POINT(480.828 -429.3096),010300000001000000050000004694F6065F006440DBF97E6ABCAF80C02497FF907E4B8240B6F3FDD4788280C00AD7A3703D488540AAF1D24D62986CC0363CBD5296456740CBA145B6F35D6DC04694F6065F006440DBF97E6ABCAF80C0,644.594677480476889,480.828,-429.3096,228.239774177,"POLYGON((0.590521 196.681671,0.83539 227.936322,0.761078 251.432496,0.317557 218.395,0.590521 196.681671))",,POINT(0.682864565588059 228.239774177485),0.682864565588
552,11504.0,,HMI SHARP,HMI,SDO,"11504,11505",HMI,,,4.99999987369e-05,SDO,,cm,16.3323574066,-15.2367658615,5.99396276474,25.9032154083,"POLYGON((0.402085 194.027918,0.562766 226.404375,0.452527 254.676364,0.160285 220.628576,0.402085 194.027918))",,POINT(0.393216119139154 223.862869775276),"POLYGON((75.938518 -21.654474,95.84777 -21.654474,95.84777 -5.75139,75.938518 -5.75139,75.938518 -21.654474))",,POINT(86.276912 -15.236766),86.276912,-15.236766,"POLYGON((5.993963 -21.654474,25.903215 -21.654474,25.903215 -5.75139,5.993963 -5.75139,5.993963 -21.654474))",,POINT(16.332357 -15.236766),16.332357,-15.236766,"POLYGON((91.9998 -368.2266,384.7218 -366.3096,411.9732 -112.8858,98.5194 -114.8286,91.9998 -368.2266))",,POINT(257.199 -267.6162),010300000001000000050000009CA223B9FCFF564061545227A00377C00B24287E8C0B7840772D211FF4E476C07AC7293A92BF7940FFB27BF2B0385CC0B7627FD93DA15840CC5D4BC807B55CC09CA223B9FCFF564061545227A00377C0,371.173485183734556,257.199,-267.6162,223.862869775,"POLYGON((0.402085 194.027918,0.562766 226.404375,0.452527 254.676364,0.160285 220.628576,0.402085 194.027918))",,POINT(0.393216119139154 223.862869775276),0.393216119139
553,11506.0,,HMI SHARP,HMI,SDO,11506,HMI,,,4.99999987369e-05,SDO,,cm,11.3862409592,11.2169265747,-1.59243810177,25.681520462,"POLYGON((0.104559 15.368376,0.444016 283.393003,0.501075 303.997825,0.279583 5.469857,0.104559 15.368376))",,POINT(0.261606663818632 311.967272645945),"POLYGON((68.352117 6.970157,95.626075 6.970157,95.626075 17.296471,68.352117 17.296471,68.352117 6.970157))",,POINT(81.330796 11.216927),81.330796,11.216927,"POLYGON((-1.592438 6.970157,25.68152 6.970157,25.68152 17.296471,-1.592438 17.296471,-1.592438 6.970157))",,POINT(11.386241 11.216927),11.386241,11.216927,"POLYGON((-26.15724 95.1684,407.7276 97.0818,392.1336 264.4758,-25.15644 262.7082,-26.15724 95.1684))",,POINT(183.6078 165.1314),01030000000100000005000000809F71E140283AC05F29CB10C7CA57401DC9E53FA47B7940053411363C455840EEEBC03923827840FDF675E09C87704047C9AB730C2839C06FF085C9546B7040809F71E140283AC05F29CB10C7CA5740,246.94170058295137,183.6078,165.1314,311.967272646,"POLYGON((0.104559 15.368376,0.444016 283.393003,0.501075 303.997825,0.279583 5.469857,0.104559 15.368376))",,POINT(0.261606663818632 311.967272645945),0.261606663819
554,11507.0,,HMI SHARP,HMI,SDO,"11507,11508,11509",HMI,,,4.99999987369e-05,SDO,,cm,36.6302947998,-26.0031795502,13.9032020569,49.7358283997,"POLYGON((0.600816 199.639084,0.850384 228.86549,0.784107 251.636595,0.345873 222.726203,0.600816 199.639084))",,POINT(0.704640650953075 229.775317412752),"POLYGON((83.847757 -33.143463,119.680383 -33.143463,119.680383 -13.479271,83.847757 -13.479271,83.847757 -33.143463))",,POINT(106.57485 -26.00318),106.57485,-26.00318,"POLYGON((13.903202 -33.143463,49.735828 -33.143463,49.735828 -13.479271,13.903202 -13.479271,13.903202 -33.143463))",,POINT(36.630295 -26.00318),36.630295,-26.00318,"POLYGON((190.611 -534.1446,604.578 -528.0486,702.462 -233.1798,221.5182 -239.8368,190.611 -534.1446))",,POINT(507.8466 -429.5388),01030000000100000005000000643BDF4F8DD3674003780B2428B180C0B4C876BE9FE48240AF946588638080C004560E2DB2F3854044FAEDEBC0256DC031992A1895B06B405F29CB10C7FA6DC0643BDF4F8DD3674003780B2428B180C0,665.14039859040281,507.8466,-429.5388,229.775317413,"POLYGON((0.600816 199.639084,0.850384 228.86549,0.784107 251.636595,0.345873 222.726203,0.600816 199.639084))",,POINT(0.704640650953075 229.775317412752),0.704640650953
555,11504.0,,HMI SHARP,HMI,SDO,"11504,11505",HMI,,,4.99999987369e-05,SDO,,cm,18.485408783,-15.2132415771,8.12771129608,27.9764900208,"POLYGON((0.40905 198.84613,0.583197 228.714347,0.483636 255.689634,0.186615 229.218142,0.40905 198.84613))",,POINT(0.417833742724964 227.33235918011),"POLYGON((75.866141 -21.456797,95.714921 -21.456797,95.714921 -5.751603,75.866141 -5.751603,75.866141 -21.456797))",,POINT(86.223839 -15.213242),86.223839,-15.213242,"POLYGON((8.127711 -21.456797,27.976491 -21.456797,27.976491 -5.751603,8.127711 -5.751603,8.127711 -21.456797))",,POINT(18.485409 -15.213242),18.485409,-15.213242,"POLYGON((124.7256 -365.4144,413.6592 -363.225,442.353 -112.8396,133.3818 -115.0584,124.7256 -365.4144))",,POINT(290.0052 -267.306),01030000000100000005000000917EFB3A702E5F4066F7E461A1D676C05F984C158CDA79409A99999999B376C0CFF753E3A5A57B402F6EA301BC355CC09C33A2B437AC604088855AD3BCC35CC0917EFB3A702E5F4066F7E461A1D676C0,394.405265764847513,290.0052,-267.306,227.33235918,"POLYGON((0.40905 198.84613,0.583197 228.714347,0.483636 255.689634,0.186615 229.218142,0.40905 198.84613))",,POINT(0.417833742724964 227.33235918011),0.417833742725
556,11506.0,,HMI SHARP,HMI,SDO,11506,HMI,,,4.99999987369e-05,SDO,,cm,13.6655473709,11.192073822,0.576315224171,27.9399204254,"POLYGON((0.100951 354.298058,0.478166 282.426095,0.529415 301.976208,0.278272 358.013577,0.100951 354.298058))",,POINT(0.290835288167749 306.832530800304),"POLYGON((68.314745 6.969236,95.678351 6.969236,95.678351 17.304516,68.314745 17.304516,68.314745 6.969236))",,POINT(81.403977 11.192074),81.403977,11.192074,"POLYGON((0.576315 6.969236,27.939921 6.969236,27.939921 17.304516,0.576315 17.304516,0.576315 6.969236))",,POINT(13.665547 11.192074),13.665547,11.192074,"POLYGON((9.46746 94.8192,440.7816 97.1226,423.9054 264.6408,9.10482 262.5114,9.46746 94.8192))",,POINT(219.7296 164.5734),010300000001000000050000005760C8EA56EF22408638D6C56DB45740DC68006F818C7B40569FABADD8475840C6DCB5847C7E7A406E3480B7408A7040F6EE8FF7AA352240CA32C4B12E6870405760C8EA56EF22408638D6C56DB45740,274.527778382662063,219.7296,164.5734,306.8325308,"POLYGON((0.100951 354.298058,0.478166 282.426095,0.529415 301.976208,0.278272 358.013577,0.100951 354.298058))",,POINT(0.290835288167749 306.832530800304),0.290835288168
557,11507.0,,HMI SHARP,HMI,SDO,"11507,11508,11509",HMI,,,4.99999987369e-05,SDO,,cm,38.6396865845,-26.0848426819,15.8424930573,51.7826652527,"POLYGON((0.610808 202.058383,0.864494 229.698394,0.804813 252.173095,0.368224 226.393143,0.610808 202.058383))",,POINT(0.724266224103393 230.96777650101),"POLYGON((83.580923 -33.152518,119.521097 -33.152518,119.521097 -13.464722,83.580923 -13.464722,83.580923 -33.152518))",,POINT(106.378117 -26.084843),106.378117,-26.084843,"POLYGON((15.842493 -33.152518,51.782667 -33.152518,51.782667 -13.464722,15.842493 -13.464722,15.842493 -33.152518))",,POINT(38.639687 -26.084843),38.639687,-26.084843,"POLYGON((216.5274 -534.3558,622.338 -527.811,723.21 -232.572,251.6772 -239.7264,216.5274 -534.3558))",,POINT(531.0582 -430.5372),0103000000010000000500000022FDF675E0106B40569FABADD8B280C062105839B4728340736891ED7C7E80C048E17A14AE998640FCA9F1D24D126DC03D9B559FAB756F40107A36AB3EF76DC022FDF675E0106B40569FABADD8B280C0,683.655682614486864,531.0582,-430.5372,230.967776501,"POLYGON((0.610808 202.058383,0.864494 229.698394,0.804813 252.173095,0.368224 226.393143,0.610808 202.058383))",,POINT(0.724266224103393 230.96777650101),0.724266224103
558,11507.0,,HMI SHARP,HMI,SDO,"11507,11508,11509",HMI,,,4.99999987369e-05,SDO,,cm,40.6576042175,-26.2076206207,17.6679267883,53.8900947571,"POLYGON((0.620711 204.263983,0.878396 230.525023,0.825279 252.632417,0.390649 229.348326,0.620711 204.263983))",,POINT(0.743896156824342 232.020445707063),"POLYGON((83.20023 -33.131374,119.422398 -33.131374,119.422398 -13.488826,83.20023 -13.488826,83.20023 -33.131374))",,POINT(106.189908 -26.20762),106.189908,-26.20762,"POLYGON((17.667926 -33.131374,53.890094 -33.131374,53.890094 -13.488826,17.667926 -13.488826,17.667926 -33.131374))",,POINT(40.657604 -26.20762),40.657604,-26.20762,"POLYGON((240.7698 -534.141,640.008 -527.1126,743.478 -232.53,279.7566 -240.2184,240.7698 -534.141))",,POINT(553.4754 -432.1044),01030000000100000005000000BF0E9C33A2186E40E3A59BC420B180C0F2D24D62100084403D2CD49AE67880C0E7FBA9F1D23B8740295C8FC2F5106DC075029A081B7C7140492EFF21FD066EC0BF0E9C33A2186E40E3A59BC420B180C0,702.174644162347931,553.4754,-432.1044,232.020445707,"POLYGON((0.620711 204.263983,0.878396 230.525023,0.825279 252.632417,0.390649 229.348326,0.620711 204.263983))",,POINT(0.743896156824342 232.020445707063),0.743896156824
559,11504.0,,HMI SHARP,HMI,SDO,"11504,11505",HMI,,,4.99999987369e-05,SDO,,cm,20.7167453766,-15.2316322327,10.4140233994,30.1066226959,"POLYGON((0.41363 204.21385,0.601452 231.474347,0.515108 256.585168,0.218078 235.935165,0.41363 204.21385))",,POINT(0.444797971347695 230.401481839779),"POLYGON((75.946328 -20.835815,95.638926 -20.835815,95.638926 -5.755159,75.946328 -5.755159,75.946328 -20.835815))",,POINT(86.249049 -15.231632),86.249049,-15.231632,"POLYGON((10.414024 -20.835815,30.106622 -20.835815,30.106622 -5.755159,10.414024 -5.755159,10.414024 -20.835815))",,POINT(20.716745 -15.231632),20.716745,-15.231632,"POLYGON((160.1328 -356.0814,444.1434 -353.6124,472.9518 -112.8024,170.5248 -115.3014,160.1328 -356.0814))",,POINT(323.508 -267.615),01030000000100000005000000151DC9E53F0464404F1E166A4D4176C0F163CC5D4BC27B402041F163CC1976C05305A3923A8F7D40DE9387855A335CC01B9E5E29CB506540ECC039234AD35CC0151DC9E53F0464404F1E166A4D4176C0,419.851419300923624,323.508,-267.615,230.40148184,"POLYGON((0.41363 204.21385,0.601452 231.474347,0.515108 256.585168,0.218078 235.935165,0.41363 204.21385))",,POINT(0.444797971347695 230.401481839779),0.444797971348
560,11506.0,,HMI SHARP,HMI,SDO,11506,HMI,,,4.99999987369e-05,SDO,,cm,15.9484615326,11.1618614197,2.84421062469,30.1950302124,"POLYGON((0.112516 333.915144,0.511809 281.714688,0.557471 300.140536,0.281325 350.260398,0.112516 333.915144))",,POINT(0.321682335914554 302.683145676625),"POLYGON((68.376515 7.022203,95.727333 7.022203,95.727333 17.273357,68.376515 17.273357,68.376515 7.022203))",,POINT(81.480766 11.161861),81.480766,11.161861,"POLYGON((2.844211 7.022203,30.195029 7.022203,30.195029 17.273357,2.844211 17.273357,2.844211 7.022203))",,POINT(15.948462 11.161861),15.948462,11.161861,"POLYGON((46.69884 95.388,473.0412 98.0886,455.0604 264.2196,44.92272 261.7194,46.69884 95.388))",,POINT(255.5652 163.9638),010300000001000000050000007D91D0967359474046B6F3FDD4D8574086C954C1A8907D403D9B559FAB855840DB8AFD65F7707C403A234A7B83837040BCAE5FB01B764640E10B93A9825B70407D91D0967359474046B6F3FDD4D85740,303.640740286082178,255.5652,163.9638,302.683145677,"POLYGON((0.112516 333.915144,0.511809 281.714688,0.557471 300.140536,0.281325 350.260398,0.112516 333.915144))",,POINT(0.321682335914554 302.683145676625),0.321682335915
561,11507.0,,HMI SHARP,HMI,SDO,"11507,11508,11509",HMI,,,4.99999987369e-05,SDO,,cm,42.710975647,-26.2109737396,19.8937187195,56.057182312,"POLYGON((0.63416 206.800831,0.892202 231.278448,0.845548 252.880097,0.420227 232.194539,0.63416 206.800831))",,POINT(0.762821614025478 233.144139270077),"POLYGON((83.219893 -33.141659,119.383357 -33.141659,119.383357 -13.669747,83.219893 -13.669747,83.219893 -33.141659))",,POINT(106.037151 -26.210974),106.037151,-26.210974,"POLYGON((19.893718 -33.141659,56.057182 -33.141659,56.057182 -13.669747,19.893718 -13.669747,19.893718 -33.141659))",,POINT(42.710976 -26.210974),42.710976,-26.210974,"POLYGON((269.8962 -534.2844,657.042 -526.7958,762.75 -234.9426,313.3938 -243.141,269.8962 -534.2844))",,POINT(576.1284 -431.8758),01030000000100000005000000CEAACFD556DE7040DCD7817346B280C0759318045688844041F163CC5D7680C00000000000D68740B5A679C7295E6DC0A3923A014D9673408D976E1283646EC0CEAACFD556DE7040DCD7817346B280C0,720.028221608153331,576.1284,-431.8758,233.14413927,"POLYGON((0.63416 206.800831,0.892202 231.278448,0.845548 252.880097,0.420227 232.194539,0.63416 206.800831))",,POINT(0.762821614025478 233.144139270077),0.762821614025
562,11504.0,,HMI SHARP,HMI,SDO,"11504,11505",HMI,,,4.99999987369e-05,SDO,,cm,22.906791687,-15.2279548645,12.7911882401,32.0923500061,"POLYGON((0.431674 208.758893,0.623829 232.984975,0.543482 257.593647,0.251603 241.600145,0.431674 208.758893))",,POINT(0.471739773357014 233.069542820026),"POLYGON((76.117364 -20.901164,95.418524 -20.901164,95.418524 -5.603818,76.117364 -5.603818,76.117364 -20.901164))",,POINT(86.232967 -15.227955),86.232967,-15.227955,"POLYGON((12.791189 -20.901164,32.092349 -20.901164,32.092349 -5.603818,12.791189 -5.603818,12.791189 -20.901164))",,POINT(22.906792 -15.227955),22.906792,-15.227955,"POLYGON((196.038 -357.1986,470.1702 -354.492,501.0144 -110.2134,208.9068 -112.9548,196.038 -357.1986))",,POINT(355.938 -267.5418),01030000000100000005000000F0A7C64B37816840C58F31772D5376C0789CA223B9627D401D5A643BDF2776C000917EFB3A507F40D93D7958A88D5BC069006F81041D6A40228E75711B3D5CC0F0A7C64B37816840C58F31772D5376C0,445.275728724618432,355.938,-267.5418,233.06954282,"POLYGON((0.431674 208.758893,0.623829 232.984975,0.543482 257.593647,0.251603 241.600145,0.431674 208.758893))",,POINT(0.471739773357014 233.069542820026),0.471739773357
563,11506.0,,HMI SHARP,HMI,SDO,11506,HMI,,,4.99999987369e-05,SDO,,cm,17.9734783173,11.2181568146,5.11747789383,32.4314880371,"POLYGON((0.134789 318.718805,0.544429 281.074514,0.585405 298.597371,0.290063 342.847144,0.134789 318.718805))",,POINT(0.350544357188477 299.866958778372),"POLYGON((68.443653 7.052052,95.757663 7.052052,95.757663 17.283388,68.443653 17.283388,68.443653 7.052052))",,POINT(81.299653 11.218157),81.299653,11.218157,"POLYGON((5.117478 7.052052,32.431488 7.052052,32.431488 17.283388,5.117478 17.283388,5.117478 7.052052))",,POINT(17.973478 11.218157),17.973478,11.218157,"POLYGON((83.9388 95.6088,504.3174 98.7102,485.1546 264.486,80.7468 261.6126,83.9388 95.6088))",,POINT(286.9332 164.7738),01030000000100000005000000075F984C15FC544082734694F6E6574002BC051214857F40A167B3EA73AD5840637FD93D79527E40B29DEFA7C6877040C7293A92CB2F54407958A835CD597040075F984C15FC544082734694F6E65740,330.879232392545305,286.9332,164.7738,299.866958778,"POLYGON((0.134789 318.718805,0.544429 281.074514,0.585405 298.597371,0.290063 342.847144,0.134789 318.718805))",,POINT(0.350544357188477 299.866958778372),0.350544357188
564,11507.0,,HMI SHARP,HMI,SDO,"11507,11508,11509",HMI,,,4.99999987369e-05,SDO,,cm,44.6577758789,-26.3539600372,22.3617534637,58.2466850281,"POLYGON((0.650073 209.45432,0.905459 231.98382,0.865034 252.97075,0.454265 234.69615,0.650073 209.45432))",,POINT(0.781075576686963 233.966664858256),"POLYGON((83.481798 -33.146539,119.366732 -33.146539,119.366732 -13.963965,83.481798 -13.963965,83.481798 -33.146539))",,POINT(105.777821 -26.35396),105.777821,-26.35396,"POLYGON((22.361753 -33.146539,58.246687 -33.146539,58.246687 -13.963965,22.361753 -13.963965,22.361753 -33.146539))",,POINT(44.657776 -26.35396),44.657776,-26.35396,"POLYGON((301.7232 -534.2874,673.326 -526.3662,780.696 -239.1186,349.923 -247.7946,301.7232 -534.2874))",,POINT(596.1936 -433.6902),010300000001000000050000007AC7293A92DB7240F7065F984CB280C0F853E3A59B0A85405DFE43FAED7280C021B0726891658840C7293A92CBE36DC054E3A59BC4DE7540DAACFA5C6DF96EC07AC7293A92DB7240F7065F984CB280C0,737.247582740696544,596.1936,-433.6902,233.966664858,"POLYGON((0.650073 209.45432,0.905459 231.98382,0.865034 252.97075,0.454265 234.69615,0.650073 209.45432))",,POINT(0.781075576686963 233.966664858256),0.781075576687
565,11504.0,,HMI SHARP,HMI,SDO,"11504,11505",HMI,,,4.99999987369e-05,SDO,,cm,25.0489330292,-15.2580394745,14.9321861267,34.2935447693,"POLYGON((0.450752 212.396938,0.64882 234.430367,0.57484 258.271915,0.284182 245.006164,0.450752 212.396938))",,POINT(0.498780690103383 235.305857857385),"POLYGON((76.052231 -21.028106,95.413589 -21.028106,95.413589 -5.619652,76.052231 -5.619652,76.052231 -21.028106))",,POINT(86.168978 -15.258039),86.168978,-15.258039,"POLYGON((14.932186 -21.028106,34.293544 -21.028106,34.293544 -5.619652,14.932186 -5.619652,14.932186 -21.028106))",,POINT(25.048933 -15.258039),25.048933,-15.258039,"POLYGON((227.9532 -359.2392,498.1422 -356.2356,531.2568 -110.2896,243.1164 -113.3352,227.9532 -359.2392))",,POINT(387.087 -267.9732),010300000001000000050000008351499D807E6C40401361C3D37376C0DCD7817346227F40006F8104C54376C0E78C28ED0D9A8040FB3A70CE88925BC024287E8CB9636E40A167B3EA73555CC08351499D807E6C40401361C3D37376C0,470.792928459253744,387.087,-267.9732,235.305857857,"POLYGON((0.450752 212.396938,0.64882 234.430367,0.57484 258.271915,0.284182 245.006164,0.450752 212.396938))",,POINT(0.498780690103383 235.305857857385),0.498780690103
566,11506.0,,HMI SHARP,HMI,SDO,11506,HMI,,,4.99999987369e-05,SDO,,cm,20.1041316986,11.2267723083,7.40481853485,34.758644104,"POLYGON((0.162892 307.920518,0.577417 280.360722,0.614085 297.161084,0.303201 335.942231,0.162892 307.920518))",,POINT(0.380976390180152 297.285678502422),"POLYGON((68.524864 6.998459,95.87869 6.998459,95.87869 17.280133,68.524864 17.280133,68.524864 6.998459))",,POINT(81.224177 11.226772),81.224177,11.226772,"POLYGON((7.404819 6.998459,34.758645 6.998459,34.758645 17.280133,7.404819 17.280133,7.404819 6.998459))",,POINT(20.104132 11.226772),20.104132,11.226772,"POLYGON((121.2894 94.491,536.13 98.0184,515.7102 264.5964,116.6664 261.3276,121.2894 94.491))",,POINT(319.587 164.85),0103000000010000000500000098DD938785525E408195438B6C9F5740D7A3703D0AC18040C58F31772D815840F46C567DAE1D80405AF5B9DA8A8970407B832F4CA62A5D40B7627FD93D55704098DD938785525E408195438B6C9F5740,359.598905822862605,319.587,164.85,297.285678502,"POLYGON((0.162892 307.920518,0.577417 280.360722,0.614085 297.161084,0.303201 335.942231,0.162892 307.920518))",,POINT(0.380976390180152 297.285678502422),0.38097639018
567,11508.0,DSO,SWPC,nil,nil,,various,,,5e-05,various,,cm,44.0,-29.0,41.5,46.5,"POLYGON((0.768125 229.082865,0.809527 231.695299,0.808228 232.017265,0.766504 229.409698,0.768125 229.082865))",,POINT(0.7883520038305 230.611672152061),"POLYGON((102.620045 -29.144386,107.620045 -29.144386,107.620045 -28.855614,102.620045 -28.855614,102.620045 -29.144386))",,POINT(105.120045 -29),105.120045,-29.0,"POLYGON((41.5 -29.144386,46.5 -29.144386,46.5 -28.855614,41.5 -28.855614,41.5 -29.144386))",,POINT(44 -29),44.0,-29.0,"POLYGON((547.8696 -474.8664,599.6106 -473.6238,601.296 -469.4922,549.4074 -470.7378,547.8696 -474.8664))",,POINT(575.0994 -472.1958),01030000000100000005000000D044D8F0F41E814012143FC6DCAD7DC080B74082E2BC8240EB73B515FB997DC0EE7C3F355ECA824076711B0DE0577DC02063EE5A422B8140D26F5F07CE6B7DC0D044D8F0F41E814012143FC6DCAD7DC0,744.115712384841345,575.0994,-472.1958,230.611672152,"POLYGON((0.768125 229.082865,0.809527 231.695299,0.808228 232.017265,0.766504 229.409698,0.768125 229.082865))",,POINT(0.7883520038305 230.611672152061),0.78835200383
568,11506.0,DSO,SWPC,nil,nil,,various,,,5e-05,various,,cm,18.0,11.0,16.5,19.5,"POLYGON((0.326899 301.033728,0.369981 297.158109,0.371416 297.663352,0.328583 301.583648,0.326899 301.033728))",,POINT(0.349104082514913 299.230901429165),"POLYGON((77.620045 10.896868,80.620045 10.896868,80.620045 11.103132,77.620045 11.103132,77.620045 10.896868))",,POINT(79.120045 11),79.120045,11.0,"POLYGON((16.5 10.896868,19.5 10.896868,19.5 11.103132,16.5 11.103132,16.5 10.896868))",,POINT(18 11),18.0,11.0,"POLYGON((264.3906 159.0738,310.719 159.4008,310.5006 162.7632,264.2052 162.4362,264.3906 159.0738))",,POINT(287.5542 160.9122),01030000000100000005000000151DC9E53F8670403C4ED1915CE263402FDD2406816B73409487855AD3EC63400B46257502687340D50968226C5864403A92CB7F488370407DD0B359F54D6440151DC9E53F8670403C4ED1915CE26340,329.515028559366328,287.5542,160.9122,299.230901429,"POLYGON((0.326899 301.033728,0.369981 297.158109,0.371416 297.663352,0.328583 301.583648,0.326899 301.033728))",,POINT(0.349104082514913 299.230901429165),0.349104082515
569,11507.0,DSO,SWPC,nil,nil,,various,,,5e-05,various,,cm,51.0,-26.0,48.0,54.0,"POLYGON((0.809476 235.670186,0.857891 237.992403,0.856586 238.486787,0.807687 236.180814,0.809476 235.670186))",,POINT(0.833561441850131 237.151098911034),"POLYGON((109.120045 -26.223454,115.120045 -26.223454,115.120045 -25.776546,109.120045 -25.776546,109.120045 -26.223454))",,POINT(112.120045 -26),112.120045,-26.0,"POLYGON((48 -26.223454,54 -26.223454,54 -25.776546,48 -25.776546,48 -26.223454))",,POINT(51 -26),51.0,-26.0,"POLYGON((630.96 -430.893,686.652 -429.1944,689.28 -422.61,633.372 -424.3128,630.96 -430.893))",,POINT(660.984 -426.774),0103000000010000000500000048E17A14AEB783403F355EBA49EE7AC0F0A7C64B377585407AA52C431CD37AC00AD7A3703D8A8540F6285C8FC2697AC0E5D022DBF9CA834005A3923A01857AC048E17A14AEB783403F355EBA49EE7AC0,786.788342142917145,660.984,-426.774,237.151098911,"POLYGON((0.809476 235.670186,0.857891 237.992403,0.856586 238.486787,0.807687 236.180814,0.809476 235.670186))",,POINT(0.833561441850131 237.151098911034),0.83356144185
570,11504.0,EKC,SWPC,nil,nil,,various,,,5e-05,various,,cm,27.0,-17.0,21.0,33.0,"POLYGON((0.472012 226.590069,0.612499 238.262121,0.604618 240.17166,0.459321 228.738132,0.472012 226.590069))",,POINT(0.536407307262278 234.342924453407),"POLYGON((82.120045 -17.644575,94.120045 -17.644575,94.120045 -16.355425,82.120045 -16.355425,82.120045 -17.644575))",,POINT(88.120045 -17),88.120045,-17.0,"POLYGON((21 -17.644575,33 -17.644575,33 -16.355425,21 -16.355425,21 -17.644575))",,POINT(27 -17),27.0,-17.0,"POLYGON((323.655 -306.1716,491.6784 -304.116,495.0858 -283.8636,325.899 -285.9252,323.655 -306.1716))",,POINT(411.3858 -295.1436),0103000000010000000500000014AE47E17A3A7440E63FA4DFBE2273C0B459F5B9DABA7E4060E5D022DB0173C0F31FD26F5FF17E4036CD3B4ED1BD71C0AAF1D24D625E744026E4839ECDDE71C014AE47E17A3A7440E63FA4DFBE2273C0,506.308227330546117,411.3858,-295.1436,234.342924453,"POLYGON((0.472012 226.590069,0.612499 238.262121,0.604618 240.17166,0.459321 228.738132,0.472012 226.590069))",,POINT(0.536407307262278 234.342924453407),0.536407307262
571,11505.0,DSO,SWPC,nil,nil,,various,,,5e-05,various,,cm,28.0,-10.0,25.5,30.5,"POLYGON((0.468847 245.169882,0.538458 248.661245,0.53709 249.171801,0.467131 245.742037,0.468847 245.169882))",,POINT(0.503069136112785 247.323503185435),"POLYGON((86.620045 -10.144386,91.620045 -10.144386,91.620045 -9.855614,86.620045 -9.855614,86.620045 -10.144386))",,POINT(89.120045 -10),89.120045,-10.0,"POLYGON((25.5 -10.144386,30.5 -10.144386,30.5 -9.855614,25.5 -9.855614,25.5 -10.144386))",,POINT(28 -10),28.0,-10.0,"POLYGON((401.6292 -185.835,473.4012 -184.9404,473.8236 -180.2556,401.988 -181.1496,401.6292 -185.835))",,POINT(438.1338 -183.0642),010300000001000000050000004BEA0434111A79401F85EB51B83A67C07CF2B0506B967D4012A5BDC1171E67C0C58F31772D9D7D40711B0DE02D8866C02B8716D9CE1F7940696FF085C9A466C04BEA0434111A79401F85EB51B83A67C0,474.840739642335222,438.1338,-183.0642,247.323503185,"POLYGON((0.468847 245.169882,0.538458 248.661245,0.53709 249.171801,0.467131 245.742037,0.468847 245.169882))",,POINT(0.503069136112785 247.323503185435),0.503069136113
572,11509.0,HRX,SWPC,nil,nil,,various,,,5e-05,various,,cm,43.0,-16.0,42.5,43.5,"POLYGON((0.714949 245.550244,0.726018 245.970409,0.724492 246.513541,0.71335 246.100035,0.714949 245.550244))",,POINT(0.719716647869844 246.03562018888),"POLYGON((103.620045 -16.206264,104.620045 -16.206264,104.620045 -15.793736,103.620045 -15.793736,103.620045 -16.206264))",,POINT(104.120045 -16),104.120045,-16.0,"POLYGON((42.5 -16.206264,43.5 -16.206264,43.5 -15.793736,42.5 -15.793736,42.5 -16.206264))",,POINT(43 -16),43.0,-16.0,"POLYGON((614.316 -279.3096,625.89 -279.0516,627.186 -272.532,615.588 -272.7906,614.316 -279.3096))",,POINT(620.772 -275.9232),010300000001000000050000004A0C022B87328340772D211FF47471C085EB51B81E8F83409487855AD37071C0736891ED7C9983408D976E12830871C062105839B43C83407B832F4CA60C71C04A0C022B87328340772D211FF47471C0,679.331648226578636,620.772,-275.9232,246.035620189,"POLYGON((0.714949 245.550244,0.726018 245.970409,0.724492 246.513541,0.71335 246.100035,0.714949 245.550244))",,POINT(0.719716647869844 246.03562018888),0.71971664787
573,11507.0,,HMI SHARP,HMI,SDO,"11507,11508,11509",HMI,,,4.99999987369e-05,SDO,,cm,47.0002632141,-26.3983917236,24.346157074,60.5386924744,"POLYGON((0.663625 211.459058,0.918555 232.660756,0.883877 253.223791,0.48097 236.577253,0.663625 211.459058))",,POINT(0.801789108927012 235.01445503908),"POLYGON((83.260069 -33.150863,119.452605 -33.150863,119.452605 -14.106621,83.260069 -14.106621,83.260069 -33.150863))",,POINT(105.914175 -26.398392),105.914175,-26.398392,"POLYGON((24.346157 -33.150863,60.538693 -33.150863,60.538693 -14.106621,24.346157 -14.106621,24.346157 -33.150863))",,POINT(47.000263 -26.398392),47.000263,-26.398392,"POLYGON((326.9004 -534.3096,689.316 -525.8646,798.762 -240.7986,378.9006 -250.0548,326.9004 -534.3096))",,POINT(620.034 -433.9194),010300000001000000050000001895D409686E7440BC96900F7AB280C04A0C022B878A8540F9A067B3EA6E80C06ABC749318F68840BD5296218E196EC071AC8BDB68AE774044FAEDEBC0416FC01895D409686E7440BC96900F7AB280C0,756.788085828760927,620.034,-433.9194,235.014455039,"POLYGON((0.663625 211.459058,0.918555 232.660756,0.883877 253.223791,0.48097 236.577253,0.663625 211.459058))",,POINT(0.801789108927012 235.01445503908),0.801789108927
574,11506.0,,HMI SHARP,HMI,SDO,11506,HMI,,,4.99999987369e-05,SDO,,cm,22.0204925537,11.3084802628,9.39794540405,37.0675888062,"POLYGON((0.191122 301.589924,0.60943 279.856811,0.642242 295.94921,0.318301 330.533609,0.191122 301.589924))",,POINT(0.409008365518728 295.487196632632),"POLYGON((68.311857 7.012045,95.981501 7.012045,95.981501 17.309139,68.311857 17.309139,68.311857 7.012045))",,POINT(80.934405 11.30848),80.934405,11.30848,"POLYGON((9.397945 7.012045,37.067589 7.012045,37.067589 17.309139,9.397945 17.309139,9.397945 7.012045))",,POINT(22.020493 11.30848),22.020493,11.30848,"POLYGON((153.6642 94.4976,566.7342 98.4708,545.0808 265.2558,147.7884 261.573,153.6642 94.4976))",,POINT(348.4824 166.122),010300000001000000050000001AC05B2041356340569FABADD89F5740C9E53FA4DFB581403CBD5296219E5840226C787AA508814012A5BDC1179470405305A3923A796240BA490C022B5970401AC05B2041356340569FABADD89F5740,386.052460157631913,348.4824,166.122,295.487196633,"POLYGON((0.191122 301.589924,0.60943 279.856811,0.642242 295.94921,0.318301 330.533609,0.191122 301.589924))",,POINT(0.409008365518728 295.487196632632),0.409008365519
575,11504.0,,HMI SHARP,HMI,SDO,"11504,11505",HMI,,,4.99999987369e-05,SDO,,cm,27.1968040466,-15.2827568054,17.069726944,36.3687286377,"POLYGON((0.470009 215.817086,0.67153 235.779659,0.60365 258.875583,0.316993 247.757275,0.470009 215.817086))",,POINT(0.526017845658219 237.292601638491),"POLYGON((75.983638 -21.056347,95.28264 -21.056347,95.28264 -5.609715,75.983638 -5.609715,75.983638 -21.056347))",,POINT(86.110716 -15.282757),86.110716,-15.282757,"POLYGON((17.069726 -21.056347,36.368728 -21.056347,36.368728 -5.609715,17.069726 -5.609715,17.069726 -21.056347))",,POINT(27.196804 -15.282757),27.196804,-15.282757,"POLYGON((259.6116 -359.7342,524.1102 -356.457,559.0638 -109.9314,276.9378 -113.2572,259.6116 -359.7342))",,POINT(417.771 -268.2804),01030000000100000005000000BDE3141DC939704092CB7F48BF7B76C027A089B0E16080405A643BDF4F4776C0E10B93A982788140A4DFBE0E9C7B5BC005A3923A014F7140FF21FDF675505CC0BDE3141DC939704092CB7F48BF7B76C0,496.494694297089154,417.771,-268.2804,237.292601638,"POLYGON((0.470009 215.817086,0.67153 235.779659,0.60365 258.875583,0.316993 247.757275,0.470009 215.817086))",,POINT(0.526017845658219 237.292601638491),0.526017845658
576,11506.0,,HMI SHARP,HMI,SDO,11506,HMI,,,4.99999987369e-05,SDO,,cm,24.0720081329,11.3146381378,11.5596933365,39.2956390381,"POLYGON((0.224062 296.942493,0.639564 279.556638,0.668682 294.851815,0.336882 325.221801,0.224062 296.942493))",,POINT(0.438524687614552 293.676488505394),"POLYGON((68.267472 7.103162,96.003416 7.103162,96.003416 17.294944,68.267472 17.294944,68.267472 7.103162))",,POINT(80.779786 11.314638),80.779786,11.314638,"POLYGON((11.559694 7.103162,39.295638 7.103162,39.295638 17.294944,11.559694 17.294944,11.559694 7.103162))",,POINT(24.072008 11.314638),24.072008,11.314638,"POLYGON((188.5296 95.8224,595.2816 100.221,572.6976 265.2522,181.3704 261.1698,188.5296 95.8224))",,POINT(379.0668 166.2132),01030000000100000005000000C5FEB27BF2906740BF0E9C33A2F457406E3480B7409A8240A01A2FDD240E5940840D4FAF94E58140D200DE020994704007CE1951DAAB6640C66D3480B7527040C5FEB27BF2906740BF0E9C33A2F45740,413.906350176558647,379.0668,166.2132,293.676488505,"POLYGON((0.224062 296.942493,0.639564 279.556638,0.668682 294.851815,0.336882 325.221801,0.224062 296.942493))",,POINT(0.438524687614552 293.676488505394),0.438524687615
577,11504.0,,HMI SHARP,HMI,SDO,"11504,11505",HMI,,,4.99999987369e-05,SDO,,cm,29.3796253204,-15.3318853378,19.2271270752,38.3587760925,"POLYGON((0.48973 219.073025,0.692557 237.072428,0.630826 259.234405,0.350856 249.716347,0.48973 219.073025))",,POINT(0.553857752865996 239.040235843647),"POLYGON((75.934905 -20.997224,95.066555 -20.997224,95.066555 -5.701008,75.934905 -5.701008,75.934905 -20.997224))",,POINT(86.087403 -15.331885),86.087403,-15.331885,"POLYGON((19.227127 -20.997224,38.358777 -20.997224,38.358777 -5.701008,19.227127 -5.701008,19.227127 -20.997224))",,POINT(29.379625 -15.331885),29.379625,-15.331885,"POLYGON((291.3528 -358.8546,548.6694 -355.3248,584.9322 -111.2178,310.623 -114.8022,291.3528 -358.8546))",,POINT(448.2858 -268.929),0103000000010000000500000076E09C11A535724096B20C71AC6D76C08A1F63EE5A258140DA1B7C61323576C0A60A4625754782406744696FF0CD5BC08716D9CEF76973407A36AB3E57B35CC076E09C11A535724096B20C71AC6D76C0,522.764732477851794,448.2858,-268.929,239.040235844,"POLYGON((0.48973 219.073025,0.692557 237.072428,0.630826 259.234405,0.350856 249.716347,0.48973 219.073025))",,POINT(0.553857752865996 239.040235843647),0.553857752866
578,11507.0,,HMI SHARP,HMI,SDO,"11507,11508,11509",HMI,,,4.99999987369e-05,SDO,,cm,49.2303237915,-26.548084259,26.5710067749,62.6709823608,"POLYGON((0.679312 213.586346,0.929976 233.245341,0.900522 253.138397,0.512589 238.013672,0.679312 213.586346))",,POINT(0.8212655433093 235.802077049249),"POLYGON((83.278785 -33.145584,119.378761 -33.145584,119.378761 -14.503336,83.278785 -14.503336,83.278785 -33.145584))",,POINT(105.938102 -26.548084),105.938102,-26.548084,"POLYGON((26.571007 -33.145584,62.670983 -33.145584,62.670983 -14.503336,26.571007 -14.503336,26.571007 -33.145584))",,POINT(49.230324 -26.548084),49.230324,-26.548084,"POLYGON((354.6942 -534.1338,703.272 -525.2472,813.426 -246.5424,410.358 -256.284,354.6942 -534.1338))",,POINT(641.136 -435.6816),01030000000100000005000000228E75711B2B7640A301BC0512B180C01904560E2DFA8540925CFE43FA6980C0C520B072686B894036AB3E575BD16EC07D3F355EBAA57940068195438B0470C0228E75711B2B7640A301BC0512B180C0,775.160516973458925,641.136,-435.6816,235.802077049,"POLYGON((0.679312 213.586346,0.929976 233.245341,0.900522 253.138397,0.512589 238.013672,0.679312 213.586346))",,POINT(0.8212655433093 235.802077049249),0.821265543309
579,11507.0,,HMI SHARP,HMI,SDO,"11507,11508,11509",HMI,,,4.99999987369e-05,SDO,,cm,51.5582427979,-26.6209945679,28.8117752075,64.8858413696,"POLYGON((0.69624 215.526628,0.941132 233.732191,0.916093 253.447905,0.541505 239.866666,0.69624 215.526628))",,POINT(0.840464914460937 236.637196827398),"POLYGON((83.313417 -33.206154,119.387487 -33.206154,119.387487 -14.53041,83.313417 -14.53041,83.313417 -33.206154))",,POINT(106.059885 -26.620995),106.059885,-26.620995,"POLYGON((28.811775 -33.206154,64.885845 -33.206154,64.885845 -14.53041,28.811775 -14.53041,28.811775 -33.206154))",,POINT(51.558243 -26.620995),51.558243,-26.620995,"POLYGON((381.8544 -534.8142,716.19 -525.4746,828.822 -246.3282,442.0284 -256.5786,381.8544 -534.8142))",,POINT(662.544 -436.2504),010300000001000000050000003D9B559FABDD77403A234A7B83B680C0EC51B81E8561864074B515FBCB6B80C07F6ABC7493E689408351499D80CA6EC04DF38E5374A07B4073D712F2410970C03D9B559FABDD77403A234A7B83B680C0,793.271052942284086,662.544,-436.2504,236.637196827,"POLYGON((0.69624 215.526628,0.941132 233.732191,0.916093 253.447905,0.541505 239.866666,0.69624 215.526628))",,POINT(0.840464914460937 236.637196827398),0.840464914461
580,11504.0,,HMI SHARP,HMI,SDO,"11504,11505",HMI,,,4.99999987369e-05,SDO,,cm,31.5210533142,-15.3541536331,21.3484306335,40.7474098206,"POLYGON((0.507892 222.305797,0.716351 238.761743,0.662278 259.75305,0.383678 251.460163,0.507892 222.305797))",,POINT(0.580843002077855 240.600781511431),"POLYGON((75.850072 -20.714994,95.249052 -20.714994,95.249052 -5.721156,75.850072 -5.721156,75.850072 -20.714994))",,POINT(86.022695 -15.354154),86.022695,-15.354154,"POLYGON((21.34843 -20.714994,40.74741 -20.714994,40.74741 -5.721156,21.34843 -5.721156,21.34843 -20.714994))",,POINT(31.521053 -15.354154),31.521053,-15.354154,"POLYGON((322.6596 -354.5262,578.1 -350.6376,615.12 -111.198,343.3398 -115.1454,322.6596 -354.5262))",,POINT(477.627 -269.1204),0103000000010000000500000011C7BAB88D2A74407CF2B0506B2876C0CDCCCCCCCC108240E0BE0E9C33EA75C0295C8FC2F5388340E9263108ACCC5BC0E5F21FD26F757540A835CD3B4EC95CC011C7BAB88D2A74407CF2B0506B2876C0,548.227453549309303,477.627,-269.1204,240.600781511,"POLYGON((0.507892 222.305797,0.716351 238.761743,0.662278 259.75305,0.383678 251.460163,0.507892 222.305797))",,POINT(0.580843002077855 240.600781511431),0.580843002078
581,11506.0,,HMI SHARP,HMI,SDO,11506,HMI,,,4.99999987369e-05,SDO,,cm,26.1023254395,11.2507095337,13.7944097519,41.4313735962,"POLYGON((0.259444 293.693654,0.667671 279.425427,0.693485 293.919267,0.35875 320.406355,0.259444 293.693654))",,POINT(0.467292688021149 291.996126481116),"POLYGON((68.296052 7.26807,95.933016 7.26807,95.933016 17.288204,68.296052 17.288204,68.296052 7.26807))",,POINT(80.603967 11.25071),80.603967,11.25071,"POLYGON((13.79441 7.26807,41.431374 7.26807,41.431374 17.288204,13.79441 17.288204,13.79441 7.26807))",,POINT(26.102325 11.25071),26.102325,11.25071,"POLYGON((224.2344 98.4024,621.672 103.2006,598.3302 265.3842,215.8062 260.9238,224.2344 98.4024))",,POINT(408.9486 165.1938),01030000000100000005000000D6C56D3480076C4044FAEDEBC09958404C378941606D8340F7E461A1D6CC59401DC9E53FA4B28240F931E6AE259670402041F163CCF96A40B84082E2C74E7040D6C56D3480076C4044FAEDEBC0995840,441.053226947043186,408.9486,165.1938,291.996126481,"POLYGON((0.259444 293.693654,0.667671 279.425427,0.693485 293.919267,0.35875 320.406355,0.259444 293.693654))",,POINT(0.467292688021149 291.996126481116),0.467292688021
582,11506.0,,HMI SHARP,HMI,SDO,11506,HMI,,,4.99999987369e-05,SDO,,cm,28.1663017273,11.2308750153,16.06848526,43.5765342712,"POLYGON((0.294967 290.796058,0.694802 279.128934,0.717734 293.066814,0.382982 316.127498,0.294967 290.796058))",,POINT(0.496605059318345 290.602529247919),"POLYGON((68.36399 7.300461,95.87204 7.300461,95.87204 17.272764,68.36399 17.272764,68.36399 7.300461))",,POINT(80.461807 11.230875),80.461807,11.230875,"POLYGON((16.068485 7.300461,43.576535 7.300461,43.576535 17.272764,16.068485 17.272764,16.068485 7.300461))",,POINT(28.166302 11.230875),28.166302,11.230875,"POLYGON((260.2626 98.844,647.472 104.0436,623.262 265.4172,250.5204 260.5794,260.2626 98.844))",,POINT(438.7362 164.9322),01030000000100000005000000E0BE0E9C33447040BC74931804B65840B29DEFA7C63B8440C286A757CA025A406ABC7493187A8340423EE8D9AC967040D49AE61DA7506F40D734EF3845497040E0BE0E9C33447040BC74931804B65840,468.713221263578191,438.7362,164.9322,290.602529248,"POLYGON((0.294967 290.796058,0.694802 279.128934,0.717734 293.066814,0.382982 316.127498,0.294967 290.796058))",,POINT(0.496605059318345 290.602529247919),0.496605059318
583,11504.0,,HMI SHARP,HMI,SDO,"11504,11505",HMI,,,4.99999987369e-05,SDO,,cm,33.742477417,-15.4211368561,22.9115619659,43.0300102234,"POLYGON((0.522428 224.472742,0.739231 240.124335,0.691378 260.147988,0.407931 252.460172,0.522428 224.472742))",,POINT(0.608796114015411 241.977071936906),"POLYGON((75.207067 -20.538205,95.325517 -20.538205,95.325517 -5.771369,75.207067 -5.771369,75.207067 -20.538205))",,POINT(86.037982 -15.421137),86.037982,-15.421137,"POLYGON((22.911562 -20.538205,43.030012 -20.538205,43.030012 -5.771369,22.911562 -5.771369,22.911562 -20.538205))",,POINT(33.742477 -15.421137),33.742477,-15.421137,"POLYGON((345.441 -351.858,604.992 -347.544,642.924 -111.6534,367.119 -116.0328,345.441 -351.858))",,POINT(507.2364 -269.9628),01030000000100000005000000931804560E9775407D3F355EBAFD75C00E2DB29DEFE7824062105839B4B875C008AC1C5A6417844036CD3B4ED1E95BC096438B6CE7F17640C3D32B6519025DC0931804560E9775407D3F355EBAFD75C0,574.603062007852486,507.2364,-269.9628,241.977071937,"POLYGON((0.522428 224.472742,0.739231 240.124335,0.691378 260.147988,0.407931 252.460172,0.522428 224.472742))",,POINT(0.608796114015411 241.977071936906),0.608796114015
584,11507.0,,HMI SHARP,HMI,SDO,"11507,11508,11509",HMI,,,4.99999987369e-05,SDO,,cm,53.8795394897,-26.7108440399,31.3359069824,67.1683578491,"POLYGON((0.715045 217.62885,0.951602 234.250946,0.930809 253.756935,0.573727 241.731664,0.715045 217.62885))",,POINT(0.858802937257477 237.373355320405),"POLYGON((83.631412 -33.200116,119.463862 -33.200116,119.463862 -14.53767,83.631412 -14.53767,83.631412 -33.200116))",,POINT(106.175045 -26.710844),106.175045,-26.710844,"POLYGON((31.335907 -33.200116,67.168357 -33.200116,67.168357 -14.53767,31.335907 -14.53767,31.335907 -33.200116))",,POINT(53.87954 -26.710844),53.87954,-26.710844,"POLYGON((412.0464 -534.4962,728.928 -524.7348,843.462 -245.736,476.9232 -256.4568,412.0464 -534.4962))",,POINT(682.662 -437.028),010300000001000000050000008D28ED0DBEC0794034A2B437F8B380C08195438B6CC78640CE88D2DEE06580C004560E2DB25B8A40643BDF4F8DB76EC0ADFA5C6DC5CE7D40014D840D4F0770C08D28ED0DBEC0794034A2B437F8B380C0,810.568244522322743,682.662,-437.028,237.37335532,"POLYGON((0.715045 217.62885,0.951602 234.250946,0.930809 253.756935,0.573727 241.731664,0.715045 217.62885))",,POINT(0.858802937257477 237.373355320405),0.858802937257
585,11507.0,,HMI SHARP,HMI,SDO,"11507,11508,11509",HMI,,,4.99999987369e-05,SDO,,cm,56.1188392639,-26.815196991,37.7360534668,69.4777526855,"POLYGON((0.763599 222.279343,0.961227 234.727691,0.944353 253.982414,0.65339 245.452646,0.763599 222.279343))",,POINT(0.875661990508011 237.996644988415),"POLYGON((87.825419 -33.18956,119.567119 -33.18956,119.567119 -14.59774,87.825419 -14.59774,87.825419 -33.18956))",,POINT(106.208206 -26.815197),106.208206,-26.815197,"POLYGON((37.736053 -33.18956,69.477753 -33.18956,69.477753 -14.59774,37.736053 -14.59774,37.736053 -33.18956))",,POINT(56.11884 -26.815197),56.11884,-26.815197,"POLYGON((484.8492 -533.2284,740.676 -523.8906,856.698 -245.9388,560.9466 -256.1982,484.8492 -533.2284))",,POINT(700.86 -438.003),01030000000100000005000000363CBD52964D7E40401361C3D3A980C0C520B072682587408A8EE4F21F5F80C0DD24068195C58A40832F4CA60ABE6EC0265305A3928781401361C3D32B0370C0363CBD52964D7E40401361C3D3A980C0,826.469217581029966,700.86,-438.003,237.996644988,"POLYGON((0.763599 222.279343,0.961227 234.727691,0.944353 253.982414,0.65339 245.452646,0.763599 222.279343))",,POINT(0.875661990508011 237.996644988415),0.875661990508
586,11506.0,,HMI SHARP,HMI,SDO,11506,HMI,,,4.99999987369e-05,SDO,,cm,30.1924571991,11.328956604,18.3310108185,45.5817680359,"POLYGON((0.33011 288.338089,0.719227 278.777823,0.740468 292.656235,0.411089 312.884024,0.33011 288.338089))",,POINT(0.525575393505954 289.62674839119),"POLYGON((68.420377 7.253934,95.671135 7.253934,95.671135 17.494316,68.420377 17.494316,68.420377 7.253934))",,POINT(80.281823 11.328957),80.281823,11.328957,"POLYGON((18.331011 7.253934,45.581769 7.253934,45.581769 17.494316,18.331011 17.494316,18.331011 7.253934))",,POINT(30.192457 11.328957),30.192457,11.328957,"POLYGON((295.7424 98.0256,670.872 103.5906,644.94 269.2056,284.2968 264.0372,295.7424 98.0256))",,POINT(467.2296 166.6188),01030000000100000005000000CE88D2DEE07B7240C4B12E6EA3815840E5D022DBF9F684402041F163CCE55940EC51B81E85278440ECC039234AD370403F575BB1BFC4714094F6065F98807040CE88D2DEE07B7240C4B12E6EA3815840,496.049718908901298,467.2296,166.6188,289.626748391,"POLYGON((0.33011 288.338089,0.719227 278.777823,0.740468 292.656235,0.411089 312.884024,0.33011 288.338089))",,POINT(0.525575393505954 289.62674839119),0.525575393506
587,11504.0,,HMI SHARP,HMI,SDO,"11504,11505",HMI,,,4.99999987369e-05,SDO,,cm,35.8972549438,-15.4654951096,25.2785968781,45.3580169678,"POLYGON((0.546189 227.372187,0.762106 241.385528,0.719958 260.515937,0.444126 253.838728,0.546189 227.372187))",,POINT(0.635381868445379 243.196320763424),"POLYGON((75.367963 -20.367134,95.447381 -20.367134,95.447381 -5.816376,75.367963 -5.816376,75.367963 -20.367134))",,POINT(85.986621 -15.465495),85.986621,-15.465495,"POLYGON((25.278597 -20.367134,45.358015 -20.367134,45.358015 -5.816376,25.278597 -5.816376,25.278597 -20.367134))",,POINT(35.897255 -15.465495),35.897255,-15.465495,"POLYGON((379.2924 -349.1172,631.44 -344.4792,670.224 -111.9654,402.6108 -116.6742,379.2924 -349.1172))",,POINT(535.2552 -270.42),010300000001000000050000009B559FABADB4774076711B0DE0D175C0EC51B81E85BB8340E4839ECDAA8775C06F1283C0CAF18440BDE3141DC9FD5BC0598638D6C5297940A5BDC117262B5DC09B559FABADB4774076711B0DE0D175C0,599.687506562409567,535.2552,-270.42,243.196320763,"POLYGON((0.546189 227.372187,0.762106 241.385528,0.719958 260.515937,0.444126 253.838728,0.546189 227.372187))",,POINT(0.635381868445379 243.196320763424),0.635381868445
588,11506.0,,HMI SHARP,HMI,SDO,11506,HMI,,,4.99999987369e-05,SDO,,cm,32.4638404846,11.3658075333,20.6501026154,47.4243545532,"POLYGON((0.366432 286.510309,0.740989 278.564575,0.760039 292.038086,0.438363 309.597221,0.366432 286.510309))",,POINT(0.557233018013677 288.559282460916),"POLYGON((68.533327 7.269843,95.307579 7.269843,95.307579 17.474537,68.533327 17.474537,68.533327 7.269843))",,POINT(80.347065 11.365808),80.347065,11.365808,"POLYGON((20.650102 7.269843,47.424354 7.269843,47.424354 17.474537,20.650102 17.474537,20.650102 7.269843))",,POINT(32.46384 11.365808),32.46384,11.365808,"POLYGON((331.5828 98.2842,691.554 104.1504,664.92 269.1594,318.798 263.7066,331.5828 98.2842))",,POINT(498.5712 167.3934),01030000000100000005000000BEC1172653B974407C61325530925840DF4F8D976E9C854061545227A0095A408FC2F5285CC78440B8AF03E78CD2704054E3A59BC4EC7340A835CD3B4E7B7040BEC1172653B974407C61325530925840,525.92184954896095,498.5712,167.3934,288.559282461,"POLYGON((0.366432 286.510309,0.740989 278.564575,0.760039 292.038086,0.438363 309.597221,0.366432 286.510309))",,POINT(0.557233018013677 288.559282460916),0.557233018014
589,11504.0,,HMI SHARP,HMI,SDO,"11504,11505",HMI,,,4.99999987369e-05,SDO,,cm,38.0424995422,-15.4729557037,28.1613483429,47.4309692383,"POLYGON((0.577896 230.214814,0.782555 242.21964,0.74439 260.850747,0.487319 255.318384,0.577896 230.214814))",,POINT(0.661186019329083 244.337030717611),"POLYGON((76.044573 -20.377854,95.314193 -20.377854,95.314193 -5.824978,76.044573 -5.824978,76.044573 -20.377854))",,POINT(85.925725 -15.472956),85.925725,-15.472956,"POLYGON((28.161348 -20.377854,47.430968 -20.377854,47.430968 -5.824978,28.161348 -5.824978,28.161348 -20.377854))",,POINT(38.0425 -15.472956),38.0425,-15.472956,"POLYGON((419.13 -349.0224,653.454 -344.241,693.624 -111.7122,444.9192 -116.5698,419.13 -349.0224))",,POINT(562.4772 -270.2544),01030000000100000005000000AE47E17A14327A40E3361AC05BD075C01283C0CAA16B844060E5D022DB8375C0A245B6F3FDAC8540840D4FAF94ED5BC0BB270F0BB5CE7B40B1506B9A77245DC0AE47E17A14327A40E3361AC05BD075C0,624.033685981133544,562.4772,-270.2544,244.337030718,"POLYGON((0.577896 230.214814,0.782555 242.21964,0.74439 260.850747,0.487319 255.318384,0.577896 230.214814))",,POINT(0.661186019329083 244.337030717611),0.661186019329
590,11507.0,,HMI SHARP,HMI,SDO,"11507,11508,11509",HMI,,,4.99999987369e-05,SDO,,cm,58.3421516418,-26.8878822327,39.93800354,71.5674285889,"POLYGON((0.780595 223.633117,0.969102 235.081571,0.955411 254.093183,0.680234 246.327219,0.780595 223.633117))",,POINT(0.891408765520378 238.588309144274),"POLYGON((87.82123 -33.212632,119.450652 -33.212632,119.450652 -14.717476,87.82123 -14.717476,87.82123 -33.212632))",,POINT(106.225375 -26.887882),106.225375,-26.887882,"POLYGON((39.938005 -33.212632,71.567427 -33.212632,71.567427 -14.717476,39.938005 -14.717476,39.938005 -33.212632))",,POINT(58.34215 -26.887882),58.34215,-26.887882,"POLYGON((508.374 -533.2278,749.982 -523.5534,867.198 -247.1394,587.988 -257.7756,508.374 -533.2278))",,POINT(718.02 -438.4824),01030000000100000005000000448B6CE7FBC57F403B70CE88D2A980C060E5D022DB6F8740DAACFA5C6D5C80C0DD24068195198B40FF21FDF675E46EC096438B6CE75F824071AC8BDB681C70C0448B6CE7FBC57F403B70CE88D2A980C0,841.320114765931407,718.02,-438.4824,238.588309144,"POLYGON((0.780595 223.633117,0.969102 235.081571,0.955411 254.093183,0.680234 246.327219,0.780595 223.633117))",,POINT(0.891408765520378 238.588309144274),0.89140876552
591,11504.0,EKC,SWPC,nil,nil,,various,,,5e-05,various,,cm,39.0,-17.0,33.5,44.5,"POLYGON((0.619532 238.410092,0.742989 244.357774,0.737859 246.142497,0.611182 240.447104,0.619532 238.410092))",,POINT(0.679513461979177 242.705601346087),"POLYGON((81.383225 -17.6938,92.383225 -17.6938,92.383225 -16.3062,81.383225 -16.3062,81.383225 -17.6938))",,POINT(86.883225 -17),86.883225,-17.0,"POLYGON((33.5 -17.6938,44.5 -17.6938,44.5 -16.3062,33.5 -16.3062,33.5 -17.6938))",,POINT(39 -17),39.0,-17.0,"POLYGON((498.0762 -306.2976,632.178 -303.462,636.894 -281.6676,501.7932 -284.5128,498.0762 -306.2976))",,POINT(569.9268 -294.0906),0103000000010000000500000048BF7D1D38217F40A2B437F8C22473C08195438B6CC1834008AC1C5A64F772C0FED478E926E78340F46C567DAE9A71C0FFB27BF2B05C7F4039D6C56D34C871C048BF7D1D38217F40A2B437F8C22473C0,641.331301564643695,569.9268,-294.0906,242.705601346,"POLYGON((0.619532 238.410092,0.742989 244.357774,0.737859 246.142497,0.611182 240.447104,0.619532 238.410092))",,POINT(0.679513461979177 242.705601346087),0.679513461979
592,11508.0,HSX,SWPC,nil,nil,,various,,,5e-05,various,,cm,56.0,-29.0,54.5,57.5,"POLYGON((0.871021 234.854844,0.891408 235.851512,0.890368 236.291574,0.869781 235.300005,0.871021 234.854844))",,POINT(0.880818914216546 235.589054489143),"POLYGON((102.383225 -29.206264,105.383225 -29.206264,105.383225 -28.793736,102.383225 -28.793736,102.383225 -29.206264))",,POINT(103.883225 -29),103.883225,-29.0,"POLYGON((54.5 -29.206264,57.5 -29.206264,57.5 -28.793736,54.5 -28.793736,54.5 -29.206264))",,POINT(56 -29),56.0,-29.0,"POLYGON((672.21 -473.229,696.264 -472.266,699.054 -466.3596,674.904 -467.3256,672.21 -473.229))",,POINT(685.848 -469.8024),0103000000010000000500000048E17A14AE0185408B6CE7FBA9937DC0273108AC1CC28540C74B378941847DC0DF4F8D976ED8854044FAEDEBC0257DC0AC1C5A643B1785403E7958A835357DC048E17A14AE0185408B6CE7FBA9937DC0,831.325311866395623,685.848,-469.8024,235.589054489,"POLYGON((0.871021 234.854844,0.891408 235.851512,0.890368 236.291574,0.869781 235.300005,0.871021 234.854844))",,POINT(0.880818914216546 235.589054489143),0.880818914217
593,11507.0,DAI,SWPC,nil,nil,,various,,,5e-05,various,,cm,64.0,-27.0,60.0,68.0,"POLYGON((0.902956 238.758068,0.948157 240.608166,0.947775 240.954817,0.902257 239.115586,0.902956 238.758068))",,POINT(0.926876742029133 239.941261973624),"POLYGON((107.883225 -27.167591,115.883225 -27.167591,115.883225 -26.832409,107.883225 -26.832409,107.883225 -27.167591))",,POINT(111.883225 -27),111.883225,-27.0,"POLYGON((60 -27.167591,68 -27.167591,68 -26.832409,60 -26.832409,60 -27.167591))",,POINT(64 -27),64.0,-27.0,"POLYGON((728.634 -442.0056,779.694 -439.1886,782.022 -434.2884,730.812 -437.112,728.634 -442.0056))",,POINT(757.146 -438.174),01030000000100000005000000508D976E12C58640B98D06F016A07BC0643BDF4F8D5D884069006F8104737BC01904560E2D708840AA8251499D247BC0D122DBF97ED686406F1283C0CA517BC0508D976E12C58640B98D06F016A07BC0,874.795130068749245,757.146,-438.174,239.941261974,"POLYGON((0.902956 238.758068,0.948157 240.608166,0.947775 240.954817,0.902257 239.115586,0.902956 238.758068))",,POINT(0.926876742029133 239.941261973624),0.926876742029
594,11505.0,DRO,SWPC,nil,nil,,various,,,5e-05,various,,cm,41.0,-11.0,38.5,43.5,"POLYGON((0.648524 250.973019,0.709546 252.78565,0.709196 252.956053,0.648081 251.157549,0.648524 250.973019))",,POINT(0.679349496034847 252.023398954427),"POLYGON((86.383225 -11.061879,91.383225 -11.061879,91.383225 -10.938121,86.383225 -10.938121,86.383225 -11.061879))",,POINT(88.883225 -11),88.883225,-11.0,"POLYGON((38.5 -11.061879,43.5 -11.061879,43.5 -10.938121,38.5 -10.938121,38.5 -11.061879))",,POINT(41 -11),41.0,-11.0,"POLYGON((578.6424 -199.5474,639.678 -198.189,639.948 -196.1886,578.886 -197.5476,578.6424 -199.5474))",,POINT(609.876 -197.8854),010300000001000000050000009A779CA223158240933A014D84F168C08195438B6CFD8340355EBA490CC668C0DD24068195FF8340D200DE02098668C00C022B871617824044696FF085B168C09A779CA223158240933A014D84F168C0,641.17654893887061,609.876,-197.8854,252.023398954,"POLYGON((0.648524 250.973019,0.709546 252.78565,0.709196 252.956053,0.648081 251.157549,0.648524 250.973019))",,POINT(0.679349496034847 252.023398954427),0.679349496035
595,11509.0,BXO,SWPC,nil,nil,,various,,,5e-05,various,,cm,58.0,-17.0,56.5,59.5,"POLYGON((0.85597 249.022076,0.880318 249.7052,0.880228 249.766582,0.855863 249.084976,0.85597 249.022076))",,POINT(0.868344222499159 249.405749145598),"POLYGON((104.383225 -17.027502,107.383225 -17.027502,107.383225 -16.972498,104.383225 -16.972498,104.383225 -17.027502))",,POINT(105.883225 -17),105.883225,-17.0,"POLYGON((56.5 -17.027502,59.5 -17.027502,59.5 -16.972498,56.5 -16.972498,56.5 -17.027502))",,POINT(58 -17),58.0,-17.0,"POLYGON((754.326 -289.2252,779.274 -288.1818,779.502 -287.3172,754.548 -288.3606,754.326 -289.2252))",,POINT(767.178 -288.2754),01030000000100000005000000F853E3A59B928740F2B0506B9A1372C0D578E926315A88409BE61DA7E80272C0BC749318045C8840A9A44E4013F571C0AAF1D24D62948740006F8104C50572C0F853E3A59B928740F2B0506B9A1372C0,819.551578565473733,767.178,-288.2754,249.405749146,"POLYGON((0.85597 249.022076,0.880318 249.7052,0.880228 249.766582,0.855863 249.084976,0.85597 249.022076))",,POINT(0.868344222499159 249.405749145598),0.868344222499
596,11506.0,AXX,SWPC,nil,nil,,various,,,5e-05,various,,cm,30.0,11.0,29.5,30.5,"POLYGON((0.513914 289.156844,0.528059 288.647949,0.528877 289.025689,0.514772 289.543728,0.513914 289.156844))",,POINT(0.52141635246684 289.08943727142),"POLYGON((77.383225 10.896868,78.383225 10.896868,78.383225 11.103132,77.383225 11.103132,77.383225 10.896868))",,POINT(77.883225 11),77.883225,11.0,"POLYGON((29.5 10.896868,30.5 10.896868,30.5 11.103132,29.5 11.103132,29.5 10.896868))",,POINT(30 11),30.0,11.0,"POLYGON((458.1774 159.1674,472.2228 159.3606,471.891 162.7218,457.8558 162.5286,458.1774 159.1674))",,POINT(465.0558 160.944),01030000000100000005000000F7E461A1D6A27C4036AB3E575BE56340C898BB9690837D4001DE02098AEB6340C74B3789417E7D40174850FC18576440AB3E575BB19D7C404D158C4AEA506440F7E461A1D6A27C4036AB3E575BE56340,492.117738198533175,465.0558,160.944,289.089437271,"POLYGON((0.513914 289.156844,0.528059 288.647949,0.528877 289.025689,0.514772 289.543728,0.513914 289.156844))",,POINT(0.52141635246684 289.08943727142),0.521416352467
597,11506.0,,HMI SHARP,HMI,SDO,11506,HMI,,,4.99999987369e-05,SDO,,cm,34.4052467346,11.4124765396,22.8442955017,49.4050178528,"POLYGON((0.400733 285.21824,0.763593 278.417289,0.780441 291.437274,0.464954 306.891159,0.400733 285.21824))",,POINT(0.583840802212082 287.78374609061),"POLYGON((68.521379 7.329002,95.082101 7.329002,95.082101 17.456284,68.521379 17.456284,68.521379 7.329002))",,POINT(80.08233 11.412477),80.08233,11.412477,"POLYGON((22.844296 7.329002,49.405018 7.329002,49.405018 17.456284,22.844296 17.456284,22.844296 7.329002))",,POINT(34.405247 11.412477),34.405247,11.412477,"POLYGON((364.9482 99.279,712.914 105.4938,685.62 269.2062,350.9598 263.4234,364.9482 99.279))",,POINT(524.697 168.2976),010300000001000000050000001361C3D32BCF764060E5D022DBD158405A643BDF4F478640F2B0506B9A5F5A40295C8FC2F56C8540F7065F984CD3704036AB3E575BEF75400612143FC67670401361C3D32BCF764060E5D022DBD15840,551.027244312620155,524.697,168.2976,287.783746091,"POLYGON((0.400733 285.21824,0.763593 278.417289,0.780441 291.437274,0.464954 306.891159,0.400733 285.21824))",,POINT(0.583840802212082 287.78374609061),0.583840802212
598,11507.0,,HMI SHARP,HMI,SDO,"11507,11508,11509",HMI,,,4.99999987369e-05,SDO,,cm,60.5312538147,-27.0415287018,42.4172821045,73.6733551025,"POLYGON((0.799477 225.043492,0.976178 235.397027,0.965345 254.190003,0.709459 247.229618,0.799477 225.043492))",,POINT(0.906164376546303 239.028143436983),"POLYGON((88.094365 -33.23711,119.350441 -33.23711,119.350441 -14.832424,88.094365 -14.832424,88.094365 -33.23711))",,POINT(106.208337 -27.041529),106.208337,-27.041529,"POLYGON((42.417282 -33.23711,73.673358 -33.23711,73.673358 -14.832424,42.417282 -14.832424,42.417282 -33.23711))",,POINT(60.531254 -27.041529),60.531254,-27.041529,"POLYGON((533.9478 -533.1378,758.34 -523.2018,876.624 -248.2248,617.4 -259.1556,533.9478 -533.1378))",,POINT(733.296 -440.1186),0103000000010000000500000031992A1895AF80401CEBE2361AA980C01F85EB51B8B28740AA8251499D5980C0A245B6F3FD648B408104C58F31076FC033333333334B83401FF46C567D3270C031992A1895AF80401CEBE2361AA980C0,855.235292584420904,733.296,-440.1186,239.028143437,"POLYGON((0.799477 225.043492,0.976178 235.397027,0.965345 254.190003,0.709459 247.229618,0.799477 225.043492))",,POINT(0.906164376546303 239.028143436983),0.906164376546
599,11504.0,,HMI SHARP,HMI,SDO,"11504,11505",HMI,,,4.99999987369e-05,SDO,,cm,40.2813835144,-15.499666214,30.4196929932,49.3927993774,"POLYGON((0.603025 232.180388,0.801284 242.944111,0.766684 261.103229,0.520634 256.227157,0.603025 232.180388))",,POINT(0.687610388726524 245.382843934575),"POLYGON((76.096776 -20.387701,95.069882 -20.387701,95.069882 -5.861091,76.096776 -5.861091,76.096776 -20.387701))",,POINT(85.958467 -15.499666),85.958467,-15.499666,"POLYGON((30.419693 -20.387701,49.392799 -20.387701,49.392799 -5.861091,30.419693 -5.861091,30.419693 -20.387701))",,POINT(40.281384 -15.499666),40.281384,-15.499666,"POLYGON((449.5842 -348.9798,673.488 -343.9872,714.888 -111.9072,477.2442 -116.9826,449.5842 -348.9798))",,POINT(589.9812 -270.3282),010300000001000000050000002C6519E258197C40EFC9C342ADCF75C096438B6CE70B8540C7293A92CB7F75C0C976BE9F1A57864099BB96900FFA5BC0EE5A423EE8D37D402D431CEBE23E5DC02C6519E258197C40EFC9C342ADCF75C0,648.964677057757854,589.9812,-270.3282,245.382843935,"POLYGON((0.603025 232.180388,0.801284 242.944111,0.766684 261.103229,0.520634 256.227157,0.603025 232.180388))",,POINT(0.687610388726524 245.382843934575),0.687610388727
600,11504.0,,HMI SHARP,HMI,SDO,"11504,11505",HMI,,,4.99999987369e-05,SDO,,cm,42.5237731934,-15.5709342957,31.9517116547,51.59375,"POLYGON((0.623118 232.819406,0.822731 243.210182,0.790652 261.350391,0.542955 256.715512,0.623118 232.819406))",,POINT(0.713549248286685 246.265102338625),"POLYGON((75.422652 -20.811279,95.064688 -20.811279,95.064688 -5.911551,75.422652 -5.911551,75.422652 -20.811279))",,POINT(85.994713 -15.570934),85.994713,-15.570934,"POLYGON((31.951712 -20.811279,51.593748 -20.811279,51.593748 -5.911551,31.951712 -5.911551,31.951712 -20.811279))",,POINT(42.523773 -15.570934),42.523773,-15.570934,"POLYGON((468.5514 -355.3998,693.138 -349.9746,737.718 -112.2228,498.7206 -117.75,468.5514 -355.3998))",,POINT(616.476 -271.062),010300000001000000050000003B70CE88D2487D400E4FAF94653676C0C976BE9F1AA98540E86A2BF697DF75C039B4C876BE0D87402063EE5A420E5CC0F697DD93872B7F400000000000705DC03B70CE88D2487D400E4FAF94653676C0,673.436906042429541,616.476,-271.062,246.265102339,"POLYGON((0.623118 232.819406,0.822731 243.210182,0.790652 261.350391,0.542955 256.715512,0.623118 232.819406))",,POINT(0.713549248286685 246.265102338625),0.713549248287
601,11507.0,,HMI SHARP,HMI,SDO,"11507,11508,11509",HMI,,,4.99999987369e-05,SDO,,cm,62.7407951355,-27.1356925964,44.9228515625,75.8731079102,"POLYGON((0.817495 226.498559,0.98254 235.824985,0.974427 254.189174,0.738218 247.928385,0.817495 226.498559))",,POINT(0.919944056225994 239.48601508669),"POLYGON((88.39379 -33.123184,119.34405 -33.123184,119.34405 -15.03101,88.39379 -15.03101,88.39379 -33.123184))",,POINT(106.211735 -27.135693),106.211735,-27.135693,"POLYGON((44.92285 -33.123184,75.87311 -33.123184,75.87311 -15.03101,44.92285 -15.03101,44.92285 -33.123184))",,POINT(62.740795 -27.135693),62.740795,-27.135693,"POLYGON((559.6416 -531.1068,767.184 -520.8888,884.856 -250.5696,645.66 -261.8028,559.6416 -531.1068))",,POINT(747.984 -440.8422),01030000000100000005000000E9482EFF217D8140B459F5B9DA9880C0B6F3FDD478F987407AA52C431C4780C0022B8716D9A68B40A779C7293A526FC0E17A14AE472D8440A913D044D85C70C0E9482EFF217D8140B459F5B9DA9880C0,868.229180318676072,747.984,-440.8422,239.486015087,"POLYGON((0.817495 226.498559,0.98254 235.824985,0.974427 254.189174,0.738218 247.928385,0.817495 226.498559))",,POINT(0.919944056225994 239.48601508669),0.919944056226
602,11506.0,,HMI SHARP,HMI,SDO,11506,HMI,,,4.99999987369e-05,SDO,,cm,36.4607925415,11.3374271393,25.0009441376,51.4600219727,"POLYGON((0.434324 284.340153,0.786152 278.37832,0.800768 290.827609,0.491281 304.493226,0.434324 284.340153))",,POINT(0.611071932262154 286.86137038954),"POLYGON((68.471884 7.462228,94.930964 7.462228,94.930964 17.400504,68.471884 17.400504,68.471884 7.462228))",,POINT(79.931733 11.337427),79.931733,11.337427,"POLYGON((25.000944 7.462228,51.460024 7.462228,51.460024 17.400504,25.000944 17.400504,25.000944 7.462228))",,POINT(36.460793 11.337427),36.460793,11.337427,"POLYGON((397.137 101.5254,734.04 108.1098,706.368 268.7136,382.1484 262.5768,397.137 101.5254))",,POINT(551.9268 167.2818),01030000000100000005000000D578E92631D2784061545227A0615940B81E85EB51F08640744694F606075B406DE7FBA9F1128640CF66D5E76ACB70409FABADD85FE277405305A3923A697040D578E92631D2784061545227A0615940,576.720376932773206,551.9268,167.2818,286.86137039,"POLYGON((0.434324 284.340153,0.786152 278.37832,0.800768 290.827609,0.491281 304.493226,0.434324 284.340153))",,POINT(0.611071932262154 286.86137038954),0.611071932262
603,11506.0,,HMI SHARP,HMI,SDO,11506,HMI,,,4.99999987369e-05,SDO,,cm,38.5457992554,11.3378190994,27.2606048584,53.6313705444,"POLYGON((0.468848 283.495235,0.808863 278.302457,0.821225 290.141759,0.518614 302.138329,0.468848 283.495235))",,POINT(0.638327859310873 286.146943873684),"POLYGON((68.5254 7.560785,94.896166 7.560785,94.896166 17.255793,68.5254 17.255793,68.5254 7.560785))",,POINT(79.810595 11.337819),79.810595,11.337819,"POLYGON((27.260605 7.560785,53.631371 7.560785,53.631371 17.255793,27.260605 17.255793,27.260605 7.560785))",,POINT(38.5458 11.337819),38.5458,11.337819,"POLYGON((430.269 103.2606,755.382 110.2314,727.65 266.8836,414.453 260.3724,430.269 103.2606))",,POINT(578.6712 167.5386),01030000000100000005000000FCA9F1D24DE47A409B559FABADD05940931804560E9B8740D712F241CF8E5B403333333333BD8640EEEBC03923AE70406891ED7C3FE779407DD0B359F5457040FCA9F1D24DE47A409B559FABADD05940,602.436337050978295,578.6712,167.5386,286.146943874,"POLYGON((0.468848 283.495235,0.808863 278.302457,0.821225 290.141759,0.518614 302.138329,0.468848 283.495235))",,POINT(0.638327859310873 286.146943873684),0.638327859311
604,11507.0,,HMI SHARP,HMI,SDO,"11507,11508,11509",HMI,,,4.99999987369e-05,SDO,,cm,64.7545547485,-27.3015842438,47.3755722046,77.9986114502,"POLYGON((0.834389 227.916158,0.98775 236.294989,0.983905 247.323509,0.788249 240.240549,0.834389 227.916158))",,POINT(0.931745279704301 239.776312665988),"POLYGON((88.640365 -32.91692,119.263405 -32.91692,119.263405 -21.974076,88.640365 -21.974076,88.640365 -32.91692))",,POINT(106.01935 -27.301584),106.01935,-27.301584,"POLYGON((47.37557 -32.91692,77.99861 -32.91692,77.99861 -21.974076,47.37557 -21.974076,47.37557 -32.91692))",,POINT(64.754555 -27.301584),64.754555,-27.301584,"POLYGON((584.4354 -527.7786,775.512 -517.3002,856.8 -357.9942,645.816 -369.2556,584.4354 -527.7786))",,POINT(759.822 -442.6476),010300000001000000050000006DC5FEB27B4382405305A3923A7E80C06ABC7493183C884013F241CF662A80C06666666666C68A40EE5A423EE85F76C04A0C022B872E8440B98D06F0161477C06DC5FEB27B4382405305A3923A7E80C0,879.355655846802392,759.822,-442.6476,239.776312666,"POLYGON((0.834389 227.916158,0.98775 236.294989,0.983905 247.323509,0.788249 240.240549,0.834389 227.916158))",,POINT(0.931745279704301 239.776312665988),0.931745279704
605,11504.0,,HMI SHARP,HMI,SDO,"11504,11505",HMI,,,4.99999987369e-05,SDO,,cm,44.7090873718,-15.624666214,33.7856712341,53.8131866455,"POLYGON((0.643263 234.186389,0.842076 243.916724,0.813675 261.562249,0.569211 257.24422,0.643263 234.186389))",,POINT(0.737993123110321 247.058283711111),"POLYGON((75.050467 -20.812067,95.077983 -20.812067,95.077983 -5.973677,75.050467 -5.973677,75.050467 -20.812067))",,POINT(85.973882 -15.624666),85.973882,-15.624666,"POLYGON((33.785672 -20.812067,53.813188 -20.812067,53.813188 -5.973677,33.785672 -5.973677,33.785672 -20.812067))",,POINT(44.709087 -15.624666),44.709087,-15.624666,"POLYGON((492.3078 -355.2414,713.79 -349.4238,759.612 -112.6812,523.9476 -118.6128,492.3078 -355.2414))",,POINT(641.406 -271.491),01030000000100000005000000575BB1BFECC47E4012143FC6DC3376C0B81E85EB514E8640B84082E2C7D675C037894160E5BC87404182E2C7982B5CC0840D4FAF945F804048BF7D1D38A75DC0575BB1BFECC47E4012143FC6DC3376C0,696.497681200016586,641.406,-271.491,247.058283711,"POLYGON((0.643263 234.186389,0.842076 243.916724,0.813675 261.562249,0.569211 257.24422,0.643263 234.186389))",,POINT(0.737993123110321 247.058283711111),0.73799312311
606,11506.0,,HMI SHARP,HMI,SDO,11506,HMI,,,4.99999987369e-05,SDO,,cm,40.6400642395,11.3222723007,29.5267353058,55.8143043518,"POLYGON((0.502733 282.703638,0.830506 278.192657,0.840813 289.461622,0.546005 299.980384,0.502733 282.703638))",,POINT(0.664972672776766 285.487141650735),"POLYGON((68.585384 7.616518,94.872954 7.616518,94.872954 17.066186,68.585384 17.066186,68.585384 7.616518))",,POINT(79.698713 11.322272),79.698713,11.322272,"POLYGON((29.526735 7.616518,55.814305 7.616518,55.814305 17.066186,29.526735 17.066186,29.526735 7.616518))",,POINT(40.640064 11.322272),40.640064,11.322272,"POLYGON((462.8454 104.3376,775.8 111.693,748.188 264.3834,446.349 257.496,462.8454 104.3376))",,POINT(604.788 167.5764),010300000001000000050000009D8026C286ED7C404BC8073D9B155A4066666666663E88403108AC1C5AEC5B402FDD24068161874095D4096822867040DD24068195E57B400E2DB29DEF1770409D8026C286ED7C404BC8073D9B155A40,627.574995343950945,604.788,167.5764,285.487141651,"POLYGON((0.502733 282.703638,0.830506 278.192657,0.840813 289.461622,0.546005 299.980384,0.502733 282.703638))",,POINT(0.664972672776766 285.487141650735),0.664972672777
607,11504.0,,HMI SHARP,HMI,SDO,"11504,11505",HMI,,,4.99999987369e-05,SDO,,cm,47.0000114441,-15.721622467,36.0971984863,55.9908790588,"POLYGON((0.669195 235.596827,0.860447 244.409402,0.83507 261.778037,0.601421 257.906766,0.669195 235.596827))",,POINT(0.762860735948106 247.757107283171),"POLYGON((75.155846 -20.937447,95.049526 -20.937447,95.049526 -6.010983,75.155846 -6.010983,75.155846 -20.937447))",,POINT(86.058659 -15.721622),86.058659,-15.721622,"POLYGON((36.097197 -20.937447,55.990877 -20.937447,55.990877 -6.010983,36.097197 -6.010983,36.097197 -20.937447))",,POINT(47.00001 -15.721622),47.00001,-15.721622,"POLYGON((521.0886 -356.8392,732.396 -350.7576,780.006 -112.7058,555.0012 -118.9134,521.0886 -356.8392))",,POINT(666.384 -272.5284),0103000000010000000500000068B3EA73B5488040DAACFA5C6D4D76C0BA490C022BE3864032772D211FEC75C0355EBA490C6088401361C3D32B2D5CC00B46257502588140A60A462575BA5DC068B3EA73B5488040DAACFA5C6D4D76C0,719.957890617611042,666.384,-272.5284,247.757107283,"POLYGON((0.669195 235.596827,0.860447 244.409402,0.83507 261.778037,0.601421 257.906766,0.669195 235.596827))",,POINT(0.762860735948106 247.757107283171),0.762860735948
608,11507.0,,HMI SHARP,HMI,SDO,"11507,11508,11509",HMI,,,4.99999987369e-05,SDO,,cm,66.6814422607,-27.457824707,50.1486320496,80.3393630981,"POLYGON((0.853414 229.307725,0.992481 236.686977,0.989959 247.55869,0.8136 241.350557,0.853414 229.307725))",,POINT(0.942189954054262 240.021490437437),"POLYGON((89.207279 -32.771109,119.398011 -32.771109,119.398011 -21.946221,89.207279 -21.946221,89.207279 -32.771109))",,POINT(105.740089 -27.457825),105.740089,-27.457825,"POLYGON((50.14863 -32.771109,80.339362 -32.771109,80.339362 -21.946221,50.14863 -21.946221,50.14863 -32.771109))",,POINT(66.68144 -27.457825),66.68144,-27.457825,"POLYGON((610.686 -525.1296,782.754 -514.428,863.532 -356.6508,673.836 -368.142,610.686 -525.1296))",,POINT(770.238 -444.312),01030000000100000005000000736891ED7C1583407E8CB96B096980C079E92631087688408195438B6C1380C0C74B378941FC8A40CAC342AD694A76C0A69BC420B00E854083C0CAA1450277C0736891ED7C1583407E8CB96B096980C0,889.201737508424003,770.238,-444.312,240.021490437,"POLYGON((0.853414 229.307725,0.992481 236.686977,0.989959 247.55869,0.8136 241.350557,0.853414 229.307725))",,POINT(0.942189954054262 240.021490437437),0.942189954054
609,11507.0,,HMI SHARP,HMI,SDO,"11507,11508,11509",HMI,,,4.99999987369e-05,SDO,,cm,68.3613586426,-27.624080658,52.6652297974,82.3228683472,"POLYGON((0.870232 230.427661,0.995617 236.955349,0.994007 247.628253,0.835852 242.136518,0.870232 230.427661))",,POINT(0.950654583984808 240.177008471525),"POLYGON((89.517731 -32.675855,119.175373 -32.675855,119.175373 -22.024745,89.517731 -22.024745,89.517731 -32.675855))",,POINT(105.213862 -27.62408),105.213862,-27.62408,"POLYGON((52.665229 -32.675855,82.322871 -32.675855,82.322871 -22.024745,52.665229 -22.024745,52.665229 -32.675855))",,POINT(68.36136 -27.62408),68.36136,-27.62408,"POLYGON((633.06 -523.1982,787.626 -512.3634,867.486 -357.0516,697.38 -368.6748,633.06 -523.1982))",,POINT(778.362 -446.187),0103000000010000000500000014AE47E17AC883408AB0E1E9955980C05EBA490C029D8840EE5A423EE80280C0D9CEF753E31B8B409487855AD35076C0D7A3703D0ACB854074B515FBCB0A77C014AE47E17AC883408AB0E1E9955980C0,897.179046797794967,778.362,-446.187,240.177008472,"POLYGON((0.870232 230.427661,0.995617 236.955349,0.994007 247.628253,0.835852 242.136518,0.870232 230.427661))",,POINT(0.950654583984808 240.177008471525),0.950654583985
610,11510.0,,HMI SHARP,HMI,SDO,11510,HMI,,,4.99999987369e-05,SDO,,cm,-19.0535850525,-16.2478637695,-19.9653263092,-18.7455558777,"POLYGON((0.450641 133.143036,0.436869 134.895111,0.430429 133.843847,0.444492 132.094573,0.450641 133.143036))",,POINT(0.438126285784418 134.084718901438),"POLYGON((16.887175 -16.456881,18.106945 -16.456881,18.106945 -15.846631,16.887175 -15.846631,16.887175 -16.456881))",,POINT(17.798917 -16.247864),17.798917,-16.247864,"POLYGON((-19.965327 -16.456881,-18.745557 -16.456881,-18.745557 -15.846631,-19.965327 -15.846631,-19.965327 -16.456881))",,POINT(-19.053585 -16.247864),-19.053585,-16.247864,"POLYGON((-310.314 -290.8242,-292.0692 -291.0018,-292.9758 -281.3844,-311.277 -281.2068,-310.314 -290.8242))",,POINT(-297.0084 -287.6676),010300000001000000050000001B2FDD24066573C0D0D556EC2F2D72C0228E75711B4172C020D26F5F073072C0FDF675E09C4F72C052499D80269671C0DF4F8D976E7473C0014D840D4F9371C01B2FDD24066573C0D0D556EC2F2D72C0,413.481121407398689,-297.0084,-287.6676,134.084718901,"POLYGON((0.450641 133.143036,0.436869 134.895111,0.430429 133.843847,0.444492 132.094573,0.450641 133.143036))",,POINT(0.438126285784418 134.084718901438),0.438126285784
611,11506.0,,HMI SHARP,HMI,SDO,11506,HMI,,,4.99999987369e-05,SDO,,cm,42.9384307861,11.2796278,31.7406234741,57.9459075928,"POLYGON((0.535379 282.195016,0.850536 278.197799,0.859105 288.913574,0.573167 298.193186,0.535379 282.195016))",,POINT(0.69330945609265 284.81169389252),"POLYGON((68.593125 7.750413,94.798411 7.750413,94.798411 16.933635,68.593125 16.933635,68.593125 7.750413))",,POINT(79.790932 11.279628),79.790932,11.279628,"POLYGON((31.740623 7.750413,57.945909 7.750413,57.945909 16.933635,31.740623 16.933635,31.740623 7.750413))",,POINT(42.93843 11.279628),42.93843,11.279628,"POLYGON((493.8612 106.7316,794.49 114.4566,767.004 262.8072,476.7498 255.558,493.8612 106.7316))",,POINT(632.568 167.2698),010300000001000000050000000BB5A679C7DD7E403B70CE88D2AE5A4052B81E85EBD38840A1D634EF389D5C4079E9263108F887404D158C4AEA6C7040A7E8482EFFCB7D4060E5D022DBF16F400BB5A679C7DD7E403B70CE88D2AE5A40,654.309911751335108,632.568,167.2698,284.811693893,"POLYGON((0.535379 282.195016,0.850536 278.197799,0.859105 288.913574,0.573167 298.193186,0.535379 282.195016))",,POINT(0.69330945609265 284.81169389252),0.693309456093
612,11504.0,,HMI SHARP,HMI,SDO,"11504,11505",HMI,,,4.99999987369e-05,SDO,,cm,49.2235145569,-15.725060463,38.5150489807,58.2566490173,"POLYGON((0.695472 236.998703,0.878355 244.937797,0.856064 261.981254,0.634158 258.513533,0.695472 236.998703))",,POINT(0.785789546293477 248.477583322039),"POLYGON((75.367552 -21.00569,95.109152 -21.00569,95.109152 -6.050968,75.367552 -6.050968,75.367552 -21.00569))",,POINT(86.076017 -15.72506),86.076017,-15.72506,"POLYGON((38.51505 -21.00569,58.25665 -21.00569,58.25665 -6.050968,38.51505 -6.050968,38.51505 -21.00569))",,POINT(49.223515 -15.72506),49.223515,-15.72506,"POLYGON((550.4538 -357.4866,750.9 -351.1434,800.01 -112.701,586.4994 -119.1804,550.4538 -357.4866))",,POINT(689.88 -272.0628),0103000000010000000500000066F7E461A1338140BDE3141DC95776C03333333333778740F163CC5D4BF275C0AE47E17A14008940BE9F1A2FDD2C5CC0FB5C6DC5FE538240B30C71AC8BCB5DC066F7E461A1338140BDE3141DC95776C0,741.587878503849311,689.88,-272.0628,248.477583322,"POLYGON((0.695472 236.998703,0.878355 244.937797,0.856064 261.981254,0.634158 258.513533,0.695472 236.998703))",,POINT(0.785789546293477 248.477583322039),0.785789546293
613,11506.0,,HMI SHARP,HMI,SDO,11506,HMI,,,4.99999987369e-05,SDO,,cm,44.9684371948,11.3834590912,33.979598999,59.9223518372,"POLYGON((0.567466 281.632103,0.86803 278.141111,0.875339 288.591208,0.601208 296.801171,0.567466 281.632103))",,POINT(0.71781759393623 284.473375464923),"POLYGON((68.625952 7.811512,94.568704 7.811512,94.568704 16.937024,68.625952 16.937024,68.625952 7.811512))",,POINT(79.614791 11.383459),79.614791,11.383459,"POLYGON((33.979598 7.811512,59.92235 7.811512,59.92235 16.937024,33.979598 16.937024,33.979598 7.811512))",,POINT(44.968437 11.383459),44.968437,11.383459,"POLYGON((524.5404 107.979,810.936 116.007,782.982 263.3688,506.4324 255.8304,524.5404 107.979))",,POINT(655.932 169.3104),0103000000010000000500000011363CBD526480402DB29DEFA7FE5A40736891ED7C5789409CC420B072005D4060E5D022DB7788403D2CD49AE6757040A52C431CEBA67F40265305A392FA6F4011363CBD526480402DB29DEFA7FE5A40,677.431029826771351,655.932,169.3104,284.473375465,"POLYGON((0.567466 281.632103,0.86803 278.141111,0.875339 288.591208,0.601208 296.801171,0.567466 281.632103))",,POINT(0.71781759393623 284.473375464923),0.717817593936
614,11507.0,,HMI SHARP,HMI,SDO,"11507,11508,11509",HMI,,,4.99999987369e-05,SDO,,cm,70.2214736938,-27.8196678162,62.014465332,84.614151001,"POLYGON((0.926394 233.498262,0.998209 237.124267,0.997419 247.317054,0.907768 244.240922,0.926394 233.498262))",,POINT(0.959271048401207 240.310763160871),"POLYGON((96.660821 -32.668004,119.260507 -32.668004,119.260507 -22.477748,96.660821 -22.477748,96.660821 -32.668004))",,POINT(104.867824 -27.819668),104.867824,-27.819668,"POLYGON((62.014467 -32.668004,84.614153 -32.668004,84.614153 -22.477748,62.014467 -22.477748,62.014467 -32.668004))",,POINT(70.22147 -27.819668),70.22147,-27.819668,"POLYGON((702.774 -520.0584,791.178 -511.3608,868.494 -362.9952,771.564 -372.309,702.774 -520.0584))",,POINT(786.456 -448.3908),01030000000100000005000000D578E92631F68540B1506B9A774080C08195438B6CB98840598638D6C5F57FC0CBA145B6F3238B40ABCFD556ECAF76C08D976E12831C88406DE7FBA9F14477C0D578E92631F68540B1506B9A774080C0,905.299590997720429,786.456,-448.3908,240.310763161,"POLYGON((0.926394 233.498262,0.998209 237.124267,0.997419 247.317054,0.907768 244.240922,0.926394 233.498262))",,POINT(0.959271048401207 240.310763160871),0.959271048401
615,11504.0,,HMI SHARP,HMI,SDO,"11504,11505",HMI,,,4.99999987369e-05,SDO,,cm,51.3695297241,-15.6927671432,41.670135498,60.545211792,"POLYGON((0.728559 238.698099,0.895248 245.465151,0.875874 262.254805,0.675093 259.332839,0.728559 238.698099))",,POINT(0.806947429481607 249.152825789822),"POLYGON((76.31649 -21.0317,95.191566 -21.0317,95.191566 -6.014934,76.31649 -6.014934,76.31649 -21.0317))",,POINT(86.015884 -15.692767),86.015884,-15.692767,"POLYGON((41.670136 -21.0317,60.545212 -21.0317,60.545212 -6.014934,41.670136 -6.014934,41.670136 -21.0317))",,POINT(51.36953 -15.692767),51.36953,-15.692767,"POLYGON((587.487 -357.2244,768.594 -350.8332,819.054 -111.3984,626.1 -117.9312,587.487 -357.2244))",,POINT(711.69 -271.0164),0103000000010000000500000037894160E55B82408F537424975376C0986E1283C00488406FF085C954ED75C0DF4F8D976E9889407DAEB6627FD95BC0CDCCCCCCCC9083404182E2C7987B5DC037894160E55B82408F537424975376C0,761.546154326157648,711.69,-271.0164,249.15282579,"POLYGON((0.728559 238.698099,0.895248 245.465151,0.875874 262.254805,0.675093 259.332839,0.728559 238.698099))",,POINT(0.806947429481607 249.152825789822),0.806947429482
616,11510.0,,HMI SHARP,HMI,SDO,11510,HMI,,,4.99999987369e-05,SDO,,cm,-16.4284000397,-16.2398891449,-18.5058040619,-14.9948167801,"POLYGON((0.441133 136.320255,0.404686 142.140956,0.384465 139.342903,0.423323 133.4607,0.441133 136.320255))",,POINT(0.409389626894295 138.237251622571),"POLYGON((16.140551 -17.078305,19.651537 -17.078305,19.651537 -15.409679,16.140551 -15.409679,16.140551 -17.078305))",,POINT(18.217954 -16.23989),18.217954,-16.23989,"POLYGON((-18.505803 -17.078305,-14.994817 -17.078305,-14.994817 -15.409679,-18.505803 -15.409679,-18.505803 -17.078305))",,POINT(-16.4284 -16.23989),-16.4284,-16.23989,"POLYGON((-287.5176 -301.083,-234.3906 -301.5324,-236.3976 -275.2542,-289.9794 -274.8024,-287.5176 -301.083))",,POINT(-257.3316 -288.1866),010300000001000000050000008E06F01648F871C017D9CEF753D172C02A3A92CB7F4C6DC03FC6DCB584D872C0789CA223B98C6DC04BEA0434113471C03D9B559FAB1F72C0F7E461A1D62C71C08E06F01648F871C017D9CEF753D172C0,386.356142410237851,-257.3316,-288.1866,138.237251623,"POLYGON((0.441133 136.320255,0.404686 142.140956,0.384465 139.342903,0.423323 133.4607,0.441133 136.320255))",,POINT(0.409389626894295 138.237251622571),0.409389626894
617,11505.0,AXX,SWPC,nil,nil,,various,,,5e-05,various,,cm,52.0,-13.0,51.5,52.5,"POLYGON((0.802162 252.332972,0.812016 252.58184,0.811588 252.831336,0.801719 252.585401,0.802162 252.332972))",,POINT(0.80689519498532 252.584152530092),"POLYGON((86.146354 -13.103132,87.146354 -13.103132,87.146354 -12.896868,86.146354 -12.896868,86.146354 -13.103132))",,POINT(86.646354 -13),86.646354,-13.0,"POLYGON((51.5 -13.103132,52.5 -13.103132,52.5 -12.896868,51.5 -12.896868,51.5 -13.103132))",,POINT(52 -13),52.0,-13.0,"POLYGON((721.326 -229.7472,731.19 -229.3956,731.796 -226.0902,721.932 -226.4418,721.326 -229.7472))",,POINT(726.588 -227.9196),01030000000100000005000000F853E3A59B8A86404772F90FE9B76CC0EC51B81E85D9864086C954C1A8AC6CC0EE7C3F355EDE86402D431CEBE2426CC0FA7E6ABC748F8640EEEBC039234E6CC0F853E3A59B8A86404772F90FE9B76CC0,761.496858698813071,726.588,-227.9196,252.58415253,"POLYGON((0.802162 252.332972,0.812016 252.58184,0.811588 252.831336,0.801719 252.585401,0.802162 252.332972))",,POINT(0.80689519498532 252.584152530092),0.806895194985
618,11504.0,EKC,SWPC,nil,nil,,various,,,5e-05,various,,cm,52.0,-17.0,46.5,57.5,"POLYGON((0.764199 245.123605,0.865845 248.494212,0.863438 249.960106,0.759823 246.749066,0.764199 245.123605))",,POINT(0.816243354369554 247.772503712094),"POLYGON((81.146354 -17.64692,92.146354 -17.64692,92.146354 -16.35308,81.146354 -16.35308,81.146354 -17.64692))",,POINT(86.646354 -17),86.646354,-17.0,"POLYGON((46.5 -17.64692,57.5 -17.64692,57.5 -16.35308,46.5 -16.35308,46.5 -17.64692))",,POINT(52 -17),52.0,-17.0,"POLYGON((654.288 -303.3828,760.242 -299.556,765.522 -279.231,658.836 -283.071,654.288 -303.3828))",,POINT(713.076 -291.4002),01030000000100000005000000FCA9F1D24D7284408A8EE4F21FF672C00E2DB29DEFC1874037894160E5B872C01904560E2DEC874004560E2DB27371C0A69BC420B09684404260E5D022B171C0FCA9F1D24D7284408A8EE4F21FF672C0,770.319062685092831,713.076,-291.4002,247.772503712,"POLYGON((0.764199 245.123605,0.865845 248.494212,0.863438 249.960106,0.759823 246.749066,0.764199 245.123605))",,POINT(0.816243354369554 247.772503712094),0.81624335437
619,11506.0,CRO,SWPC,nil,nil,,various,,,5e-05,various,,cm,41.0,13.0,39.5,42.5,"POLYGON((0.654921 288.238166,0.691885 287.307221,0.692061 287.40488,0.655127 288.340808,0.654921 288.238166))",,POINT(0.673685364614044 287.803699433863),"POLYGON((74.146354 12.965623,77.146354 12.965623,77.146354 13.034377,74.146354 13.034377,74.146354 12.965623))",,POINT(75.646354 13),75.646354,13.0,"POLYGON((39.5 12.965623,42.5 12.965623,42.5 13.034377,39.5 13.034377,39.5 12.965623))",,POINT(41 13),41.0,13.0,"POLYGON((587.0238 193.437,623.394 194.2518,623.22 195.3636,586.8606 194.5494,587.0238 193.437))",,POINT(605.334 194.3946),0103000000010000000500000029ED0DBE30588240448B6CE7FB2D6840FED478E9267B834040A4DFBE0E486840F6285C8FC27983406B9A779CA26B684080B74082E2568240840D4FAF9451684029ED0DBE30588240448B6CE7FB2D6840,635.781811681617796,605.334,194.3946,287.803699434,"POLYGON((0.654921 288.238166,0.691885 287.307221,0.692061 287.40488,0.655127 288.340808,0.654921 288.238166))",,POINT(0.673685364614044 287.803699433863),0.673685364614
620,11508.0,HRX,SWPC,nil,nil,,various,,,5e-05,various,,cm,70.0,-28.0,69.5,70.5,"POLYGON((0.956614 239.679577,0.960903 239.857783,0.960339 240.491315,0.95599 240.314811,0.956614 239.679577))",,POINT(0.95848646813208 240.086865280266),"POLYGON((104.146354 -28.309396,105.146354 -28.309396,105.146354 -27.690604,104.146354 -27.690604,104.146354 -28.309396))",,POINT(104.646354 -28),104.646354,-28.0,"POLYGON((69.5 -28.309396,70.5 -28.309396,70.5 -27.690604,69.5 -27.690604,69.5 -28.309396))",,POINT(70 -28),70.0,-28.0,"POLYGON((779.304 -455.7612,784.218 -455.3676,788.742 -446.4066,783.798 -446.802,779.304 -455.7612))",,POINT(784.056 -451.0914),01030000000100000005000000DF4F8D976E5A8840711B0DE02D7C7CC039B4C876BE81884027A089B0E1757CC00E2DB29DEFA58840DC68006F81E67BC0AAF1D24D627E884046B6F3FDD4EC7BC0DF4F8D976E5A8840711B0DE02D7C7CC0,904.559153560429195,784.056,-451.0914,240.08686528,"POLYGON((0.956614 239.679577,0.960903 239.857783,0.960339 240.491315,0.95599 240.314811,0.956614 239.679577))",,POINT(0.95848646813208 240.086865280266),0.958486468132
621,11507.0,CSO,SWPC,nil,nil,,various,,,5e-05,various,,cm,77.0,-25.0,73.0,81.0,"POLYGON((0.968494 243.532138,0.992065 244.433786,0.992025 244.641039,0.96836 243.742978,0.968494 243.532138))",,POINT(0.982156832908925 244.147294773155),"POLYGON((107.646354 -25.103132,115.646354 -25.103132,115.646354 -24.896868,107.646354 -24.896868,107.646354 -25.103132))",,POINT(111.646354 -25),111.646354,-25.0,"POLYGON((73 -25.103132,81 -25.103132,81 -24.896868,73 -24.896868,73 -25.103132))",,POINT(77 -25),77.0,-25.0,"POLYGON((818.202 -407.3676,844.578 -404.0418,846 -400.968,819.582 -404.298,818.202 -407.3676))",,POINT(834.132 -404.1822),01030000000100000005000000560E2DB29D91894027A089B0E17579C0B4C876BE9F648A40910F7A36AB4079C00000000000708A40736891ED7C0F79C02DB29DEFA79C894054E3A59BC44479C0560E2DB29D91894027A089B0E17579C0,926.897752840538601,834.132,-404.1822,244.147294773,"POLYGON((0.968494 243.532138,0.992065 244.433786,0.992025 244.641039,0.96836 243.742978,0.968494 243.532138))",,POINT(0.982156832908925 244.147294773155),0.982156832909
622,11506.0,,HMI SHARP,HMI,SDO,11506,HMI,,,4.99999987369e-05,SDO,,cm,46.7666397095,11.392074585,36.2235946655,62.08253479,"POLYGON((0.598924 281.22875,0.886004 278.14397,0.892049 288.271724,0.628881 295.559206,0.598924 281.22875))",,POINT(0.738678842128889 284.095112889933),"POLYGON((68.6638 7.920801,94.52274 7.920801,94.52274 16.934837,68.6638 16.934837,68.6638 7.920801))",,POINT(79.206845 11.392075),79.206845,11.392075,"POLYGON((36.223595 7.920801,62.082535 7.920801,62.082535 16.934837,36.223595 16.934837,36.223595 7.920801))",,POINT(46.76664 11.392075),46.76664,11.392075,"POLYGON((554.4006 110.0634,827.712 118.449,799.404 263.94,535.4118 256.0578,554.4006 110.0634))",,POINT(676.122 169.7688),0103000000010000000500000039D6C56D3453814040A4DFBE0E845B4004560E2DB2DD8940DBF97E6ABC9C5D40AC1C5A643BFB8840D7A3703D0A7F7040F163CC5D4BBB8040575BB1BFEC00704039D6C56D3453814040A4DFBE0E845B40,697.110037467141979,676.122,169.7688,284.09511289,"POLYGON((0.598924 281.22875,0.886004 278.14397,0.892049 288.271724,0.628881 295.559206,0.598924 281.22875))",,POINT(0.738678842128889 284.095112889933),0.738678842129
623,11504.0,,HMI SHARP,HMI,SDO,"11504,11505",HMI,,,4.99999987369e-05,SDO,,cm,53.6042518616,-15.7499628067,44.0894889832,62.8957519531,"POLYGON((0.753249 239.839062,0.911406 245.951616,0.894853 262.412808,0.705372 259.762684,0.753249 239.839062))",,POINT(0.828221598657379 249.688814968055),"POLYGON((76.529696 -21.060706,95.335958 -21.060706,95.335958 -6.06884,76.529696 -6.06884,76.529696 -21.060706))",,POINT(86.044455 -15.749963),86.044455,-15.749963,"POLYGON((44.089491 -21.060706,62.895753 -21.060706,62.895753 -6.06884,44.089491 -6.06884,44.089491 -21.060706))",,POINT(53.60425 -15.749963),53.60425,-15.749963,"POLYGON((614.622 -357.1578,785.46 -350.5044,837.102 -111.5028,655.08 -118.308,614.622 -357.1578))",,POINT(733.014 -271.3128),01030000000100000005000000E5D022DBF9348340F1F44A59865276C048E17A14AE8B8840A301BC0512E875C0894160E5D0288A40711B0DE02DE05BC0713D0AD7A3788440C1CAA145B6935DC0E5D022DBF9348340F1F44A59865276C0,781.613817457086725,733.014,-271.3128,249.688814968,"POLYGON((0.753249 239.839062,0.911406 245.951616,0.894853 262.412808,0.705372 259.762684,0.753249 239.839062))",,POINT(0.828221598657379 249.688814968055),0.828221598657
624,11510.0,,HMI SHARP,HMI,SDO,11510,HMI,,,4.99999987369e-05,SDO,,cm,-14.0681085587,-16.1275405884,-16.8063697815,-11.7150592804,"POLYGON((0.426474 139.472831,0.378614 149.065697,0.345667 145.245068,0.398798 135.286454,0.426474 139.472831))",,POINT(0.384018062296787 142.363166918364),"POLYGON((15.633835 -17.353998,20.725145 -17.353998,20.725145 -14.912546,15.633835 -14.912546,15.633835 -17.353998))",,POINT(18.372096 -16.12754),18.372096,-16.12754,"POLYGON((-16.80637 -17.353998,-11.71506 -17.353998,-11.71506 -14.912546,-16.80637 -14.912546,-16.80637 -17.353998))",,POINT(-14.068109 -16.12754),-14.068109,-16.12754,"POLYGON((-261.531 -305.9196,-183.6756 -306.483,-185.9646 -268.0176,-264.7902 -267.4512,-261.531 -305.9196))",,POINT(-221.3058 -286.9896),01030000000100000005000000D122DBF97E5870C06D567DAEB61E73C0AF25E4839EF566C07D3F355EBA2773C017B7D100DE3E67C08E06F01648C070C0CA54C1A8A48C70C048BF7D1D38B770C0D122DBF97E5870C06D567DAEB61E73C0,362.407626329524135,-221.3058,-286.9896,142.363166918,"POLYGON((0.426474 139.472831,0.378614 149.065697,0.345667 145.245068,0.398798 135.286454,0.426474 139.472831))",,POINT(0.384018062296787 142.363166918364),0.384018062297
625,11507.0,,HMI SHARP,HMI,SDO,"11507,11508,11509",HMI,,,4.99999987369e-05,SDO,,cm,71.8653106689,-27.945476532,64.2726821899,87.9959640503,"POLYGON((0.937881 234.141132,0.999961 237.349927,0.999861 247.383543,0.922311 244.633969,0.937881 234.141132))",,POINT(0.966171821122985 240.453181179307),"POLYGON((96.712884 -32.605227,120.436166 -32.605227,120.436166 -22.565221,96.712884 -22.565221,96.712884 -32.605227))",,POINT(104.305515 -27.945477),104.305515,-27.945477,"POLYGON((64.272679 -32.605227,87.995961 -32.605227,87.995961 -22.565221,64.272679 -22.565221,64.272679 -32.605227))",,POINT(71.86531 -27.945477),71.86531,-27.945477,"POLYGON((717.342 -518.4846,794.568 -509.1264,871.032 -362.8692,786.492 -372.8826,717.342 -518.4846))",,POINT(793.224 -449.6406),01030000000100000005000000DBF97E6ABC6A864022FDF675E03380C0068195438BD488406EA301BC05D27FC0C74B378941388B40EE5A423EE8AD76C00E2DB29DEF93884032772D211F4E77C0DBF97E6ABC6A864022FDF675E03380C0,911.80095599004494,793.224,-449.6406,240.453181179,"POLYGON((0.937881 234.141132,0.999961 237.349927,0.999861 247.383543,0.922311 244.633969,0.937881 234.141132))",,POINT(0.966171821122985 240.453181179307),0.966171821123
626,11510.0,,HMI SHARP,HMI,SDO,11510,HMI,,,4.99999987369e-05,SDO,,cm,-11.8599157333,-16.1135139465,-15.4072742462,-8.53816318512,"POLYGON((0.417699 142.537617,0.361306 156.858905,0.313211 152.55548,0.378937 137.029694,0.417699 142.537617))",,POINT(0.363311142864949 146.921127011658),"POLYGON((14.82678 -17.770131,21.695892 -17.770131,21.695892 -14.518317,14.82678 -14.518317,14.82678 -17.770131))",,POINT(18.374139 -16.113514),18.374139,-16.113514,"POLYGON((-15.407275 -17.770131,-8.538163 -17.770131,-8.538163 -14.518317,-15.407275 -14.518317,-15.407275 -17.770131))",,POINT(-11.859916 -16.113514),-11.859916,-16.113514,"POLYGON((-239.7612 -312.888,-133.9998 -313.5348,-136.2306 -262.3164,-243.7524 -261.6642,-239.7612 -312.888))",,POINT(-187.1316 -287.2908),01030000000100000005000000E3361AC05BF86DC091ED7C3F358E73C04ED1915CFEBF60C06ADE718A8E9873C0A54E4013610761C0454772F90F6570C055302AA913786EC00DE02D90A05A70C0E3361AC05BF86DC091ED7C3F358E73C0,342.861837309432872,-187.1316,-287.2908,146.921127012,"POLYGON((0.417699 142.537617,0.361306 156.858905,0.313211 152.55548,0.378937 137.029694,0.417699 142.537617))",,POINT(0.363311142864949 146.921127011658),0.363311142865
627,11504.0,,HMI SHARP,HMI,SDO,"11504,11505",HMI,,,4.99999987369e-05,SDO,,cm,55.8657417297,-15.8566255569,46.7496490479,65.1574401855,"POLYGON((0.779503 240.960125,0.92579 246.362939,0.91174 262.488445,0.737334 260.116933,0.779503 240.960125))",,POINT(0.848738734772363 250.122401270788),"POLYGON((76.983703 -21.097876,95.391497 -21.097876,95.391497 -6.176394,76.983703 -6.176394,76.983703 -21.097876))",,POINT(86.099795 -15.856626),86.099795,-15.856626,"POLYGON((46.749648 -21.097876,65.157442 -21.097876,65.157442 -6.176394,46.749648 -6.176394,46.749648 -21.097876))",,POINT(55.86574 -15.856626),55.86574,-15.856626,"POLYGON((643.146 -357.087,800.382 -350.295,853.038 -112.4796,685.506 -119.4312,643.146 -357.087))",,POINT(753.246 -272.3382),01030000000100000005000000BA490C022B19844008AC1C5A645176C0931804560E0389401F85EB51B8E475C0FCA9F1D24DA88A4058CA32C4B11E5CC0355EBA490C6C85404182E2C798DB5DC0BA490C022B19844008AC1C5A645176C0,800.966685758677386,753.246,-272.3382,250.122401271,"POLYGON((0.779503 240.960125,0.92579 246.362939,0.91174 262.488445,0.737334 260.116933,0.779503 240.960125))",,POINT(0.848738734772363 250.122401270788),0.848738734772
628,11506.0,,HMI SHARP,HMI,SDO,11506,HMI,,,4.99999987369e-05,SDO,,cm,48.5621566772,11.4343442917,38.5000228882,64.0886611938,"POLYGON((0.629545 280.523501,0.901516 277.917004,0.906575 288.019973,0.656477 294.458953,0.629545 280.523501))",,POINT(0.758901195603794 283.797490751983),"POLYGON((68.73408 7.805066,94.322714 7.805066,94.322714 16.943512,68.73408 16.943512,68.73408 7.805066))",,POINT(78.796212 11.434344),78.796212,11.434344,"POLYGON((38.500025 7.805066,64.088659 7.805066,64.088659 16.943512,38.500025 16.943512,38.500025 7.805066))",,POINT(48.562157 11.434344),48.562157,11.434344,"POLYGON((584.1174 108.5076,842.664 117.1842,813.582 264.6624,563.9292 256.5096,584.1174 108.5076))",,POINT(695.52 170.8038),010300000001000000050000006744696FF0408240C6DCB5847C205B405A643BDF4F558A4016FBCBEEC94B5D402DB29DEFA76C8940ED0DBE30998A70408CDB68006F9F8140AA605452270870406744696FF0408240C6DCB5847C205B40,716.185736031122019,695.52,170.8038,283.797490752,"POLYGON((0.629545 280.523501,0.901516 277.917004,0.906575 288.019973,0.656477 294.458953,0.629545 280.523501))",,POINT(0.758901195603794 283.797490751983),0.758901195604
629,11507.0,,HMI SHARP,HMI,SDO,"11507,11508,11509",HMI,,,4.99999987369e-05,SDO,,cm,73.5707550049,-28.1318836212,66.5085525513,88.8913192749,"POLYGON((0.948318 234.790841,1.000011 237.505546,1.000006 247.29912,0.935592 244.95134,0.948318 234.790841))",,POINT(0.972702040390674 240.521647365603),"POLYGON((96.742608 -32.4777,119.125374 -32.4777,119.125374 -22.678734,96.742608 -22.678734,96.742608 -32.4777))",,POINT(103.80481 -28.131884),103.80481,-28.131884,"POLYGON((66.508553 -32.4777,88.891319 -32.4777,88.891319 -22.678734,66.508553 -22.678734,66.508553 -32.4777))",,POINT(73.570755 -28.131884),73.570755,-28.131884,"POLYGON((731.214 -515.9898,795.978 -506.9856,870.612 -364.2006,799.89 -373.8222,731.214 -515.9898))",,POINT(799.116 -451.7196),01030000000100000005000000C1CAA145B6D98640A52C431CEB1F80C0E7FBA9F1D2DF8840006F8104C5AF7FC037894160E5348B403E7958A835C376C085EB51B81EFF884057EC2FBB275D77C0C1CAA145B6D98640A52C431CEB1F80C0,917.952601434387816,799.116,-451.7196,240.521647366,"POLYGON((0.948318 234.790841,1.000011 237.505546,1.000006 247.29912,0.935592 244.95134,0.948318 234.790841))",,POINT(0.972702040390674 240.521647365603),0.972702040391
630,11504.0,,HMI SHARP,HMI,SDO,"11504,11505",HMI,,,4.99999987369e-05,SDO,,cm,58.0512237549,-15.8583965302,48.4676628113,67.3498001099,"POLYGON((0.796009 241.589977,0.938597 246.711059,0.926832 262.375955,0.757473 260.057589,0.796009 241.589977))",,POINT(0.867286353483397 250.612527377774),"POLYGON((76.495565 -21.143097,95.377703 -21.143097,95.377703 -6.442595,76.495565 -6.442595,76.495565 -21.143097))",,POINT(86.079128 -15.858397),86.079128,-15.858397,"POLYGON((48.467661 -21.143097,67.349799 -21.143097,67.349799 -6.442595,48.467661 -6.442595,48.467661 -21.143097))",,POINT(58.051224 -15.858397),58.051224,-15.858397,"POLYGON((660.726 -357.4026,813.588 -350.2002,866.922 -116.0424,704.094 -123.4212,660.726 -357.4026))",,POINT(772.05 -271.692),010300000001000000050000002B8716D9CEA58440EA95B20C715676C062105839B46C89408C4AEA0434E375C04C37894160178B406D567DAEB6025DC0986E1283C0008640D044D8F0F4DA5EC02B8716D9CEA58440EA95B20C715676C0,818.460594875525999,772.05,-271.692,250.612527378,"POLYGON((0.796009 241.589977,0.938597 246.711059,0.926832 262.375955,0.757473 260.057589,0.796009 241.589977))",,POINT(0.867286353483397 250.612527377774),0.867286353483
631,11510.0,,HMI SHARP,HMI,SDO,11510,HMI,,,4.99999987369e-05,SDO,,cm,-9.73241233826,-16.0933876038,-13.6297101974,-6.06935167313,"POLYGON((0.401407 145.84889,0.34784 163.099904,0.295416 159.626022,0.358987 140.3239,0.401407 145.84889))",,POINT(0.345533774500514 151.829727213694),"POLYGON((14.398193 -17.77678,21.958553 -17.77678,21.958553 -14.428772,14.398193 -14.428772,14.398193 -17.77678))",,POINT(18.295492 -16.093388),18.295492,-16.093388,"POLYGON((-13.629711 -17.77678,-6.069351 -17.77678,-6.069351 -14.428772,-13.629711 -14.428772,-13.629711 -17.77678))",,POINT(-9.732412 -16.093388),-9.732412,-16.093388,"POLYGON((-212.655 -313.4874,-95.4258 -314.0814,-97.0578 -261.3438,-216.291 -260.745,-212.655 -313.4874))",,POINT(-153.9408 -287.4564),01030000000100000005000000295C8FC2F5946AC02041F163CC9773C0C1A8A44E40DB57C04F1E166A4DA173C05D6DC5FEB24358C0D6C56D34805570C05A643BDF4F096BC052B81E85EB4B70C0295C8FC2F5946AC02041F163CC9773C0,326.081204312054751,-153.9408,-287.4564,151.829727214,"POLYGON((0.401407 145.84889,0.34784 163.099904,0.295416 159.626022,0.358987 140.3239,0.401407 145.84889))",,POINT(0.345533774500514 151.829727213694),0.345533774501
632,11506.0,,HMI SHARP,HMI,SDO,11506,HMI,,,4.99999987369e-05,SDO,,cm,50.5254516602,11.4782085419,40.7896957397,65.6402816772,"POLYGON((0.659621 280.05233,0.912796 277.834157,0.917099 287.799565,0.683437 293.417508,0.659621 280.05233))",,POINT(0.780228357840879 283.505194647721),"POLYGON((68.817601 7.789875,93.668187 7.789875,93.668187 16.909209,68.817601 16.909209,68.817601 7.789875))",,POINT(78.553354 11.478209),78.553354,11.478209,"POLYGON((40.789697 7.789875,65.640283 7.789875,65.640283 16.909209,40.789697 16.909209,40.789697 7.789875))",,POINT(50.52545 11.478209),50.52545,11.478209,"POLYGON((612.93 108.6534,853.368 117.4152,824.04 264.5634,591.8382 256.326,612.93 108.6534))",,POINT(715.944 171.9516),010300000001000000050000003D0AD7A37027834036CD3B4ED1295B406DE7FBA9F1AA8A40265305A3925A5D40B81E85EB51C0894010E9B7AF038970400F9C33A2B47E8240F0A7C64B370570403D0AD7A37027834036CD3B4ED1295B40,736.303717142973483,715.944,171.9516,283.505194648,"POLYGON((0.659621 280.05233,0.912796 277.834157,0.917099 287.799565,0.683437 293.417508,0.659621 280.05233))",,POINT(0.780228357840879 283.505194647721),0.780228357841
633,11507.0,,HMI SHARP,HMI,SDO,"11507,11508,11509",HMI,,,4.99999987369e-05,SDO,,cm,75.108833313,-28.4348621368,68.7559585571,88.9974441528,"POLYGON((0.95778 235.538215,1.000004 237.780171,1.000014 247.187622,0.947734 245.229085,0.95778 235.538215))",,POINT(0.978064976211731 240.427387758602),"POLYGON((96.783861 -32.205838,117.025347 -32.205838,117.025347 -22.793462,96.783861 -22.793462,96.783861 -32.205838))",,POINT(103.136734 -28.434862),103.136734,-28.434862,"POLYGON((68.755957 -32.205838,88.997443 -32.205838,88.997443 -22.793462,68.755957 -22.793462,68.755957 -32.205838))",,POINT(75.10883 -28.434862),75.10883,-28.434862,"POLYGON((745.236 -511.455,798.384 -503.1552,869.898 -365.8926,812.088 -374.7372,745.236 -511.455))",,POINT(802.764 -455.526),01030000000100000005000000D9CEF753E3498740E17A14AE47F77FC0508D976E12F388406DC5FEB27B727FC077BE9F1A2F2F8B408E06F01648DE76C062105839B4608940C7293A92CB6B77C0D9CEF753E3498740E17A14AE47F77FC0,923.0026957555433,802.764,-455.526,240.427387759,"POLYGON((0.95778 235.538215,1.000004 237.780171,1.000014 247.187622,0.947734 245.229085,0.95778 235.538215))",,POINT(0.978064976211731 240.427387758602),0.978064976212
634,11507.0,,HMI SHARP,HMI,SDO,"11507,11508,11509",HMI,,,4.99999987369e-05,SDO,,cm,76.8974533081,-28.6269760132,71.040687561,89.1276626587,"POLYGON((0.966601 236.183989,0.999991 237.998316,1.000011 247.127697,0.958779 245.526666,0.966601 236.183989))",,POINT(0.98348563131466 240.458972664379),"POLYGON((96.86244 -31.991073,114.949416 -31.991073,114.949416 -22.857133,96.86244 -22.857133,96.86244 -31.991073))",,POINT(102.719203 -28.626976),102.719203,-28.626976,"POLYGON((71.040687 -31.991073,89.127663 -31.991073,89.127663 -22.857133,71.040687 -22.857133,71.040687 -31.991073))",,POINT(76.89745 -28.626976),76.89745,-28.626976,"POLYGON((757.86 -507.6498,800.274 -500.0994,869.502 -366.7968,823.5 -374.8278,757.86 -507.6498))",,POINT(807.456 -457.6002),010300000001000000050000007B14AE47E1AE87400E4FAF9465BA7FC0D578E926310289408F53742497417FC0BC749318042C8B403F575BB1BFEC76C00000000000BC8940107A36AB3E6D77C07B14AE47E1AE87400E4FAF9465BA7FC0,928.1072863500425,807.456,-457.6002,240.458972664,"POLYGON((0.966601 236.183989,0.999991 237.998316,1.000011 247.127697,0.958779 245.526666,0.966601 236.183989))",,POINT(0.98348563131466 240.458972664379),0.983485631315
635,11510.0,,HMI SHARP,HMI,SDO,11510,HMI,,,4.99999987369e-05,SDO,,cm,-7.60973882675,-15.9976053238,-11.6522083282,-3.79957675934,"POLYGON((0.384443 149.837348,0.33889 169.220449,0.283928 166.874836,0.338788 144.550545,0.384443 149.837348))",,POINT(0.329316688810123 157.155705415297),"POLYGON((14.169545 -17.757067,22.022176 -17.757067,22.022176 -14.378351,14.169545 -14.378351,14.169545 -17.757067))",,POINT(18.212014 -15.997605),18.212014,-15.997605,"POLYGON((-11.652208 -17.757067,-3.799577 -17.757067,-3.799577 -14.378351,-11.652208 -14.378351,-11.652208 -17.757067))",,POINT(-7.609739 -15.997605),-7.609739,-15.997605,"POLYGON((-182.289 -313.674,-59.81394 -314.1648,-60.8436 -260.9406,-185.4276 -260.4456,-182.289 -313.674))",,POINT(-120.651 -286.3974),010300000001000000050000006891ED7C3FC966C0105839B4C89A73C00074982F2FE84DC018265305A3A273C0EB73B515FB6B4EC0E2E995B20C4F70C0A1F831E6AE2D67C09031772D214770C06891ED7C3FC966C0105839B4C89A73C0,310.773445660596963,-120.651,-286.3974,157.155705415,"POLYGON((0.384443 149.837348,0.33889 169.220449,0.283928 166.874836,0.338788 144.550545,0.384443 149.837348))",,POINT(0.329316688810123 157.155705415297),0.32931668881
636,11506.0,,HMI SHARP,HMI,SDO,11506,HMI,,,4.99999987369e-05,SDO,,cm,52.3532180786,11.4708900452,43.0908889771,67.6072921753,"POLYGON((0.689095 279.888805,0.926183 277.935145,0.929543 287.448732,0.709499 292.346499,0.689095 279.888805))",,POINT(0.799253908714764 283.201740732896),"POLYGON((68.912641 7.947061,93.429045 7.947061,93.429045 16.772751,68.912641 16.772751,68.912641 7.947061))",,POINT(78.174971 11.47089),78.174971,11.47089,"POLYGON((43.090888 7.947061,67.607292 7.947061,67.607292 16.772751,43.090888 16.772751,43.090888 7.947061))",,POINT(52.353218 11.47089),52.353218,11.47089,"POLYGON((640.632 111.6792,865.662 120.6618,836.838 263.031,619.266 254.5668,640.632 111.6792))",,POINT(734.316 172.2558),01030000000100000005000000931804560E0584405DDC460378EB5B409EEFA7C64B0D8B408A1F63EE5A2A5E4062105839B4268A40D122DBF97E707040E3A59BC4205A8340EEEBC03923D26F40931804560E0584405DDC460378EB5B40,754.24932780191466,734.316,172.2558,283.201740733,"POLYGON((0.689095 279.888805,0.926183 277.935145,0.929543 287.448732,0.709499 292.346499,0.689095 279.888805))",,POINT(0.799253908714764 283.201740732896),0.799253908715
637,11504.0,,HMI SHARP,HMI,SDO,"11504,11505",HMI,,,4.99999987369e-05,SDO,,cm,60.297542572,-15.8819923401,50.6785697937,69.4703369141,"POLYGON((0.816274 242.417023,0.949844 247.067568,0.940385 261.645612,0.783051 259.351635,0.816274 242.417023))",,POINT(0.885239480028638 251.04728932371),"POLYGON((76.500324 -21.133596,95.292092 -21.133596,95.292092 -7.280394,76.500324 -7.280394,76.500324 -21.133596))",,POINT(86.119296 -15.881992),86.119296,-15.881992,"POLYGON((50.678571 -21.133596,69.470339 -21.133596,69.470339 -7.280394,50.678571 -7.280394,50.678571 -21.133596))",,POINT(60.297543 -15.881992),60.297543,-15.881992,"POLYGON((682.758 -356.679,825.516 -349.2624,878.016 -128.94,726.234 -136.5456,682.758 -356.679))",,POINT(790.104 -271.3254),01030000000100000005000000F2D24D6210568540BE9F1A2FDD4A76C0E3A59BC420CC894087A757CA32D475C0E3A59BC420708B40AE47E17A141E60C01D5A643BDFB186405396218E751161C0F2D24D6210568540BE9F1A2FDD4A76C0,835.393202929710242,790.104,-271.3254,251.047289324,"POLYGON((0.816274 242.417023,0.949844 247.067568,0.940385 261.645612,0.783051 259.351635,0.816274 242.417023))",,POINT(0.885239480028638 251.04728932371),0.885239480029
638,11510.0,,HMI SHARP,HMI,SDO,11510,HMI,,,4.99999987369e-05,SDO,,cm,-5.44850111008,-15.8765277863,-9.4440870285,-1.62493419647,"POLYGON((0.367172 154.68683,0.333399 175.332102,0.27835 174.311662,0.31936 150.009259,0.367172 154.68683))",,POINT(0.315538067212638 163.099916650213),"POLYGON((14.171513 -17.697089,21.990666 -17.697089,21.990666 -14.383551,14.171513 -14.383551,14.171513 -17.697089))",,POINT(18.167099 -15.876528),18.167099,-15.876528,"POLYGON((-9.444087 -17.697089,-1.624934 -17.697089,-1.624934 -14.383551,-9.444087 -14.383551,-9.444087 -17.697089))",,POINT(-5.448501 -15.876528),-5.448501,-15.876528,"POLYGON((-148.1484 -313.224,-25.60398 -313.5786,-26.03544 -261.3798,-150.645 -261.0222,-148.1484 -313.224))",,POINT(-86.562 -284.9076),010300000001000000050000003F575BB1BF8462C0DD240681959373C02670EB6E9E9A39C073D712F2419973C062F8889812093AC055302AA9135670C0713D0AD7A3D462C08A1F63EE5A5070C03F575BB1BF8462C0DD240681959373C0,297.767225163818182,-86.562,-284.9076,163.09991665,"POLYGON((0.367172 154.68683,0.333399 175.332102,0.27835 174.311662,0.31936 150.009259,0.367172 154.68683))",,POINT(0.315538067212638 163.099916650213),0.315538067213
639,11506.0,,HMI SHARP,HMI,SDO,11506,HMI,,,4.99999987369e-05,SDO,,cm,54.6299858093,11.2950725555,45.4452514648,69.6612319946,"POLYGON((0.718048 279.688318,0.939002 277.994645,0.941428 286.867328,0.734776 291.05092,0.718048 279.688318))",,POINT(0.821735359370184 282.665007875976),"POLYGON((69.06085 8.05942,93.27683 8.05942,93.27683 16.397428,69.06085 16.397428,69.06085 8.05942))",,POINT(78.245586 11.295073),78.245586,11.295073,"POLYGON((45.44525 8.05942,69.66123 8.05942,69.66123 16.397428,45.44525 16.397428,45.44525 8.05942))",,POINT(54.629986 11.295073),54.629986,11.295073,"POLYGON((667.944 114.0336,877.506 123.2418,850.188 257.7774,647.118 249.0654,667.944 114.0336))",,POINT(756.588 170.019),01030000000100000005000000643BDF4F8DDF844052499D8026825C40355EBA490C6C8B400F0BB5A679CF5E402FDD240681918A40917EFB3A701C70406DE7FBA9F138844012A5BDC117226F40643BDF4F8DDF844052499D8026825C40,775.455905970803656,756.588,170.019,282.665007876,"POLYGON((0.718048 279.688318,0.939002 277.994645,0.941428 286.867328,0.734776 291.05092,0.718048 279.688318))",,POINT(0.821735359370184 282.665007875976),0.82173535937
640,11504.0,,HMI SHARP,HMI,SDO,"11504,11505",HMI,,,4.99999987369e-05,SDO,,cm,62.4913291931,-15.9454183578,53.1305770874,71.5895996094,"POLYGON((0.837775 243.253242,0.959995 247.391268,0.952622 260.768528,0.809997 258.534214,0.837775 243.253242))",,POINT(0.901675875340324 251.388038031046),"POLYGON((76.746179 -21.12283,95.205201 -21.12283,95.205201 -8.268068,76.746179 -8.268068,76.746179 -21.12283))",,POINT(86.10693 -15.945418),86.10693,-15.945418,"POLYGON((53.130579 -21.12283,71.589601 -21.12283,71.589601 -8.268068,53.130579 -8.268068,53.130579 -21.12283))",,POINT(62.49133 -15.945418),62.49133,-15.945418,"POLYGON((706.002 -355.8042,836.31 -348.2718,887.328 -144.216,749.124 -151.9452,706.002 -355.8042))",,POINT(806.394 -271.569),01030000000100000005000000BC7493180410864017B7D100DE3C76C014AE47E17A228A40D8F0F44A59C475C0B4C876BE9FBA8B40F4FDD478E90662C0A245B6F3FD688740BC0512143FFE62C0BC7493180410864017B7D100DE3C76C0,850.894238432133193,806.394,-271.569,251.388038031,"POLYGON((0.837775 243.253242,0.959995 247.391268,0.952622 260.768528,0.809997 258.534214,0.837775 243.253242))",,POINT(0.901675875340324 251.388038031046),0.90167587534
641,11507.0,,HMI SHARP,HMI,SDO,"11507,11508,11509",HMI,,,4.99999987369e-05,SDO,,cm,79.2768554688,-28.6063461304,73.3634567261,89.147605896,"POLYGON((0.974623 236.745649,0.99999 238.173761,1.000011 246.998387,0.968748 245.722994,0.974623 236.745649))",,POINT(0.989410179192456 240.742397160513),"POLYGON((96.979055 -31.816211,112.763205 -31.816211,112.763205 -22.987053,96.979055 -22.987053,96.979055 -31.816211))",,POINT(102.892455 -28.606346),102.892455,-28.606346,"POLYGON((73.363455 -31.816211,89.147605 -31.816211,89.147605 -22.987053,73.363455 -22.987053,73.363455 -31.816211))",,POINT(79.276855 -28.606346),79.276855,-28.606346,"POLYGON((769.122 -504.342,801.792 -497.6406,868.662 -368.754,833.346 -375.8676,769.122 -504.342))",,POINT(814.578 -456.3276),01030000000100000005000000E5D022DBF9088840B6F3FDD478857FC075931804560E8940151DC9E53F1A7FC09EEFA7C64B258B40F2D24D62100C77C054E3A59BC40A8A4027A089B0E17D77C0E5D022DBF9088840B6F3FDD478857FC0,933.68741911078564,814.578,-456.3276,240.742397161,"POLYGON((0.974623 236.745649,0.99999 238.173761,1.000011 246.998387,0.968748 245.722994,0.974623 236.745649))",,POINT(0.989410179192456 240.742397160513),0.989410179192
642,11510.0,,HMI SHARP,HMI,SDO,11510,HMI,,,4.99999987369e-05,SDO,,cm,-3.212059021,-15.7866725922,-7.25259113312,0.571497917175,"POLYGON((0.350636 159.826707,0.329494 181.661593,0.276322 182.013268,0.302037 155.997612,0.350636 159.826707))",,POINT(0.305655850813867 169.794747711262),"POLYGON((14.156856 -17.499338,21.980945 -17.499338,21.980945 -14.314268,14.156856 -14.314268,14.156856 -17.499338))",,POINT(18.197388 -15.786673),18.197388,-15.786673,"POLYGON((-7.252591 -17.499338,0.571498 -17.499338,0.571498 -14.314268,-7.252591 -14.314268,-7.252591 -17.499338))",,POINT(-3.212059 -15.786673),-3.212059,-15.786673,"POLYGON((-114.1092 -310.5864,9.0159 -310.803,9.16062 -260.5956,-115.9404 -260.3772,-114.1092 -310.5864))",,POINT(-51.10404 -283.875),01030000000100000005000000492EFF21FD865CC0FE65F7E4616973C04703780B24082240022B8716D96C73C0C32ADEC83C522240F697DD93874970C0234A7B832FFC5CC0D200DE02094670C0492EFF21FD865CC0FE65F7E4616973C0,288.438275076872571,-51.10404,-283.875,169.794747711,"POLYGON((0.350636 159.826707,0.329494 181.661593,0.276322 182.013268,0.302037 155.997612,0.350636 159.826707))",,POINT(0.305655850813867 169.794747711262),0.305655850814
643,11507.0,,HMI SHARP,HMI,SDO,"11507,11508,11509",HMI,,,4.99999987369e-05,SDO,,cm,81.2332000732,-28.8149547577,75.4845809937,89.1676330566,"POLYGON((0.981074 237.175402,0.999985 238.293651,1.000006 245.861768,0.977161 244.833784,0.981074 237.175402))",,POINT(0.993360741430973 240.716501242463),"POLYGON((96.894031 -31.696756,110.577083 -31.696756,110.577083 -24.12472,96.894031 -24.12472,96.894031 -31.696756))",,POINT(102.642647 -28.814955),102.642647,-28.814955,"POLYGON((75.484584 -31.696756,89.167636 -31.696756,89.167636 -24.12472,75.484584 -24.12472,75.484584 -31.696756))",,POINT(81.2332 -28.814955),81.2332,-28.814955,"POLYGON((777.99 -501.8532,802.818 -495.9534,861.162 -385.9062,834.588 -392.1264,777.99 -501.8532))",,POINT(817.614 -458.514),0103000000010000000500000052B81E85EB4F8840280F0BB5A65D7FC0068195438B1689401AC05B2041FF7EC09EEFA7C64BE98A402A3A92CB7F1E78C062105839B4148A406EA301BC058278C052B81E85EB4F8840280F0BB5A65D7FC0,937.404790467810585,817.614,-458.514,240.716501242,"POLYGON((0.981074 237.175402,0.999985 238.293651,1.000006 245.861768,0.977161 244.833784,0.981074 237.175402))",,POINT(0.993360741430973 240.716501242463),0.993360741431
644,11504.0,,HMI SHARP,HMI,SDO,"11504,11505",HMI,,,4.99999987369e-05,SDO,,cm,64.6788330078,-15.9445171356,55.6329460144,73.7435760498,"POLYGON((0.858546 244.043749,0.969167 247.70419,0.963405 260.546642,0.834931 258.495013,0.858546 244.043749))",,POINT(0.916809616133678 251.762440630935),"POLYGON((77.042392 -21.095398,95.153022 -21.095398,95.153022 -8.636078,77.042392 -8.636078,77.042392 -21.095398))",,POINT(86.088277 -15.944517),86.088277,-15.944517,"POLYGON((55.632945 -21.095398,73.743575 -21.095398,73.743575 -8.636078,55.632945 -8.636078,55.632945 -21.095398))",,POINT(64.67883 -15.944517),64.67883,-15.944517,"POLYGON((728.46 -354.6054,846.198 -346.9788,896.79 -149.3208,772.068 -157.149,728.46 -354.6054))",,POINT(821.706 -270.7602),0103000000010000000500000048E17A14AEC38640F90FE9B7AF2976C0DD24068195718A403255302AA9AF75C0B81E85EB51068C40D1915CFE43AA62C0068195438B20884054E3A59BC4A463C048E17A14AEC38640F90FE9B7AF2976C0,865.165785465444856,821.706,-270.7602,251.762440631,"POLYGON((0.858546 244.043749,0.969167 247.70419,0.963405 260.546642,0.834931 258.495013,0.858546 244.043749))",,POINT(0.916809616133678 251.762440630935),0.916809616134
645,11506.0,,HMI SHARP,HMI,SDO,11506,HMI,,,4.99999987369e-05,SDO,,cm,56.6137580872,11.2305278778,47.8259277344,71.5596618652,"POLYGON((0.745961 279.328438,0.949774 277.917076,0.951315 285.739864,0.758356 289.137906,0.745961 279.328438))",,POINT(0.840463969055079 282.341659633935),"POLYGON((69.235375 8.029002,92.969109 8.029002,92.969109 15.45902,69.235375 15.45902,69.235375 8.029002))",,POINT(78.023205 11.230528),78.023205,11.230528,"POLYGON((47.825928 8.029002,71.559662 8.029002,71.559662 15.45902,47.825928 15.45902,47.825928 8.029002))",,POINT(56.613758 11.230528),56.613758,11.230528,"POLYGON((694.632 114.1044,887.73 123.4524,864.066 243.5268,676.086 234.6168,694.632 114.1044))",,POINT(774.792 169.5222),01030000000100000005000000931804560EB58540F46C567DAE865C40A4703D0AD7BD8B40772D211FF4DC5E404A0C022B87008B400D71AC8BDB706E40A69BC420B020854088855AD3BC536D40931804560EB58540F46C567DAE865C40,793.120684106044564,774.792,169.5222,282.341659634,"POLYGON((0.745961 279.328438,0.949774 277.917076,0.951315 285.739864,0.758356 289.137906,0.745961 279.328438))",,POINT(0.840463969055079 282.341659633935),0.840463969055
646,11504.0,EHO,SWPC,nil,nil,,various,,,5e-05,various,,cm,65.0,-16.0,59.5,70.5,"POLYGON((0.880261 250.082828,0.951569 251.948898,0.95078 253.163169,0.878415 251.383572,0.880261 250.082828))",,POINT(0.91898677676907 251.755830526567),"POLYGON((80.909447 -16.58129,91.909447 -16.58129,91.909447 -15.41871,80.909447 -15.41871,80.909447 -16.58129))",,POINT(86.409447 -16),86.409447,-16.0,"POLYGON((59.5 -16.58129,70.5 -16.58129,70.5 -15.41871,59.5 -15.41871,59.5 -16.58129))",,POINT(65 -16),65.0,-16.0,"POLYGON((780.99 -282.9792,853.77 -278.2488,858.762 -259.878,785.562 -264.6216,780.99 -282.9792))",,POINT(823.626 -271.4982),0103000000010000000500000052B81E85EB678840E4839ECDAAAF71C05C8FC2F528AE8A40EB73B515FB6371C06ABC749318D68A40355EBA490C3E70C0D122DBF97E8C88401973D712F28970C052B81E85EB678840E4839ECDAAAF71C0,867.220306772875233,823.626,-271.4982,251.755830527,"POLYGON((0.880261 250.082828,0.951569 251.948898,0.95078 253.163169,0.878415 251.383572,0.880261 250.082828))",,POINT(0.91898677676907 251.755830526567),0.918986776769
647,11508.0,HSX,SWPC,nil,nil,,various,,,5e-05,various,,cm,81.0,-28.0,80.0,82.0,"POLYGON((0.990854 241.265249,0.994528 241.442828,0.994474 241.752735,0.99078 241.576025,0.990854 241.265249))",,POINT(0.99277408444419 241.512967326654),"POLYGON((101.409447 -28.1547,103.409447 -28.1547,103.409447 -27.8453,101.409447 -27.8453,101.409447 -28.1547))",,POINT(102.409447 -28),102.409447,-28.0,"POLYGON((80 -28.1547,82 -28.1547,82 -27.8453,80 -27.8453,80 -28.1547))",,POINT(81 -28),81.0,-28.0,"POLYGON((819.894 -449.5254,824.328 -448.6392,826.698 -444.15,822.258 -445.038,819.894 -449.5254))",,POINT(823.422 -446.8404),01030000000100000005000000FED478E9269F89401895D40968187CC0B4C876BE9FC28940A779C7293A0A7CC0DD24068195D589406666666666C27BC0F2D24D6210B28940F853E3A59BD07BC0FED478E9269F89401895D40968187CC0,936.851179833894321,823.422,-446.8404,241.512967327,"POLYGON((0.990854 241.265249,0.994528 241.442828,0.994474 241.752735,0.99078 241.576025,0.990854 241.265249))",,POINT(0.99277408444419 241.512967326654),0.992774084444
648,11506.0,AXX,SWPC,nil,nil,,various,,,5e-05,various,,cm,55.0,12.0,54.5,55.5,"POLYGON((0.821079 283.398697,0.830672 283.268753,0.830892 283.516163,0.821308 283.649003,0.821079 283.398697))",,POINT(0.826013122502186 283.457316839705),"POLYGON((75.909447 11.896868,76.909447 11.896868,76.909447 12.103132,75.909447 12.103132,75.909447 11.896868))",,POINT(76.409447 12),76.409447,12.0,"POLYGON((54.5 11.896868,55.5 11.896868,55.5 12.103132,54.5 12.103132,54.5 11.896868))",,POINT(55 12),55.0,12.0,"POLYGON((753.738 179.5476,762.954 179.9154,762.372 183.2568,753.156 182.8896,753.738 179.5476))",,POINT(758.082 181.4022),0103000000010000000500000096438B6CE78D874044696FF0857166401283C0CAA1D7874045D8F0F44A7D6640E5D022DBF9D287409C33A2B437E866406891ED7C3F898740B1506B9A77DC664096438B6CE78D874044696FF085716640,779.483852872424791,758.082,181.4022,283.45731684,"POLYGON((0.821079 283.398697,0.830672 283.268753,0.830892 283.516163,0.821308 283.649003,0.821079 283.398697))",,POINT(0.826013122502186 283.457316839705),0.826013122502
649,11510.0,CRO,SWPC,nil,nil,,various,,,5e-05,various,,cm,-2.0,-16.0,-3.5,-0.5,"POLYGON((0.310592 169.062644,0.30512 178.417967,0.303972 178.411441,0.309469 169.018619,0.310592 169.062644))",,POINT(0.306271644590224 173.683797252823),"POLYGON((17.909447 -16.034378,20.909447 -16.034378,20.909447 -15.965622,17.909447 -15.965622,17.909447 -16.034378))",,POINT(19.409447 -16),19.409447,-16.0,"POLYGON((-3.5 -16.034378,-0.5 -16.034378,-0.5 -15.965622,-3.5 -15.965622,-3.5 -16.034378))",,POINT(-2 -16),-2.0,-16.0,"POLYGON((-55.61076 -287.772,-7.94928 -287.8224,-7.95204 -286.7388,-55.63002 -286.689,-55.61076 -287.772))",,POINT(-31.79658 -287.265),010300000001000000050000003CDA38622DCE4BC03108AC1C5AFC71C0CEFC6A0E10CC1FC0B003E78C28FD71C074EFE192E3CE1FC08FE4F21FD2EB71C0B8E9CF7EA4D04BC01B2FDD2406EB71C03CDA38622DCE4BC03108AC1C5AFC71C0,289.019381226755058,-31.79658,-287.265,173.683797253,"POLYGON((0.310592 169.062644,0.30512 178.417967,0.303972 178.411441,0.309469 169.018619,0.310592 169.062644))",,POINT(0.306271644590224 173.683797252823),0.30627164459
650,11507.0,BXO,SWPC,nil,nil,,various,,,5e-05,various,,cm,88.0,-27.0,86.5,89.5,"POLYGON((0.999335 242.851989,0.999966 242.962857,0.999963 243.031481,0.999335 242.920789,0.999335 242.851989))",,POINT(0.999919372220419 242.949701919141),"POLYGON((107.909447 -27.034378,110.909447 -27.034378,110.909447 -26.965622,107.909447 -26.965622,107.909447 -27.034378))",,POINT(109.409447 -27),109.409447,-27.0,"POLYGON((86.5 -27.034378,89.5 -27.034378,89.5 -26.965622,86.5 -26.965622,86.5 -27.034378))",,POINT(88 -27),88.0,-27.0,"POLYGON((839.148 -430.3014,840.51 -428.9478,841.02 -427.9392,839.664 -429.2934,839.148 -430.3014))",,POINT(840.372 -429.1206),0103000000010000000500000077BE9F1A2F398A403B70CE88D2E47AC0AE47E17A14448A40613255302ACF7AC05C8FC2F528488A40744694F606BF7AC05A643BDF4F3D8A4058CA32C4B1D47AC077BE9F1A2F398A403B70CE88D2E47AC0,943.593973978405529,840.372,-429.1206,242.949701919,"POLYGON((0.999335 242.851989,0.999966 242.962857,0.999963 243.031481,0.999335 242.920789,0.999335 242.851989))",,POINT(0.999919372220419 242.949701919141),0.99991937222
651,11504.0,,HMI SHARP,HMI,SDO,"11504,11505",HMI,,,4.99999987369e-05,SDO,,cm,66.8690643311,-16.0066432953,57.8455200195,75.9948120117,"POLYGON((0.875762 244.762852,0.977481 248.070246,0.973264 260.056057,0.855983 258.092152,0.875762 244.762852))",,POINT(0.930829012292861 252.036269402994),"POLYGON((77.048814 -20.995177,95.198106 -20.995177,95.198106 -9.266121,77.048814 -9.266121,77.048814 -20.995177))",,POINT(86.072358 -16.006643),86.072358,-16.006643,"POLYGON((57.84552 -20.995177,75.994812 -20.995177,75.994812 -9.266121,57.84552 -9.266121,57.84552 -20.995177))",,POINT(66.869064 -16.006643),66.869064,-16.006643,"POLYGON((747.54 -352.3578,855.666 -344.4918,904.632 -158.5986,790.374 -166.671,747.54 -352.3578))",,POINT(835.566 -270.9072),01030000000100000005000000B81E85EB515C874024287E8CB90576C017D9CEF753BD8A40C442AD69DE8775C0931804560E458C4057EC2FBB27D363C0A245B6F3FDB28840B6F3FDD478D564C0B81E85EB515C874024287E8CB90576C0,878.385593784324328,835.566,-270.9072,252.036269403,"POLYGON((0.875762 244.762852,0.977481 248.070246,0.973264 260.056057,0.855983 258.092152,0.875762 244.762852))",,POINT(0.930829012292861 252.036269402994),0.930829012293
652,11510.0,,HMI SHARP,HMI,SDO,11510,HMI,,,4.99999987369e-05,SDO,,cm,-0.905986011028,-15.6902666092,-5.11039447784,3.04780125618,"POLYGON((0.338834 165.407383,0.331914 188.831203,0.27857 190.713012,0.287061 162.409726,0.338834 165.407383))",,POINT(0.299967260137568 177.078348269198),"POLYGON((14.0929 -17.399015,22.251095 -17.399015,22.251095 -14.152523,14.0929 -14.152523,14.0929 -17.399015))",,POINT(18.297308 -15.690267),18.297308,-15.690267,"POLYGON((-5.110394 -17.399015,3.047801 -17.399015,3.047801 -14.152523,-5.110394 -14.152523,-5.110394 -17.399015))",,POINT(-0.905986 -15.690267),-0.905986,-15.690267,"POLYGON((-80.5578 -309.4296,48.0858 -309.5004,48.8658 -258.2934,-81.8646 -258.222,-80.5578 -309.4296))",,POINT(-14.42802 -282.699),010300000001000000050000005D6DC5FEB22354C0C9E53FA4DF5673C097FF907EFB0A4840B22E6EA3015873C03B70CE88D26E484058CA32C4B12470C0C8073D9B557754C0643BDF4F8D2370C05D6DC5FEB22354C0C9E53FA4DF5673C0,283.066939719424624,-14.42802,-282.699,177.078348269,"POLYGON((0.338834 165.407383,0.331914 188.831203,0.27857 190.713012,0.287061 162.409726,0.338834 165.407383))",,POINT(0.299967260137568 177.078348269198),0.299967260138
653,11506.0,,HMI SHARP,HMI,SDO,11506,HMI,,,4.99999987369e-05,SDO,,cm,57.8489074707,11.4402980804,50.2616577148,73.2609710693,"POLYGON((0.77335 279.150272,0.958565 277.969099,0.959657 285.384844,0.783481 288.232153,0.77335 279.150272))",,POINT(0.851847509496583 282.444357259908),"POLYGON((69.464953 8.108863,92.464263 8.108863,92.464263 15.215039,69.464953 15.215039,69.464953 8.108863))",,POINT(77.052201 11.440298),77.052201,11.440298,"POLYGON((50.261659 8.108863,73.260969 8.108863,73.260969 15.215039,50.261659 15.215039,50.261659 8.108863))",,POINT(57.848907 11.440298),57.848907,11.440298,"POLYGON((720.492 116.0526,895.824 125.4072,873.138 240.2538,702.222 231.3156,720.492 116.0526))",,POINT(784.968 173.2236),010300000001000000050000000E2DB29DEF83864041F163CC5D035D403BDF4F8D97FE8B4099BB96900F5A5F40C976BE9F1A498B4032772D211F086E40B29DEFA7C6F18540C3D32B6519EA6C400E2DB29DEF83864041F163CC5D035D40,803.853952295415525,784.968,173.2236,282.44435726,"POLYGON((0.77335 279.150272,0.958565 277.969099,0.959657 285.384844,0.783481 288.232153,0.77335 279.150272))",,POINT(0.851847509496583 282.444357259908),0.851847509497
654,11507.0,,HMI SHARP,HMI,SDO,"11507,11508,11509",HMI,,,4.99999987369e-05,SDO,,cm,83.4571838379,-28.816286087,77.6614456177,89.0380172729,"POLYGON((0.986736 237.607798,0.999999 238.444108,1.00001 244.45865,0.984438 243.667338,0.986736 237.607798))",,POINT(0.996703633315604 240.889552943956),"POLYGON((96.864738 -31.542703,108.24131 -31.542703,108.24131 -25.524725,96.864738 -25.524725,96.864738 -31.542703))",,POINT(102.660478 -28.816286),102.660478,-28.816286,"POLYGON((77.661444 -31.542703,89.038016 -31.542703,89.038016 -25.524725,77.661444 -25.524725,77.661444 -31.542703))",,POINT(83.457184 -28.816286),83.457184,-28.816286,"POLYGON((786.258 -498.8244,804.12 -493.845,851.448 -406.8744,832.578 -412.0764,786.258 -498.8244))",,POINT(821.742 -457.572),01030000000100000005000000F2D24D621092884029ED0DBE302D7FC0295C8FC2F5208940EC51B81E85DD7EC0DD240681959B8A40F5B9DA8AFD6D79C0B4C876BE9F048A40A1D634EF38C179C0F2D24D621092884029ED0DBE302D7FC0,940.548802427604073,821.742,-457.572,240.889552944,"POLYGON((0.986736 237.607798,0.999999 238.444108,1.00001 244.45865,0.984438 243.667338,0.986736 237.607798))",,POINT(0.996703633315604 240.889552943956),0.996703633316
655,11504.0,,HMI SHARP,HMI,SDO,"11504,11505",HMI,,,4.99999987369e-05,SDO,,cm,69.0492248535,-16.0440654755,60.0920143127,78.4986572266,"POLYGON((0.892554 245.270679,0.985277 248.27525,0.982372 259.680125,0.875834 257.81225,0.892554 245.270679))",,POINT(0.94353357449498 252.304663876278),"POLYGON((77.089154 -21.044473,95.495794 -21.044473,95.495794 -9.795523,77.089154 -9.795523,77.089154 -21.044473))",,POINT(86.046365 -16.044065),86.046365,-16.044065,"POLYGON((60.092014 -21.044473,78.498654 -21.044473,78.498654 -9.795523,60.092014 -9.795523,60.092014 -21.044473))",,POINT(69.049225 -16.044065),69.049225,-16.044065,"POLYGON((765.018 -352.3434,863.718 -344.1474,912.018 -166.0686,807.852 -174.483,765.018 -352.3434))",,POINT(848.238 -270.6312),01030000000100000005000000A01A2FDD24E887402497FF907E0576C039B4C876BEFD8A40E3361AC05B8275C0A01A2FDD24808C402E90A0F831C264C0894160E5D03E8940FA7E6ABC74CF65C0A01A2FDD24E887402497FF907E0576C0,890.364504603277624,848.238,-270.6312,252.304663876,"POLYGON((0.892554 245.270679,0.985277 248.27525,0.982372 259.680125,0.875834 257.81225,0.892554 245.270679))",,POINT(0.94353357449498 252.304663876278),0.943533574495
656,11510.0,,HMI SHARP,HMI,SDO,11510,HMI,,,4.99999987369e-05,SDO,,cm,1.2509649992,-15.6534662247,-3.13155603409,5.46371221542,"POLYGON((0.332554 170.942268,0.340761 195.532243,0.287855 198.800344,0.277736 168.951544,0.332554 170.942268))",,POINT(0.300028891520123 184.035496236022),"POLYGON((13.865584 -17.40547,22.460852 -17.40547,22.460852 -14.066368,13.865584 -14.066368,13.865584 -17.40547))",,POINT(18.248105 -15.653466),18.248105,-15.653466,"POLYGON((-3.131556 -17.40547,5.463712 -17.40547,5.463712 -14.066368,-3.131556 -14.066368,-3.131556 -17.40547))",,POINT(1.250965 -15.653466),1.250965,-15.653466,"POLYGON((-49.40358 -309.9006,86.1072 -309.8154,87.54 -257.142,-50.22582 -257.2278,-49.40358 -309.9006))",,POINT(19.92456 -282.42),01030000000100000005000000EBA86A82A8B348C071AC8BDB685E73C06688635DDC86554089D2DEE00B5D73C0C3F5285C8FE2554083C0CAA1451270C0306475ABE71C49C076E09C11A51370C0EBA86A82A8B348C071AC8BDB685E73C0,283.121960453783288,19.92456,-282.42,184.035496236,"POLYGON((0.332554 170.942268,0.340761 195.532243,0.287855 198.800344,0.277736 168.951544,0.332554 170.942268))",,POINT(0.300028891520123 184.035496236022),0.30002889152
657,11506.0,,HMI SHARP,HMI,SDO,11506,HMI,,,4.99999987369e-05,SDO,,cm,59.6338844299,11.5727233887,52.7902755737,74.2835083008,"POLYGON((0.80049 279.257889,0.963455 278.25304,0.964289 285.089832,0.808486 287.410361,0.80049 279.257889))",,POINT(0.867482320860578 282.408722794036),"POLYGON((69.787416 8.398632,91.280648 8.398632,91.280648 14.982402,69.787416 14.982402,69.787416 8.398632))",,POINT(76.631024 11.572723),76.631024,11.572723,"POLYGON((52.790276 8.398632,74.283508 8.398632,74.283508 14.982402,52.790276 14.982402,52.790276 8.398632))",,POINT(59.633884 11.572723),59.633884,11.572723,"POLYGON((745.542 121.5246,899.748 130.506,878.574 236.8902,727.974 228.2778,745.542 121.5246))",,POINT(799.476 175.9038),0103000000010000000500000075931804564C8740D3DEE00B93615E40448B6CE7FB1D8C40D578E926315060403BDF4F8D97748B40C6DCB5847C9C6D406F1283C0CABF8640865AD3BCE3886C4075931804564C8740D3DEE00B93615E40,818.598815922940389,799.476,175.9038,282.408722794,"POLYGON((0.80049 279.257889,0.963455 278.25304,0.964289 285.089832,0.808486 287.410361,0.80049 279.257889))",,POINT(0.867482320860578 282.408722794036),0.867482320861
658,11504.0,,HMI SHARP,HMI,SDO,"11504,11505",HMI,,,4.99999987369e-05,SDO,,cm,71.2127761841,-16.0517482758,62.6647148132,80.9827423096,"POLYGON((0.910331 245.849021,0.991389 248.485293,0.98958 259.021498,0.897008 257.276378,0.910331 245.849021))",,POINT(0.954892922666842 252.573427564334),"POLYGON((77.455702 -21.049038,95.77373 -21.049038,95.77373 -10.592958,77.455702 -10.592958,77.455702 -21.049038))",,POINT(86.003762 -16.051748),86.003762,-16.051748,"POLYGON((62.664716 -21.049038,80.982744 -21.049038,80.982744 -10.592958,62.664716 -10.592958,62.664716 -21.049038))",,POINT(71.212776 -16.051748),71.212776,-16.051748,"POLYGON((783.834 -351.4632,870.33 -343.0902,916.716 -177.8346,825.666 -186.4296,783.834 -351.4632))",,POINT(859.716 -269.8566),01030000000100000005000000E9263108AC7E88401D38674469F775C0713D0AD7A3328B4096218E75717175C07D3F355EBAA58C40BB270F0BB53A66C017D9CEF753CD894092CB7F48BF4D67C0E9263108AC7E88401D38674469F775C0,901.073906635610001,859.716,-269.8566,252.573427564,"POLYGON((0.910331 245.849021,0.991389 248.485293,0.98958 259.021498,0.897008 257.276378,0.910331 245.849021))",,POINT(0.954892922666842 252.573427564334),0.954892922667
659,11506.0,,HMI SHARP,HMI,SDO,11506,HMI,,,4.99999987369e-05,SDO,,cm,60.7322998047,11.5841217041,55.3312568665,65.6134033203,"POLYGON((0.826233 279.476095,0.912721 278.85628,0.915291 285.425653,0.832396 286.695304,0.826233 279.476095))",,POINT(0.876634414249281 282.310285858048),"POLYGON((70.122243 8.76863,80.404389 8.76863,80.404389 14.77216,70.122243 14.77216,70.122243 8.76863))",,POINT(75.523286 11.584122),75.523286,11.584122,"POLYGON((55.331257 8.76863,65.613403 8.76863,65.613403 14.77216,55.331257 14.77216,55.331257 8.76863))",,POINT(60.7323 11.584122),60.7323,11.584122,"POLYGON((769.026 128.361,851.01 132.5994,832.59 229.7346,752.37 225.6546,769.026 128.361))",,POINT(808.206 176.3694),0103000000010000000500000091ED7C3F35088840643BDF4F8D0B6040AE47E17A14988A401EA7E8482E9360401F85EB51B8048A4088F4DBD781B76C40295C8FC2F5828740C5FEB27BF2346C4091ED7C3F35088840643BDF4F8D0B6040,827.226150271109304,808.206,176.3694,282.310285858,"POLYGON((0.826233 279.476095,0.912721 278.85628,0.915291 285.425653,0.832396 286.695304,0.826233 279.476095))",,POINT(0.876634414249281 282.310285858048),0.876634414249
660,11510.0,,HMI SHARP,HMI,SDO,11510,HMI,,,4.99999987369e-05,SDO,,cm,3.26038193703,-15.6672334671,-0.994605004787,7.72791099548,"POLYGON((0.328941 177.100915,0.352645 201.43546,0.302349 205.678917,0.273281 176.451736,0.328941 177.100915))",,POINT(0.304803542831674 190.395772461573),"POLYGON((13.796381 -17.39041,22.518897 -17.39041,22.518897 -14.054476,13.796381 -14.054476,13.796381 -17.39041))",,POINT(18.051368 -15.667233),18.051368,-15.667233,"POLYGON((-0.994605 -17.39041,7.727911 -17.39041,7.727911 -14.054476,-0.994605 -14.054476,-0.994605 -17.39041))",,POINT(3.260382 -15.667233),3.260382,-15.667233,"POLYGON((-15.69918 -310.0044,121.6116 -309.7518,123.6318 -257.13,-15.95994 -257.3844,-15.69918 -310.0044))",,POINT(51.90084 -282.903),01030000000100000005000000D908C4EBFA652FC0A301BC05126073C0F38E537424675E4020D26F5F075C73C0386744696FE85E40AE47E17A141270C0963E74417DEB2FC052499D80261670C0D908C4EBFA652FC0A301BC05126073C0,287.624415865040191,51.90084,-282.903,190.395772462,"POLYGON((0.328941 177.100915,0.352645 201.43546,0.302349 205.678917,0.273281 176.451736,0.328941 177.100915))",,POINT(0.304803542831674 190.395772461573),0.304803542832
661,11504.0,,HMI SHARP,HMI,SDO,"11504,11505",HMI,,,4.99999987369e-05,SDO,,cm,73.3820953369,-16.0017719269,65.0380935669,83.5067977905,"POLYGON((0.925498 246.266056,0.995947 248.603061,0.994888 259.217696,0.914146 257.649695,0.925498 246.266056))",,POINT(0.965010657438662 252.875149602416),"POLYGON((77.622926 -21.111313,96.09163 -21.111313,96.09163 -10.531248,77.622926 -10.531248,77.622926 -21.111313))",,POINT(85.966927 -16.001772),85.966927,-16.001772,"POLYGON((65.038094 -21.111313,83.506798 -21.111313,83.506798 -10.531248,65.038094 -10.531248,65.038094 -21.111313))",,POINT(73.382095 -16.001772),73.382095,-16.001772,"POLYGON((799.464 -351.5052,875.028 -342.8658,922.23 -175.6296,842.652 -184.503,799.464 -351.5052))",,POINT(870.24 -268.134),01030000000100000005000000C1CAA145B6FB8840075F984C15F875C04E62105839588B4007CE1951DA6D75C0A4703D0AD7D18C40F931E6AE25F465C0F0A7C64B37558A406ABC7493181067C0C1CAA145B6FB8840075F984C15F875C0,910.611607413391198,870.24,-268.134,252.875149602,"POLYGON((0.925498 246.266056,0.995947 248.603061,0.994888 259.217696,0.914146 257.649695,0.925498 246.266056))",,POINT(0.965010657438662 252.875149602416),0.965010657439
662,11510.0,,HMI SHARP,HMI,SDO,11510,HMI,,,4.99999987369e-05,SDO,,cm,5.44865512848,-15.640376091,1.1699514389,9.99706554413,"POLYGON((0.328807 183.412769,0.367593 206.916484,0.320803 211.818463,0.273774 184.167277,0.328807 183.412769))",,POINT(0.313349199011062 197.042637369825),"POLYGON((13.754783 -17.353085,22.581898 -17.353085,22.581898 -14.052451,13.754783 -14.052451,13.754783 -17.353085))",,POINT(18.033487 -15.640376),18.033487,-15.640376,"POLYGON((1.169951 -17.353085,9.997066 -17.353085,9.997066 -14.052451,1.169951 -14.052451,1.169951 -17.353085))",,POINT(5.448655 -15.640376),5.448655,-15.640376,"POLYGON((18.4701 -309.7212,157.0254 -309.2934,159.6024 -257.2272,18.77328 -257.658,18.4701 -309.7212))",,POINT(86.6604 -282.7008),010300000001000000050000007FD93D795878324001DE02098A5B73C0302AA913D0A0634058CA32C4B15473C088635DDC46F363406B9A779CA21370C0A0A696ADF5C532404A0C022B871A70C07FD93D795878324001DE02098A5B73C0,295.685250306470323,86.6604,-282.7008,197.04263737,"POLYGON((0.328807 183.412769,0.367593 206.916484,0.320803 211.818463,0.273774 184.167277,0.328807 183.412769))",,POINT(0.313349199011062 197.042637369825),0.313349199011
663,11506.0,,HMI SHARP,HMI,SDO,11506,HMI,,,4.99999987369e-05,SDO,,cm,62.958896637,11.5662918091,57.8102340698,67.4082107544,"POLYGON((0.849663 279.539156,0.924973 279.027117,0.92692 285.037662,0.854415 286.056606,0.849663 279.539156))",,POINT(0.894258327421708 282.097448760706),"POLYGON((70.395068 8.994954,79.99304 8.994954,79.99304 14.558128,70.395068 14.558128,70.395068 8.994954))",,POINT(75.543729 11.566292),75.543729,11.566292,"POLYGON((57.810236 8.994954,67.408208 8.994954,67.408208 14.558128,57.810236 14.558128,57.810236 8.994954))",,POINT(62.958897 11.566292),62.958897,11.566292,"POLYGON((790.68 132.87,862.02 136.9488,844.716 226.9362,774.798 222.9984,790.68 132.87))",,POINT(825.108 176.8494),010300000001000000050000003D0AD7A370B58840A4703D0AD79B60405C8FC2F528F08A403C4ED1915C1E61407D3F355EBA658A407DD0B359F55D6C40AAF1D24D62368840728A8EE4F2DF6B403D0AD7A370B58840A4703D0AD79B6040,843.847688830371794,825.108,176.8494,282.097448761,"POLYGON((0.849663 279.539156,0.924973 279.027117,0.92692 285.037662,0.854415 286.056606,0.849663 279.539156))",,POINT(0.894258327421708 282.097448760706),0.894258327422
664,11504.0,,HMI SHARP,HMI,SDO,"11504,11505",HMI,,,4.99999987369e-05,SDO,,cm,75.6037063599,-15.9701452255,67.2458343506,86.2418670654,"POLYGON((0.93836 246.676148,0.998973 248.759975,0.998535 259.355525,0.928798 257.923176,0.93836 246.676148))",,POINT(0.974087419688564 253.136612939189),"POLYGON((77.624511 -21.107948,96.620543 -21.107948,96.620543 -10.51648,77.624511 -10.51648,77.624511 -21.107948))",,POINT(85.982387 -15.970145),85.982387,-15.970145,"POLYGON((67.245834 -21.107948,86.241866 -21.107948,86.241866 -10.51648,67.245834 -10.51648,67.245834 -21.107948))",,POINT(75.60371 -15.970145),75.60371,-15.970145,"POLYGON((813.096 -350.5758,878.616 -341.499,926.022 -174.0444,857.034 -183.3696,813.096 -350.5758))",,POINT(879.642 -266.6418),0103000000010000000500000054E3A59BC468894097900F7A36E975C0B0726891ED748B40448B6CE7FB5775C01904560E2DF08C40287E8CB96BC165C083C0CAA145C88A40401361C3D3EB66C054E3A59BC468894097900F7A36E975C0,919.166958539763868,879.642,-266.6418,253.136612939,"POLYGON((0.93836 246.676148,0.998973 248.759975,0.998535 259.355525,0.928798 257.923176,0.93836 246.676148))",,POINT(0.974087419688564 253.136612939189),0.974087419689
665,11510.0,,HMI SHARP,HMI,SDO,11510,HMI,,,4.99999987369e-05,SDO,,cm,7.59907197952,-15.6385374069,3.27371883392,12.2275953293,"POLYGON((0.332784 189.469104,0.385418 211.788268,0.342235 217.076542,0.279292 191.490579,0.332784 189.469104))",,POINT(0.325897854671647 203.107172726882),"POLYGON((13.652396 -17.337803,22.606272 -17.337803,22.606272 -14.073745,13.652396 -14.073745,13.652396 -17.337803))",,POINT(17.977749 -15.638537),17.977749,-15.638537,"POLYGON((3.273719 -17.337803,12.227595 -17.337803,12.227595 -14.073745,3.273719 -14.073745,3.273719 -17.337803))",,POINT(7.599072 -15.638537),7.599072,-15.638537,"POLYGON((51.66138 -309.7422,191.5842 -309.135,194.694 -257.6508,52.49994 -258.2628,51.66138 -309.7422))",,POINT(120.6882 -282.8514),010300000001000000050000003F1D8F19A8D4494076711B0DE05B73C058CA32C4B1F267405C8FC2F5285273C091ED7C3F35566840CAC342AD691A70C02BFBAE08FE3F4A4039D6C56D342470C03F1D8F19A8D4494076711B0DE05B73C0,307.523261073369895,120.6882,-282.8514,203.107172727,"POLYGON((0.332784 189.469104,0.385418 211.788268,0.342235 217.076542,0.279292 191.490579,0.332784 189.469104))",,POINT(0.325897854671647 203.107172726882),0.325897854672
666,11506.0,,HMI SHARP,HMI,SDO,11506,HMI,,,4.99999987369e-05,SDO,,cm,65.6421127319,11.2367944717,61.6436042786,69.2484970093,"POLYGON((0.882649 279.341756,0.936564 279.019286,0.937771 283.958378,0.885384 284.571867,0.882649 279.341756))",,POINT(0.913685038759501 281.542532303277),"POLYGON((72.022283 9.049656,79.627171 9.049656,79.627171 13.674946,72.022283 13.674946,72.022283 9.049656))",,POINT(76.020787 11.236794),76.020787,11.236794,"POLYGON((61.643606 9.049656,69.248494 9.049656,69.248494 13.674946,61.643606 13.674946,61.643606 9.049656))",,POINT(65.64211 11.236794),65.64211,11.236794,"POLYGON((821.838 135.1962,872.832 138.5442,858.768 213.4524,808.59 210.198,821.838 135.1962))",,POINT(844.734 172.5162),0103000000010000000500000062105839B4AE894035EF384547E660402DB29DEFA7468B40764F1E166A516140A01A2FDD24D68A40BC96900F7AAE6A401F85EB51B84489407593180456466A4062105839B4AE894035EF384547E66040,862.170151430934197,844.734,172.5162,281.542532303,"POLYGON((0.882649 279.341756,0.936564 279.019286,0.937771 283.958378,0.885384 284.571867,0.882649 279.341756))",,POINT(0.913685038759501 281.542532303277),0.91368503876
667,11504.0,,HMI SHARP,HMI,SDO,"11504,11505",HMI,,,4.99999987369e-05,SDO,,cm,77.7612991333,-15.9622850418,69.5229110718,89.158744812,"POLYGON((0.950424 247.048901,1.000013 248.870926,1.000002 259.460165,0.942543 258.163258,0.950424 247.048901))",,POINT(0.981628140712263 253.34202761687),"POLYGON((77.695435 -21.113559,97.331269 -21.113559,97.331269 -10.518511,77.695435 -10.518511,77.695435 -21.113559))",,POINT(85.9338222 -15.962285),85.9338222,-15.962285,"POLYGON((69.522913 -21.113559,89.158747 -21.113559,89.158747 -10.518511,69.522913 -10.518511,69.522913 -21.113559))",,POINT(77.7613 -15.962285),77.7613,-15.962285,"POLYGON((825.834 -349.7142,880.182 -340.1472,927.69 -172.6044,870.48 -182.4354,825.834 -349.7142))",,POINT(887.4 -265.5234),01030000000100000005000000E9263108ACCE8940DAACFA5C6DDB75C0FA7E6ABC74818B408A1F63EE5A4275C0EC51B81E85FD8C407A36AB3E579365C0A4703D0AD7338B40B515FBCBEECD66C0E9263108ACCE8940DAACFA5C6DDB75C0,926.272873373478433,887.4,-265.5234,253.342027617,"POLYGON((0.950424 247.048901,1.000013 248.870926,1.000002 259.460165,0.942543 258.163258,0.950424 247.048901))",,POINT(0.981628140712263 253.34202761687),0.981628140712
668,11510.0,,HMI SHARP,HMI,SDO,11510,HMI,,,4.99999987369e-05,SDO,,cm,9.70368766785,-15.6590366364,5.35325956345,14.4473924637,"POLYGON((0.340585 195.224525,0.405755 216.113501,0.366472 221.526478,0.289821 198.271491,0.340585 195.224525))",,POINT(0.341637753141233 208.496926599567),"POLYGON((13.525782 -17.346512,22.619914 -17.346512,22.619914 -14.149142,13.525782 -14.149142,13.525782 -17.346512))",,POINT(17.8762102 -15.659037),17.8762102,-15.659037,"POLYGON((5.35326 -17.346512,14.447392 -17.346512,14.447392 -14.149142,5.35326 -14.149142,5.35326 -17.346512))",,POINT(9.703688 -15.659037),9.703688,-15.659037,"POLYGON((84.3948 -310.0998,225.6606 -309.3048,229.2576 -258.8874,85.7406 -259.689,84.3948 -310.0998))",,POINT(153.8076 -283.3146),010300000001000000050000007E1D3867441955404182E2C7986173C09A779CA223356C4022FDF675E05473C063EE5A423EA86C4087A757CA322E70C0BADA8AFD656F55401B2FDD24063B70C07E1D3867441955404182E2C7986173C0,322.372362945274858,153.8076,-283.3146,208.4969266,"POLYGON((0.340585 195.224525,0.405755 216.113501,0.366472 221.526478,0.289821 198.271491,0.340585 195.224525))",,POINT(0.341637753141233 208.496926599567),0.341637753141
669,11506.0,,HMI SHARP,HMI,SDO,11506,HMI,,,4.99999987369e-05,SDO,,cm,68.1025848389,11.0986871719,65.0353317261,70.888923645,"POLYGON((0.90863 279.253459,0.94611 279.056406,0.946873 283.195847,0.910228 283.559289,0.90863 279.253459))",,POINT(0.929932383978205 281.253191803719),"POLYGON((73.207856 9.131943,79.061448 9.131943,79.061448 13.046257,73.207856 13.046257,73.207856 9.131943))",,POINT(76.2751072 11.098687),76.2751072,11.098687,"POLYGON((65.035334 9.131943,70.888926 9.131943,70.888926 13.046257,65.035334 13.046257,65.035334 9.131943))",,POINT(68.102585 11.098687),68.102585,11.098687,"POLYGON((846.234 137.8704,881.628 140.526,869.886 203.9634,834.96 201.3702,846.234 137.8704))",,POINT(860.622 171.2382),010300000001000000050000001D5A643BDF718A4007CE1951DA3B61401B2FDD24068D8B4046B6F3FDD49061400C022B87162F8B40ED9E3C2CD47E694048E17A14AE178A40569FABADD82B69401D5A643BDF718A4007CE1951DA3B6140,877.492306532222528,860.622,171.2382,281.253191804,"POLYGON((0.90863 279.253459,0.94611 279.056406,0.946873 283.195847,0.910228 283.559289,0.90863 279.253459))",,POINT(0.929932383978205 281.253191803719),0.929932383978
670,11504.0,DHO,SWPC,nil,nil,,various,,,5e-05,various,,cm,77.0,-16.0,72.0,82.0,"POLYGON((0.959081 252.161017,0.992769 253.10107,0.99262 254.158953,0.958453 253.251714,0.959081 252.161017))",,POINT(0.979129389831291 253.235250803377),"POLYGON((80.172522 -16.525975,90.172522 -16.525975,90.172522 -15.474025,80.172522 -15.474025,80.172522 -16.525975))",,POINT(85.1725222 -16),85.1725222,-16.0,"POLYGON((72 -16.525975,82 -16.525975,82 -15.474025,72 -15.474025,72 -16.525975))",,POINT(77 -16),77.0,-16.0,"POLYGON((861.486 -277.2396,896.334 -272.3088,901.074 -255.6756,866.04 -260.6202,861.486 -277.2396))",,POINT(884.646 -266.4966),01030000000100000005000000D9CEF753E3EB8A40F241CF66D55371C0E9263108AC028C4014D044D8F00471C03BDF4F8D97288C40AF25E4839EF56FC0B81E85EB51108B40ABCFD556EC4970C0D9CEF753E3EB8A40F241CF66D55371C0,923.915030253085547,884.646,-266.4966,253.235250803,"POLYGON((0.959081 252.161017,0.992769 253.10107,0.99262 254.158953,0.958453 253.251714,0.959081 252.161017))",,POINT(0.979129389831291 253.235250803377),0.979129389831
671,11510.0,BXO,SWPC,nil,nil,,various,,,5e-05,various,,cm,10.0,-15.0,8.5,11.5,"POLYGON((0.323404 206.315975,0.348231 213.731822,0.347306 213.846097,0.322391 206.414247,0.323404 206.315975))",,POINT(0.334669181323225 210.2224921462),"POLYGON((16.672522 -15.034377,19.672522 -15.034377,19.672522 -14.965623,16.672522 -14.965623,16.672522 -15.034377))",,POINT(18.1725222 -15),18.1725222,-15.0,"POLYGON((8.5 -15.034377,11.5 -15.034377,11.5 -14.965623,8.5 -14.965623,8.5 -15.034377))",,POINT(10 -15),10.0,-15.0,"POLYGON((135.2868 -273.54,182.4702 -273.2736,182.529 -272.1846,135.3306 -272.4516,135.2868 -273.54))",,POINT(158.9592 -272.8728),01030000000100000005000000C58F31772DE96040713D0AD7A31871C089D2DEE00BCF6640F8C264AA601471C0B0726891EDD06640772D211FF40271C0D881734694EA6040FAEDEBC0390771C0C58F31772DE96040713D0AD7A31871C0,315.796757811855912,158.9592,-272.8728,210.222492146,"POLYGON((0.323404 206.315975,0.348231 213.731822,0.347306 213.846097,0.322391 206.414247,0.323404 206.315975))",,POINT(0.334669181323225 210.2224921462),0.334669181323
672,11504.0,,HMI SHARP,HMI,SDO,"11504,11505",HMI,,,4.99999987369e-05,SDO,,cm,79.9471359253,-15.9912977219,71.8549118042,89.3445663452,"POLYGON((0.961526 247.313425,0.999997 248.796149,1.000008 259.503471,0.95512 258.427644,0.961526 247.313425))",,POINT(0.987971056151824 253.489121235545),"POLYGON((77.82128 -21.194053,95.310935 -21.194053,95.310935 -10.481031,77.82128 -10.481031,77.82128 -21.194053))",,POINT(85.9135033 -15.991298),85.9135033,-15.991298,"POLYGON((71.854913 -21.194053,89.344567 -21.194053,89.344567 -10.481031,71.854913 -10.481031,71.854913 -21.194053))",,POINT(79.947136 -15.991298),79.947136,-15.991298,"POLYGON((837.096 -349.9344,879.714 -341.2866,927.816 -171.9024,882.93 -180.7956,837.096 -349.9344))",,POINT(893.808 -264.9426),0103000000010000000500000054E3A59BC4288A401E166A4DF3DE75C0C1CAA145B67D8B408AB0E1E9955475C04A0C022B87FE8C4022FDF675E07C65C03D0AD7A370978B405396218E759966C054E3A59BC4288A401E166A4DF3DE75C0,932.248530252936348,893.808,-264.9426,253.489121236,"POLYGON((0.961526 247.313425,0.999997 248.796149,1.000008 259.503471,0.95512 258.427644,0.961526 247.313425))",,POINT(0.987971056151824 253.489121235545),0.987971056152
673,11510.0,,HMI SHARP,HMI,SDO,11510,HMI,,,4.99999987369e-05,SDO,,cm,12.0666284561,-15.6249656677,7.59349679947,16.6130027771,"POLYGON((0.351568 201.126323,0.426627 219.980305,0.391021 225.394509,0.304184 205.028196,0.351568 201.126323))",,POINT(0.36156855867713 214.000272790049),"POLYGON((13.559864 -17.293598,22.579371 -17.293598,22.579371 -14.162482,13.559864 -14.162482,13.559864 -17.293598))",,POINT(18.0329953 -15.624966),18.0329953,-15.624966,"POLYGON((7.593497 -17.293598,16.613003 -17.293598,16.613003 -14.162482,7.593497 -14.162482,7.593497 -17.293598))",,POINT(12.066628 -15.624966),12.066628,-15.624966,"POLYGON((119.5674 -309.4428,258.6576 -308.4714,262.689 -259.0962,121.431 -260.0754,119.5674 -309.4428))",,POINT(190.7844 -282.8466),0103000000010000000500000007F0164850E45D40B3EA73B5155773C098DD9387852A70405AF5B9DA8A4773C01B2FDD24066B704001DE02098A3170C0DD240681955B5E40E561A1D6344170C007F0164850E45D40B3EA73B5155773C0,341.175741246238033,190.7844,-282.8466,214.00027279,"POLYGON((0.351568 201.126323,0.426627 219.980305,0.391021 225.394509,0.304184 205.028196,0.351568 201.126323))",,POINT(0.36156855867713 214.000272790049),0.361568558677
674,11506.0,,HMI SHARP,HMI,SDO,11506,HMI,,,4.99999987369e-05,SDO,,cm,70.1152191162,11.3741788864,67.4661178589,72.7991790771,"POLYGON((0.925406 279.56281,0.956287 279.410576,0.95675 282.837159,0.92643 283.101381,0.925406 279.56281))",,POINT(0.942099430650794 281.4520203834),"POLYGON((73.432482 9.514052,78.765543 9.514052,78.765543 12.788368,73.432482 12.788368,73.432482 9.514052))",,POINT(76.0815873 11.374179),76.0815873,11.374179,"POLYGON((67.466114 9.514052,72.799176 9.514052,72.799176 12.788368,67.466114 12.788368,67.466114 9.514052))",,POINT(70.11522 11.374179),70.11522,11.374179,"POLYGON((861.078 145.0656,890.208 147.5418,880.224 200.5824,851.424 198.1542,861.078 145.0656))",,POINT(871.266 176.5014),01030000000100000005000000B4C876BE9FE88A40C3D32B65192262408B6CE7FBA9D18B40211FF46C567162406F1283C0CA818B4018265305A312694008AC1C5A649B8A4062A1D634EFC46840B4C876BE9FE88A40C3D32B6519226240,888.964108925641654,871.266,176.5014,281.452020383,"POLYGON((0.925406 279.56281,0.956287 279.410576,0.95675 282.837159,0.92643 283.101381,0.925406 279.56281))",,POINT(0.942099430650794 281.4520203834),0.942099430651
675,11504.0,,HMI SHARP,HMI,SDO,"11504,11505",HMI,,,4.99999987369e-05,SDO,,cm,81.4663238525,-15.7897405624,74.2393569946,89.3293457031,"POLYGON((0.971438 247.577608,0.999998 248.745107,1.000013 259.502939,0.966427 258.635247,0.971438 247.577608))",,POINT(0.991565154092746 253.800432300679),"POLYGON((77.999568 -21.244689,93.089557 -21.244689,93.089557 -10.481027,77.999568 -10.481027,77.999568 -21.244689))",,POINT(85.2265363 -15.789741),85.2265363,-15.789741,"POLYGON((74.239356 -21.244689,89.329344 -21.244689,89.329344 -10.481027,74.239356 -10.481027,74.239356 -21.244689))",,POINT(81.466324 -15.789741),81.466324,-15.789741,"POLYGON((847.338 -349.635,879.402 -342.0672,927.81 -171.9102,894.03 -179.6958,847.338 -349.635))",,POINT(898.482 -261.0258),0103000000010000000500000062105839B47A8A405C8FC2F528DA75C0F0A7C64B377B8B40A9A44E40136175C014AE47E17AFE8C40371AC05B207D65C00AD7A3703DF08B40D1915CFE437666C062105839B47A8A405C8FC2F528DA75C0,935.630467967797586,898.482,-261.0258,253.800432301,"POLYGON((0.971438 247.577608,0.999998 248.745107,1.000013 259.502939,0.966427 258.635247,0.971438 247.577608))",,POINT(0.991565154092746 253.800432300679),0.991565154093
676,11510.0,,HMI SHARP,HMI,SDO,11510,HMI,,,4.99999987369e-05,SDO,,cm,14.0752668381,-15.6230392456,9.97896385193,18.8374958038,"POLYGON((0.366674 206.95826,0.449365 223.563064,0.4193 228.515524,0.325967 211.148076,0.366674 206.95826))",,POINT(0.381044924235508 218.117165398438),"POLYGON((13.739176 -17.219496,22.597709 -17.219496,22.597709 -14.3543,13.739176 -14.3543,13.739176 -17.219496))",,POINT(17.8354793 -15.623039),17.8354793,-15.623039,"POLYGON((9.978964 -17.219496,18.837496 -17.219496,18.837496 -14.3543,9.978964 -14.3543,9.978964 -17.219496))",,POINT(14.075267 -15.623039),14.075267,-15.623039,"POLYGON((156.8514 -308.3934,292.212 -307.2492,296.3934 -262.0836,159.096 -263.2368,156.8514 -308.3934))",,POINT(221.94 -282.876),01030000000100000005000000107A36AB3E9B6340F163CC5D4B4673C008AC1C5A644372409CA223B9FC3373C0F163CC5D4B867240211FF46C566170C0508D976E12E3634016FBCBEEC97370C0107A36AB3E9B6340F163CC5D4B4673C0,359.549989536920975,221.94,-282.876,218.117165398,"POLYGON((0.366674 206.95826,0.449365 223.563064,0.4193 228.515524,0.325967 211.148076,0.366674 206.95826))",,POINT(0.381044924235508 218.117165398438),0.381044924236
677,11511.0,,HMI SHARP,HMI,SDO,11511,HMI,,,4.99999987369e-05,SDO,,cm,-4.69793891907,15.7514247894,-5.92141199112,-4.41710805893,"POLYGON((0.254572 23.119232,0.245665 17.683579,0.257901 16.754478,0.266341 21.956435,0.254572 23.119232))",,POINT(0.254586378838764 18.1198868937302),"POLYGON((-4.257047 15.287908,-2.752743 15.287908,-2.752743 16.045756,-4.257047 16.045756,-4.257047 15.287908))",,POINT(-3.0335738 15.751425),-3.0335738,15.751425,"POLYGON((-5.921412 15.287908,-4.417108 15.287908,-4.417108 16.045756,-5.921412 16.045756,-5.921412 15.287908))",,POINT(-4.697939 15.751425),-4.697939,15.751425,"POLYGON((-94.317 220.9176,-70.413 220.8516,-70.1508 233.0196,-93.9666 233.0856,-94.317 220.9176))",,POINT(-74.7108 228.3096),010300000001000000050000003F355EBA499457C0E8D9ACFA5C9D6B40DF4F8D976E9A51C0C1A8A44E409B6B40280F0BB5A68951C00DE02D90A0206D4012143FC6DC7D57C03411363CBD226D403F355EBA499457C0E8D9ACFA5C9D6B40,240.222765550644652,-74.7108,228.3096,18.1198868937,"POLYGON((0.254572 23.119232,0.245665 17.683579,0.257901 16.754478,0.266341 21.956435,0.254572 23.119232))",,POINT(0.254586378838764 18.1198868937302),0.254586378839
678,11504.0,,HMI SHARP,HMI,SDO,"11504,11505",HMI,,,4.99999987369e-05,SDO,,cm,82.6533737183,-15.3618535995,76.345741272,89.3343200684,"POLYGON((0.978979 247.81798,0.999996 248.738821,1.000011 259.498553,0.975087 258.796062,0.978979 247.81798))",,POINT(0.993909060143472 254.306789297003),"POLYGON((77.899798 -21.251129,90.888377 -21.251129,90.888377 -10.485435,77.899798 -10.485435,77.899798 -21.251129))",,POINT(84.2074275 -15.361854),84.2074275,-15.361854,"POLYGON((76.345741 -21.251129,89.334319 -21.251129,89.334319 -10.485435,76.345741 -10.485435,76.345741 -21.251129))",,POINT(82.65337 -15.361854),82.65337,-15.361854,"POLYGON((855.378 -348.7602,879.354 -342.1596,927.786 -171.9792,902.538 -178.7718,855.378 -348.7602))",,POINT(902.874 -253.671),010300000001000000050000001B2FDD2406BB8A40B5A679C729CC75C046B6F3FDD47A8B4011C7BAB88D6275C03F355EBA49FE8C40C8073D9B557F65C0FCA9F1D24D348C40B1E1E995B25866C01B2FDD2406BB8A40B5A679C729CC75C0,937.832840178355013,902.874,-253.671,254.306789297,"POLYGON((0.978979 247.81798,0.999996 248.738821,1.000011 259.498553,0.975087 258.796062,0.978979 247.81798))",,POINT(0.993909060143472 254.306789297003),0.993909060143
679,11511.0,,HMI SHARP,HMI,SDO,11511,HMI,,,4.99999987369e-05,SDO,,cm,-4.69612121582,15.7132024765,-6.27371501923,-3.96929097176,"POLYGON((0.253597 24.705294,0.239866 16.254658,0.258904 14.942186,0.271539 22.836492,0.253597 24.705294))",,POINT(0.253947677440437 18.1632834601167),"POLYGON((-4.719658 15.068283,-2.415233 15.068283,-2.415233 16.235949,-4.719658 16.235949,-4.719658 15.068283))",,POINT(-3.1420635 15.713202),-3.1420635,15.713202,"POLYGON((-6.273715 15.068283,-3.969291 15.068283,-3.969291 16.235949,-6.273715 16.235949,-6.273715 15.068283))",,POINT(-4.696121 15.713202),-4.696121,15.713202,"POLYGON((-100.011 217.3866,-63.3522 217.2858,-62.9904 236.0358,-99.4392 236.1354,-100.011 217.3866))",,POINT(-74.6958 227.6802),0103000000010000000500000062105839B40059C04694F6065F2C6B405BD3BCE314AD4FC04CA60A4625296B40ADFA5C6DC57E4FC04CA60A4625816D40CE1951DA1BDC58C01C7C613255846D4062105839B40059C04694F6065F2C6B40,239.619982492445729,-74.6958,227.6802,18.1632834601,"POLYGON((0.253597 24.705294,0.239866 16.254658,0.258904 14.942186,0.271539 22.836492,0.253597 24.705294))",,POINT(0.253947677440437 18.1632834601167),0.25394767744
680,11510.0,,HMI SHARP,HMI,SDO,11510,HMI,,,4.99999987369e-05,SDO,,cm,16.1230621338,-15.680847168,12.3315896988,20.88813591,"POLYGON((0.384055 212.262073,0.470828 226.616375,0.444975 231.187502,0.348856 216.544788,0.384055 212.262073))",,POINT(0.403176256347688 221.754690508447),"POLYGON((13.885647 -17.090875,22.442194 -17.090875,22.442194 -14.427225,13.885647 -14.427225,13.885647 -17.090875))",,POINT(17.6771195 -15.680847),17.6771195,-15.680847,"POLYGON((12.331589 -17.090875,20.888137 -17.090875,20.888137 -14.427225,12.331589 -14.427225,12.331589 -17.090875))",,POINT(16.123062 -15.680847),16.123062,-15.680847,"POLYGON((193.4394 -306.4398,322.878 -305.1558,327.1626 -263.163,196.0068 -264.4554,193.4394 -306.4398))",,POINT(253.344 -283.8012),0103000000010000000500000099BB96900F2E68407E8CB96B092773C0355EBA490C2E7440780B24287E1273C0462575029A727440F853E3A59B7270C09C33A2B43780684093A98251498770C099BB96900F2E68407E8CB96B092773C0,380.429104377464796,253.344,-283.8012,221.754690508,"POLYGON((0.384055 212.262073,0.470828 226.616375,0.444975 231.187502,0.348856 216.544788,0.384055 212.262073))",,POINT(0.403176256347688 221.754690508447),0.403176256348
681,11504.0,,HMI SHARP,HMI,SDO,"11504,11505",HMI,,,4.99999987369e-05,SDO,,cm,84.0674362183,-14.4999551773,78.1973342896,89.4803466797,"POLYGON((0.984696 247.946643,0.999984 248.679902,1.000007 259.540976,0.981634 258.96652,0.984696 247.946643))",,POINT(0.996180380739879 255.253566699712),"POLYGON((77.545234 -21.314763,88.828246 -21.314763,88.828246 -10.447643,77.545234 -10.447643,77.545234 -21.314763))",,POINT(83.41534 -14.499955),83.41534,-14.499955,"POLYGON((78.197334 -21.314763,89.480346 -21.314763,89.480346 -10.447643,78.197334 -10.447643,78.197334 -21.314763))",,POINT(84.06744 -14.499955),84.06744,-14.499955,"POLYGON((861.15 -348.8604,878.982 -343.056,927.9 -171.2898,909.12 -177.2664,861.15 -348.8604))",,POINT(909.006 -239.2608),010300000001000000050000003333333333E98A40A857CA32C4CD75C060E5D022DB778B4037894160E57075C03333333333FF8C40304CA60A466965C0295C8FC2F5688C40F1F44A59862866C03333333333E98A40A857CA32C4CD75C0,939.966828378874197,909.006,-239.2608,255.2535667,"POLYGON((0.984696 247.946643,0.999984 248.679902,1.000007 259.540976,0.981634 258.96652,0.984696 247.946643))",,POINT(0.996180380739879 255.253566699712),0.99618038074
682,11510.0,,HMI SHARP,HMI,SDO,11510,HMI,,,4.99999987369e-05,SDO,,cm,18.3467578888,-15.6700744629,14.6887254715,23.0005912781,"POLYGON((0.405143 216.936767,0.494558 229.327191,0.473246 233.323769,0.376103 220.921962,0.405143 216.936767))",,POINT(0.427709117035459 225.359835417295),"POLYGON((14.036626 -17.034367,22.34849 -17.034367,22.34849 -14.659695,14.036626 -14.659695,14.036626 -17.034367))",,POINT(17.694658 -15.670074),17.694658,-15.670074,"POLYGON((14.688726 -17.034367,23.00059 -17.034367,23.00059 -14.659695,14.688726 -14.659695,14.688726 -17.034367))",,POINT(18.346758 -15.670074),18.346758,-15.670074,"POLYGON((229.7256 -305.5572,353.928 -304.134,358.1364 -266.7156,232.4574 -268.1484,229.7256 -305.5572))",,POINT(287.1564 -283.572),0103000000010000000500000048BF7D1D38B76C404D158C4AEA1873C0022B8716D91E7640A01A2FDD240273C0CA32C4B12E6276404850FC1873AB70C018265305A30E6D409FABADD85FC270C048BF7D1D38B76C404D158C4AEA1873C0,403.573880776444696,287.1564,-283.572,225.359835417,"POLYGON((0.405143 216.936767,0.494558 229.327191,0.473246 233.323769,0.376103 220.921962,0.405143 216.936767))",,POINT(0.427709117035459 225.359835417295),0.427709117035
683,11511.0,,HMI SHARP,HMI,SDO,11511,HMI,,,4.99999987369e-05,SDO,,cm,-2.67102193832,15.2653417587,-5.39596700668,-0.247687801719,"POLYGON((0.229447 23.553103,0.210239 1.148755,0.256425 0.929692,0.272021 19.433586,0.229447 23.553103))",,POINT(0.237599782126267 10.9562499220001),"POLYGON((-6.048067 13.917627,-0.899788 13.917627,-0.899788 16.627615,-6.048067 16.627615,-6.048067 13.917627))",,POINT(-3.32312200000001 15.265342),-3.323122,15.265342,"POLYGON((-5.395967 13.917627,-0.247688 13.917627,-0.247688 16.627615,-5.395967 16.627615,-5.395967 13.917627))",,POINT(-2.671022 15.265342),-2.671022,15.265342,"POLYGON((-86.5128 198.4626,-3.977082 198.336,-3.925842 241.9236,-85.398 242.0478,-86.5128 198.4626))",,POINT(-42.60984 220.1058),01030000000100000005000000E25817B7D1A055C026E4839ECDCE684009151C5E10D10FC0986E1283C0CA6840191BBAD91F680FC0BD5296218E3D6E40B6F3FDD4785955C0F697DD9387416E40E25817B7D1A055C026E4839ECDCE6840,224.192242636683545,-42.60984,220.1058,10.956249922,"POLYGON((0.229447 23.553103,0.210239 1.148755,0.256425 0.929692,0.272021 19.433586,0.229447 23.553103))",,POINT(0.237599782126267 10.9562499220001),0.237599782126
684,11504.0,,HMI SHARP,HMI,SDO,"11504,11505",HMI,,,4.99999987369e-05,SDO,,cm,85.1813201904,-12.7918710709,80.1737060547,89.5642852783,"POLYGON((0.989758 248.257103,0.999968 248.80918,1.000005 259.568784,0.987543 259.120504,0.989758 248.257103))",,POINT(0.997544940278314 257.021860483167),"POLYGON((77.315456 -21.187983,86.706036 -21.187983,86.706036 -10.422509,77.315456 -10.422509,77.315456 -21.187983))",,POINT(82.32307 -12.791871),82.32307,-12.791871,"POLYGON((80.173706 -21.187983,89.564286 -21.187983,89.564286 -10.422509,80.173706 -10.422509,80.173706 -21.187983))",,POINT(85.18132 -12.791871),85.18132,-12.791871,"POLYGON((867.456 -345.9552,879.732 -341.0634,927.972 -170.8374,915.06 -175.8732,867.456 -345.9552))",,POINT(917.202 -211.3842),01030000000100000005000000CFF753E3A51B8B403A92CB7F489F75C060E5D022DB7D8B4010E9B7AF035175C0B29DEFA7C6FF8C4074B515FBCB5A65C014AE47E17A988C40C05B2041F1FB65C0CFF753E3A51B8B403A92CB7F489F75C0,941.2453393316963,917.202,-211.3842,257.021860483,"POLYGON((0.989758 248.257103,0.999968 248.80918,1.000005 259.568784,0.987543 259.120504,0.989758 248.257103))",,POINT(0.997544940278314 257.021860483167),0.997544940278
685,11510.0,,HMI SHARP,HMI,SDO,11510,HMI,,,4.99999987369e-05,SDO,,cm,20.598657608,-15.7007389069,17.1055202484,25.2663173676,"POLYGON((0.428588 221.240472,0.52039 231.969582,0.501481 235.769519,0.402744 225.201562,0.428588 221.240472))",,POINT(0.454104269160864 228.495934435134),"POLYGON((14.24727 -16.944554,22.408068 -16.944554,22.408068 -14.639346,14.24727 -14.639346,14.24727 -16.944554))",,POINT(17.740408 -15.700739),17.740408,-15.700739,"POLYGON((17.10552 -16.944554,25.266318 -16.944554,25.266318 -14.639346,17.10552 -14.639346,17.10552 -16.944554))",,POINT(20.598658 -15.700739),20.598658,-15.700739,"POLYGON((266.5884 -304.0878,386.7684 -302.5074,391.215 -266.1738,269.6538 -267.7632,266.5884 -304.0878))",,POINT(320.889 -283.9392),01030000000100000005000000764F1E166AA970406C09F9A0670173C0F163CC5D4B2C7840D95F764F1EE872C03D0AD7A370737840B84082E2C7A270C0FF21FDF675DA7040EA04341136BC70C0764F1E166AA970406C09F9A0670173C0,428.475459761279637,320.889,-283.9392,228.495934435,"POLYGON((0.428588 221.240472,0.52039 231.969582,0.501481 235.769519,0.402744 225.201562,0.428588 221.240472))",,POINT(0.454104269160864 228.495934435134),0.454104269161
686,11511.0,,HMI SHARP,HMI,SDO,11511,HMI,,,4.99999987369e-05,SDO,,cm,-0.278477996588,15.0301504135,-3.5713288784,2.67640709877,"POLYGON((0.211181 16.746819,0.20728 347.28706,0.260315 350.059489,0.263347 13.157591,0.211181 16.746819))",,POINT(0.228942300837749 1.18009823696473),"POLYGON((-6.429579 13.46882,-0.181843 13.46882,-0.181843 16.646072,-6.429579 16.646072,-6.429579 13.46882))",,POINT(-3.13672800000001 15.03015),-3.136728,15.03015,"POLYGON((-3.571329 13.46882,2.676407 13.46882,2.676407 16.646072,-3.571329 16.646072,-3.571329 13.46882))",,POINT(-0.278478 15.03015),-0.278478,15.03015,"POLYGON((-57.41616 190.8114,43.04094 190.7868,42.40092 241.9362,-56.56248 241.9608,-57.41616 190.8114))",,POINT(-4.448988 215.9754),01030000000100000005000000A1F31ABB44B54CC02EFF21FDF6D96740938C9C853D854540C58F31772DD96740FA27B858513345407DD0B359F53D6E40B9533A58FF474CC0E63FA4DFBE3E6E40A1F31ABB44B54CC02EFF21FDF6D96740,216.021218632300446,-4.448988,215.9754,1.18009823696,"POLYGON((0.211181 16.746819,0.20728 347.28706,0.260315 350.059489,0.263347 13.157591,0.211181 16.746819))",,POINT(0.228942300837749 1.18009823696473),0.228942300838
687,11511.0,,HMI SHARP,HMI,SDO,11511,HMI,,,4.99999987369e-05,SDO,,cm,2.10682606697,14.9817304611,-1.63669812679,5.31180715561,"POLYGON((0.2012 7.976253,0.218949 335.587927,0.270782 340.788553,0.257059 6.139134,0.2012 7.976253))",,POINT(0.230533027159824 351.098400413031),"POLYGON((-6.701108 13.317999,0.247397 13.317999,0.247397 16.618095,-6.701108 16.618095,-6.701108 13.317999))",,POINT(-2.957584 14.98173),-2.957584,14.98173,"POLYGON((-1.636698 13.317999,5.311807 13.317999,5.311807 16.618095,-1.636698 16.618095,-1.636698 13.317999))",,POINT(2.106826 14.98173),2.106826,14.98173,"POLYGON((-26.34312 188.0064,85.383 188.1204,84.0726 241.2684,-25.9389 241.1574,-26.34312 188.0064))",,POINT(33.65862 214.9002),01030000000100000005000000809A5AB6D6573AC039D6C56D348067408D976E128358554007CE1951DA836740226C787AA5045540E3C798BB96286E40E3361AC05BF039C07E8CB96B09256E40809A5AB6D6573AC039D6C56D34806740,217.520110933091416,33.65862,214.9002,351.098400413,"POLYGON((0.2012 7.976253,0.218949 335.587927,0.270782 340.788553,0.257059 6.139134,0.2012 7.976253))",,POINT(0.230533027159824 351.098400413031),0.23053302716
688,11510.0,,HMI SHARP,HMI,SDO,11510,HMI,,,4.99999987369e-05,SDO,,cm,22.8501262665,-15.6894178391,19.5640277863,27.313873291,"POLYGON((0.454461 225.072732,0.54423 234.092846,0.527753 237.599319,0.432167 228.816922,0.454461 225.072732))",,POINT(0.480865505938982 231.315496433242),"POLYGON((14.499617 -16.872505,22.249463 -16.872505,22.249463 -14.694329,14.499617 -14.694329,14.499617 -16.872505))",,POINT(17.785716 -15.689418),17.785716,-15.689418,"POLYGON((19.564027 -16.872505,27.313873 -16.872505,27.313873 -14.694329,19.564027 -14.694329,19.564027 -16.872505))",,POINT(22.850126 -15.689418),22.850126,-15.689418,"POLYGON((303.5976 -302.8278,415.9266 -301.1598,420.4404 -266.8266,306.8934 -268.5048,303.5976 -302.8278))",,POINT(354.1752 -283.5906),010300000001000000050000006F8104C58FF97240107A36AB3EED72C09487855AD3FE79406ADE718A8ED272C089D2DEE00B477A40FAEDEBC039AD70C0F163CC5D4B2E734055302AA913C870C06F8104C58FF97240107A36AB3EED72C0,453.722052256003963,354.1752,-283.5906,231.315496433,"POLYGON((0.454461 225.072732,0.54423 234.092846,0.527753 237.599319,0.432167 228.816922,0.454461 225.072732))",,POINT(0.480865505938982 231.315496433242),0.480865505939
689,11504.0,DSO,SWPC,nil,nil,,various,,,5e-05,various,,cm,89.0,-15.0,84.0,94.0,"POLYGON((0.996161 254.527809,0.99677 254.877936,0.996779 255.312334,0.996119 254.96203,0.996161 254.527809))",,POINT(1.00000347062544 254.974846945188),"POLYGON((78.93559 -15.216578,88.93559 -15.216578,88.93559 -14.783422,78.93559 -14.783422,78.93559 -15.216578))",,POINT(83.93559 -15),83.93559,-15.0,"POLYGON((84 -15.216578,94 -15.216578,94 -14.783422,84 -14.783422,84 -15.216578))",,POINT(89 -15),89.0,-15.0,"POLYGON((905.868 -250.746,907.938 -245.3556,909.78 -238.467,907.704 -243.8634,905.868 -250.746))",,POINT(911.298 -244.6104),010300000001000000050000006DE7FBA9F14E8C401D5A643BDF576FC02FDD2406815F8C40A54E401361AB6EC00AD7A3703D6E8C406DE7FBA9F1CE6DC01283C0CAA15D8C40BA6B09F9A07B6EC06DE7FBA9F14E8C401D5A643BDF576FC0,943.556194718767074,911.298,-244.6104,254.974846945,"POLYGON((0.996161 254.527809,0.99677 254.877936,0.996779 255.312334,0.996119 254.96203,0.996161 254.527809))",,POINT(1.00000347062544 254.974846945188),1.00000347063
690,11511.0,,HMI SHARP,HMI,SDO,11511,HMI,,,4.99999987369e-05,SDO,,cm,4.48228406906,14.9001016617,0.609865248203,7.99011611938,"POLYGON((0.195513 356.946821,0.238177 325.183302,0.290843 332.639339,0.258214 357.728119,0.195513 356.946821))",,POINT(0.238492602266342 341.452827051127),"POLYGON((-6.660695 13.104213,0.719556 13.104213,0.719556 16.781335,-6.660695 16.781335,-6.660695 13.104213))",,POINT(-2.788276 14.900102),-2.788276,14.900102,"POLYGON((0.609865 13.104213,7.990116 13.104213,7.990116 16.781335,0.609865 16.781335,0.609865 13.104213))",,POINT(4.482284 14.900102),4.482284,14.900102,"POLYGON((9.82566 184.2132,128.3106 184.5,126.1224 243.7242,9.65808 243.4446,9.82566 184.2132))",,POINT(71.5782 213.3408),01030000000100000005000000103B53E8BCA623403B70CE88D20667406744696FF00960400000000000106740F241CF66D5875F406C787AA52C776E40A94D9CDCEF502340A779C7293A6E6E40103B53E8BCA623403B70CE88D2066740,225.028299686683852,71.5782,213.3408,341.452827051,"POLYGON((0.195513 356.946821,0.238177 325.183302,0.290843 332.639339,0.258214 357.728119,0.195513 356.946821))",,POINT(0.238492602266342 341.452827051127),0.238492602266
691,11510.0,,HMI SHARP,HMI,SDO,11510,HMI,,,4.99999987369e-05,SDO,,cm,24.0594615936,-15.6017932892,22.2524757385,26.5853748322,"POLYGON((0.482216 229.086515,0.533382 233.83263,0.520193 236.587002,0.466575 231.961636,0.482216 229.086515))",,POINT(0.494861161278289 232.812053264386),"POLYGON((14.981916 -16.578789,19.314816 -16.578789,19.314816 -14.883907,14.981916 -14.883907,14.981916 -16.578789))",,POINT(16.788902 -15.601793),16.788902,-15.601793,"POLYGON((22.252476 -16.578789,26.585376 -16.578789,26.585376 -14.883907,22.252476 -14.883907,22.252476 -16.578789))",,POINT(24.059462 -15.601793),24.059462,-15.601793,"POLYGON((343.8372 -297.9828,406.2876 -297.0024,409.7028 -270.2826,346.7274 -271.2672,343.8372 -297.9828))",,POINT(371.9778 -282.2232),0103000000010000000500000061C3D32B657D754024287E8CB99F72C0462575029A6479402B1895D4099072C0107A36AB3E9B794098DD938785E470C0C4B12E6EA3AB7540DCD7817346F470C061C3D32B657D754024287E8CB99F72C0,466.923353786336065,371.9778,-282.2232,232.812053264,"POLYGON((0.482216 229.086515,0.533382 233.83263,0.520193 236.587002,0.466575 231.961636,0.482216 229.086515))",,POINT(0.494861161278289 232.812053264386),0.494861161278
692,11511.0,,HMI SHARP,HMI,SDO,11511,HMI,,,4.99999987369e-05,SDO,,cm,6.83362102509,14.8963346481,2.66652655602,10.4500875473,"POLYGON((0.198891 346.766569,0.263023 317.559126,0.313133 326.174974,0.263474 350.229416,0.198891 346.766569))",,POINT(0.253659929059384 332.913666172319),"POLYGON((-6.810183 13.027201,0.973377 13.027201,0.973377 16.895745,-6.810183 16.895745,-6.810183 13.027201))",,POINT(-2.64308900000003 14.896335),-2.643089,14.896335,"POLYGON((2.666527 13.027201,10.450087 13.027201,10.450087 16.895745,2.666527 16.895745,2.666527 13.027201))",,POINT(6.833621 14.896335),6.833621,14.896335,"POLYGON((42.95916 182.6778,167.4732 183.144,164.466 245.4444,42.18774 244.9908,42.95916 182.6778))",,POINT(108.978 213.087),01030000000100000005000000D0D03FC1C57A45405227A089B0D56640F38E537424EF6440F853E3A59BE46640F4FDD478E98E6440F54A598638AE6E40551344DD071845400F9C33A2B49F6E40D0D03FC1C57A45405227A089B0D56640,239.337155604807833,108.978,213.087,332.913666172,"POLYGON((0.198891 346.766569,0.263023 317.559126,0.313133 326.174974,0.263474 350.229416,0.198891 346.766569))",,POINT(0.253659929059384 332.913666172319),0.253659929059
693,11510.0,,HMI SHARP,HMI,SDO,11510,HMI,,,4.99999987369e-05,SDO,,cm,26.3063430786,-15.7095413208,24.673871994,28.7768993378,"POLYGON((0.510959 231.818788,0.559951 235.796357,0.547815 238.485131,0.496664 234.63808,0.510959 231.818788))",,POINT(0.523278330625884 234.932576828865),"POLYGON((15.197162 -16.597106,19.30019 -16.597106,19.30019 -14.896286,15.197162 -14.896286,15.197162 -16.597106))",,POINT(16.8296329999999 -15.709541),16.829633,-15.709541,"POLYGON((24.673872 -16.597106,28.7769 -16.597106,28.7769 -14.896286,24.673872 -14.896286,24.673872 -16.597106))",,POINT(26.306343 -15.709541),26.306343,-15.709541,"POLYGON((378.9654 -298.0152,436.9554 -296.9952,440.6448 -270.1848,382.1658 -271.209,378.9654 -298.0152))",,POINT(404.1078 -283.6686),01030000000100000005000000EF38454772AF774063EE5A423EA072C093A98251494F7B40ABCFD556EC8F72C05F07CE19518A7B40D044D8F0F4E270C0D49AE61DA7E27740D34D621058F370C0EF38454772AF774063EE5A423EA072C0,493.731697024608707,404.1078,-283.6686,234.932576829,"POLYGON((0.510959 231.818788,0.559951 235.796357,0.547815 238.485131,0.496664 234.63808,0.510959 231.818788))",,POINT(0.523278330625884 234.932576828865),0.523278330626
694,11511.0,,HMI SHARP,HMI,SDO,11511,HMI,,,4.99999987369e-05,SDO,,cm,9.10889434814,14.8828229904,4.92390108109,12.7738866806,"POLYGON((0.210805 336.517271,0.290617 311.884249,0.335871 320.757305,0.27226 342.363214,0.210805 336.517271))",,POINT(0.272849630851892 325.72023432715),"POLYGON((-6.758969 13.026311,1.091017 13.026311,1.091017 16.899107,-6.758969 16.899107,-6.758969 13.026311))",,POINT(-2.57397599999996 14.882823),-2.573976,14.882823,"POLYGON((4.923901 13.026311,12.773887 13.026311,12.773887 16.899107,4.923901 16.899107,4.923901 13.026311))",,POINT(9.108894 14.882823),9.108894,14.882823,"POLYGON((79.2564 182.4276,204.1446 183.0672,200.475 245.433,77.8314 244.8102,79.2564 182.4276))",,POINT(144.9996 212.7228),0103000000010000000500000071AC8BDB68D05340A1F831E6AECD66400DE02D90A084694052499D8026E2664033333333330F694060E5D022DBAD6E403E7958A83575534004E78C28ED996E4071AC8BDB68D05340A1F831E6AECD6640,257.44101001977134,144.9996,212.7228,325.720234327,"POLYGON((0.210805 336.517271,0.290617 311.884249,0.335871 320.757305,0.27226 342.363214,0.210805 336.517271))",,POINT(0.272849630851892 325.72023432715),0.272849630852
695,11510.0,,HMI SHARP,HMI,SDO,11510,HMI,,,4.99999987369e-05,SDO,,cm,28.634721756,-15.7918252945,26.9358196259,31.1204833984,"POLYGON((0.538248 234.053908,0.588365 237.657415,0.577494 240.219066,0.525373 236.752656,0.538248 234.053908))",,POINT(0.552529175970937 236.908143633471),"POLYGON((15.25295 -16.621496,19.437614 -16.621496,19.437614 -14.949308,15.25295 -14.949308,15.25295 -16.621496))",,POINT(16.951852 -15.791825),16.951852,-15.791825,"POLYGON((26.93582 -16.621496,31.120484 -16.621496,31.120484 -14.949308,26.93582 -14.949308,26.93582 -16.621496))",,POINT(28.634722 -15.791825),28.634722,-15.791825,"POLYGON((411.141 -298.1208,469.0164 -296.988,472.9188 -270.6342,414.5628 -271.7718,411.141 -298.1208))",,POINT(436.7652 -284.6352),01030000000100000005000000C74B378941B27940B515FBCBEEA172C0787AA52C43507D402B8716D9CE8F72C009F9A067B38E7D40F931E6AE25EA70C005A3923A01E97940D8F0F44A59FC70C0C74B378941B27940B515FBCBEEA172C0,521.326228968080954,436.7652,-284.6352,236.908143633,"POLYGON((0.538248 234.053908,0.588365 237.657415,0.577494 240.219066,0.525373 236.752656,0.538248 234.053908))",,POINT(0.552529175970937 236.908143633471),0.552529175971
696,11510.0,,HMI SHARP,HMI,SDO,11510,HMI,,,4.99999987369e-05,SDO,,cm,30.8444252014,-15.888297081,29.2066822052,33.383266449,"POLYGON((0.565781 236.041982,0.615628 239.252611,0.605732 241.731233,0.554035 238.657874,0.565781 236.041982))",,POINT(0.580302707964233 238.534530280495),"POLYGON((15.317663 -16.647045,19.494247 -16.647045,19.494247 -14.978753,15.317663 -14.978753,15.317663 -16.647045))",,POINT(16.955405 -15.888297),16.955405,-15.888297,"POLYGON((29.206683 -16.647045,33.383267 -16.647045,33.383267 -14.978753,29.206683 -14.978753,29.206683 -16.647045))",,POINT(30.844425 -15.888297),30.844425,-15.888297,"POLYGON((442.7796 -298.1868,499.2054 -296.9652,503.3574 -270.6762,446.4624 -271.9032,442.7796 -298.1868))",,POINT(467.0154 -285.8004),01030000000100000005000000637FD93D79AC7B40492EFF21FDA272C093A9825149337F4096218E75718F72C072F90FE9B7757F40E25817B7D1EA70C0BADA8AFD65E77B40F5DBD78173FE70C0637FD93D79AC7B40492EFF21FDA272C0,547.526485640028227,467.0154,-285.8004,238.53453028,"POLYGON((0.565781 236.041982,0.615628 239.252611,0.605732 241.731233,0.554035 238.657874,0.565781 236.041982))",,POINT(0.580302707964233 238.534530280495),0.580302707964
697,11511.0,,HMI SHARP,HMI,SDO,11511,HMI,,,4.99999987369e-05,SDO,,cm,11.4655103683,14.9552431107,7.18652200699,15.1823501587,"POLYGON((0.229016 327.688179,0.321657 307.190918,0.36295 316.129147,0.28715 335.261035,0.229016 327.688179))",,POINT(0.297580960814338 319.594723352361),"POLYGON((-6.702498 13.049767,1.29333 13.049767,1.29333 16.989389,-6.702498 16.989389,-6.702498 13.049767))",,POINT(-2.42351000000002 14.955243),-2.42351,14.955243,"POLYGON((7.186522 13.049767,15.18235 13.049767,15.18235 16.989389,7.186522 16.989389,7.186522 13.049767))",,POINT(11.46551 14.955243),11.46551,14.955243,"POLYGON((115.5012 182.6214,241.7676 183.4512,237.33 246.8736,113.3808 246.0666,115.5012 182.6214))",,POINT(181.9944 213.8028),0103000000010000000500000055302AA913E05C4080B74082E2D366401B0DE02D90386E40917EFB3A70EE6640C3F5285C8FAA6D4024B9FC87F4DB6E404694F6065F585C403CBD529621C26E4055302AA913E05C4080B74082E2D36640,280.773216171343506,181.9944,213.8028,319.594723352,"POLYGON((0.229016 327.688179,0.321657 307.190918,0.36295 316.129147,0.28715 335.261035,0.229016 327.688179))",,POINT(0.297580960814338 319.594723352361),0.297580960814
698,11510.0,,HMI SHARP,HMI,SDO,11510,HMI,,,4.99999987369e-05,SDO,,cm,33.9094619751,-15.9827623367,31.5290203094,37.7665939331,"POLYGON((0.594299 237.753468,0.667496 241.845169,0.659551 244.0904,0.583973 240.186707,0.594299 237.753468))",,POINT(0.618061741454094 240.561472709916),"POLYGON((15.433851 -16.736557,21.671425 -16.736557,21.671425 -15.132927,15.433851 -15.132927,15.433851 -16.736557))",,POINT(17.814292 -15.982762),17.814292,-15.982762,"POLYGON((31.529021 -16.736557,37.766595 -16.736557,37.766595 -15.132927,31.529021 -15.132927,31.529021 -16.736557))",,POINT(33.909462 -15.982762),33.909462,-15.982762,"POLYGON((474.2406 -299.1834,555.27 -297.1698,559.7436 -271.9128,478.062 -273.936,474.2406 -299.1834))",,POINT(507.8538 -286.611),01030000000100000005000000AEB6627FD9A37D4062A1D634EFB272C05C8FC2F5285A8140C66D3480B79272C0728A8EE4F27D81409F3C2CD49AFE70C0A245B6F3FDE07D40E5D022DBF91E71C0AEB6627FD9A37D4062A1D634EFB272C0,583.147792155162051,507.8538,-286.611,240.56147271,"POLYGON((0.594299 237.753468,0.667496 241.845169,0.659551 244.0904,0.583973 240.186707,0.594299 237.753468))",,POINT(0.618061741454094 240.561472709916),0.618061741454
699,11511.0,,HMI SHARP,HMI,SDO,11511,HMI,,,4.99999987369e-05,SDO,,cm,13.7022628784,15.0031452179,9.45284938812,17.6312770844,"POLYGON((0.251826 320.350022,0.354708 303.347993,0.391352 311.98661,0.30474 328.824202,0.251826 320.350022))",,POINT(0.3232721650226 314.695793843451),"POLYGON((-6.642321 13.07786,1.536107 13.07786,1.536107 16.993852,-6.642321 16.993852,-6.642321 13.07786))",,POINT(-2.39290699999998 15.003145),-2.392907,15.003145,"POLYGON((9.452849 13.07786,17.631277 13.07786,17.631277 16.993852,9.452849 16.993852,9.452849 13.07786))",,POINT(13.702263 15.003145),13.702263,15.003145,"POLYGON((151.6116 182.9418,279.5664 183.9762,274.4598 247.0086,148.842 246.0018,151.6116 182.9418))",,POINT(216.8172 214.527),010300000001000000050000007AC7293A92F36240EEEBC03923DE6640454772F90F7971405E4BC8073DFF664036AB3E575B277140DCD7817346E06E406DE7FBA9F19A624040A4DFBE0EC06E407AC7293A92F36240EEEBC03923DE6640,305.010707918328649,216.8172,214.527,314.695793843,"POLYGON((0.251826 320.350022,0.354708 303.347993,0.391352 311.98661,0.30474 328.824202,0.251826 320.350022))",,POINT(0.3232721650226 314.695793843451),0.323272165023
700,11512.0,,HMI SHARP,HMI,SDO,11512,HMI,,,4.99999987369e-05,SDO,,cm,-61.0345687866,-19.0928478241,-61.6430397034,-60.6108589172,"POLYGON((0.901685 112.751006,0.894371 112.985121,0.893418 112.373908,0.900794 112.143805,0.901685 112.751006))",,POINT(0.896833914402605 112.515078131382),"POLYGON((-78.40006 -19.434501,-77.36788 -19.434501,-77.36788 -18.875899,-78.40006 -18.875899,-78.40006 -19.434501))",,POINT(-77.79159 -19.092848),-77.79159,-19.092848,"POLYGON((-61.64304 -19.434501,-60.61086 -19.434501,-60.61086 -18.875899,-61.64304 -18.875899,-61.64304 -19.434501))",,POINT(-61.03457 -19.092848),-61.03457,-19.092848,"POLYGON((-784.554 -329.007,-776.85 -329.5152,-779.49 -320.8674,-787.218 -320.3574,-784.554 -329.007))",,POINT(-781.674 -324.021),01030000000100000005000000DF4F8D976E8488C0273108AC1C9074C0CDCCCCCCCC4688C063EE5A423E9874C052B81E85EB5B88C0CE88D2DEE00D74C039B4C876BE9988C072F90FE9B70574C0DF4F8D976E8488C0273108AC1C9074C0,846.17010743526032,-781.674,-324.021,112.515078131,"POLYGON((0.901685 112.751006,0.894371 112.985121,0.893418 112.373908,0.900794 112.143805,0.901685 112.751006))",,POINT(0.896833914402605 112.515078131382),0.896833914403
701,11510.0,,HMI SHARP,HMI,SDO,11510,HMI,,,4.99999987369e-05,SDO,,cm,36.1205215454,-16.1717014313,33.7751121521,40.1963233948,"POLYGON((0.621748 239.188907,0.695721 242.975161,0.688927 245.026927,0.612802 241.413656,0.621748 239.188907))",,POINT(0.645514067348223 241.661171627423),"POLYGON((15.473792 -16.846957,21.895004 -16.846957,21.895004 -15.332535,15.473792 -15.332535,15.473792 -16.846957))",,POINT(17.8192 -16.171701),17.8192,-16.171701,"POLYGON((33.775112 -16.846957,40.196324 -16.846957,40.196324 -15.332535,33.775112 -15.332535,33.775112 -16.846957))",,POINT(36.12052 -16.171701),36.12052,-16.171701,"POLYGON((503.826 -300.4728,584.7402 -298.2594,589.233 -274.4268,507.6984 -276.6492,503.826 -300.4728))",,POINT(536.0538 -289.104),01030000000100000005000000F0A7C64B377D7F40C898BB9690C772C0FE43FAEDEB45824052499D8026A472C0BE9F1A2FDD698240ED9E3C2CD42671C06C787AA52CBB7F4003098A1F634A71C0F0A7C64B377D7F40C898BB9690C772C0,609.044168603919729,536.0538,-289.104,241.661171627,"POLYGON((0.621748 239.188907,0.695721 242.975161,0.688927 245.026927,0.612802 241.413656,0.621748 239.188907))",,POINT(0.645514067348223 241.661171627423),0.645514067348
702,11512.0,,HMI SHARP,HMI,SDO,11512,HMI,,,4.99999987369e-05,SDO,,cm,-59.6517829895,-19.1487445831,-61.1476402283,-58.0036468506,"POLYGON((0.8993 113.555177,0.876204 114.331669,0.872953 112.53701,0.896642 111.797825,0.8993 113.555177))",,POINT(0.886888293876951 112.904008606561),"POLYGON((-79.448962 -20.065862,-76.304968 -20.065862,-76.304968 -18.45357,-79.448962 -18.45357,-79.448962 -20.065862))",,POINT(-77.953103 -19.148745),-77.953103,-19.148745,"POLYGON((-61.147642 -20.065862,-58.003648 -20.065862,-58.003648 -18.45357,-61.147642 -18.45357,-61.147642 -20.065862))",,POINT(-59.651783 -19.148745),-59.651783,-19.148745,"POLYGON((-777.792 -339.0846,-753.27 -340.6158,-760.734 -315.6822,-785.496 -314.1414,-777.792 -339.0846))",,POINT(-770.808 -325.6656),0103000000010000000500000075931804564E88C0DE9387855A3175C05C8FC2F5288A87C007CE1951DA4975C01D5A643BDFC587C04D158C4AEABA73C08716D9CEF78B88C0787AA52C43A273C075931804564E88C0DE9387855A3175C0,836.781366838052918,-770.808,-325.6656,112.904008607,"POLYGON((0.8993 113.555177,0.876204 114.331669,0.872953 112.53701,0.896642 111.797825,0.8993 113.555177))",,POINT(0.886888293876951 112.904008606561),0.886888293877
703,11511.0,,HMI SHARP,HMI,SDO,11511,HMI,,,4.99999987369e-05,SDO,,cm,15.9624452591,15.0500383377,11.5262861252,20.0344486237,"POLYGON((0.275457 314.792077,0.387906 300.248344,0.421287 308.68635,0.324747 323.790852,0.275457 314.792077))",,POINT(0.351007241124719 310.547442164693),"POLYGON((-6.775034 13.094368,1.733128 13.094368,1.733128 17.076996,-6.775034 17.076996,-6.775034 13.094368))",,POINT(-2.33887499999997 15.050038),-2.338875,15.050038,"POLYGON((11.526286 13.094368,20.034448 13.094368,20.034448 17.076996,11.526286 17.076996,11.526286 13.094368))",,POINT(15.962445 15.050038),15.962445,15.050038,"POLYGON((184.4388 183.105,316.161 184.3674,310.269 248.451,181.0008 247.2234,184.4388 183.105))",,POINT(251.6502 215.2902),01030000000100000005000000832F4CA60A0E67408FC2F5285CE366407F6ABC7493C273409D11A5BDC10B6740FCA9F1D24D647340DF4F8D976E0E6F40C7BAB88D06A06640A5BDC11726E76E40832F4CA60A0E67408FC2F5285CE36640,331.176227069637321,251.6502,215.2902,310.547442165,"POLYGON((0.275457 314.792077,0.387906 300.248344,0.421287 308.68635,0.324747 323.790852,0.275457 314.792077))",,POINT(0.351007241124719 310.547442164693),0.351007241125
704,11511.0,CRO,SWPC,nil,nil,,various,,,5e-05,various,,cm,17.0,15.0,15.0,19.0,"POLYGON((0.337789 311.962454,0.388745 305.642014,0.390103 305.976743,0.339425 312.314552,0.337789 311.962454))",,POINT(0.363586435312994 308.733522636434),"POLYGON((-3.30132 14.92265,0.69868 14.92265,0.69868 15.07735,-3.30132 15.07735,-3.30132 14.92265))",,POINT(-1.30131999999998 15),-1.30132,15.0,"POLYGON((15 14.92265,19 14.92265,19 15.07735,15 15.07735,15 14.92265))",,POINT(17 15),17.0,15.0,"POLYGON((236.9832 213.0996,298.074 213.7308,297.8574 216.2214,236.811 215.5914,236.9832 213.0996))",,POINT(267.597 214.6428),01030000000100000005000000ACADD85F769F6D40D0D556EC2FA36A4077BE9F1A2FA17240567DAEB662B76A4072F90FE9B79D7240B3EA73B515076B40CBA145B6F3996D40575BB1BFECF26A40ACADD85F769F6D40D0D556EC2FA36A40,343.044728863219802,267.597,214.6428,308.733522636,"POLYGON((0.337789 311.962454,0.388745 305.642014,0.390103 305.976743,0.339425 312.314552,0.337789 311.962454))",,POINT(0.363586435312994 308.733522636434),0.363586435313
705,11510.0,,HMI SHARP,HMI,SDO,11510,HMI,,,4.99999987369e-05,SDO,,cm,38.138420105,-16.2655944824,36.0648918152,42.3541107178,"POLYGON((0.648964 240.575359,0.719923 243.929737,0.713765 245.918055,0.64085 242.723359,0.648964 240.575359))",,POINT(0.669645713682794 242.665549536391),"POLYGON((15.557424 -16.900907,21.846642 -16.900907,21.846642 -15.393329,15.557424 -15.393329,15.557424 -16.900907))",,POINT(17.63095 -16.265594),17.63095,-16.265594,"POLYGON((36.064894 -16.900907,42.354112 -16.900907,42.354112 -15.393329,36.064894 -15.393329,36.064894 -16.900907))",,POINT(38.13842 -16.265594),38.13842,-16.265594,"POLYGON((533.31 -300.807,610.134 -298.509,614.82 -274.7898,537.405 -277.098,533.31 -300.807))",,POINT(561.2604 -290.1156),0103000000010000000500000014AE47E17AAA8040F4FDD478E9CC72C0508D976E12118340A01A2FDD24A872C0C3F5285C8F36834018265305A32C71C00AD7A3703DCB804021B07268915171C014AE47E17AAA8040F4FDD478E9CC72C0,631.807168344519482,561.2604,-290.1156,242.665549536,"POLYGON((0.648964 240.575359,0.719923 243.929737,0.713765 245.918055,0.64085 242.723359,0.648964 240.575359))",,POINT(0.669645713682794 242.665549536391),0.669645713683
706,11512.0,,HMI SHARP,HMI,SDO,11512,HMI,,,4.99999987369e-05,SDO,,cm,-60.9213867188,-20.1505088806,-68.6348953247,-55.4740638733,"POLYGON((0.947569 114.357032,0.86162 117.491015,0.852161 113.086388,0.943825 110.27708,0.947569 114.357032))",,POINT(0.897910862353994 113.708689676474),"POLYGON((-89.142366 -22.247326,-75.981534 -22.247326,-75.981534 -18.33887,-89.142366 -18.33887,-89.142366 -22.247326))",,POINT(-81.428857 -20.150509),-81.428857,-20.150509,"POLYGON((-68.634896 -22.247326,-55.474064 -22.247326,-55.474064 -18.33887,-68.634896 -18.33887,-68.634896 -22.247326))",,POINT(-60.921387 -20.150509),-60.921387,-20.150509,"POLYGON((-814.452 -368.7156,-721.14 -375.258,-739.62 -315.267,-835.308 -308.61,-814.452 -368.7156))",,POINT(-775.674 -340.6374),01030000000100000005000000560E2DB29D7389C04850FC18730B77C085EB51B81E8986C0E3A59BC4207477C0295C8FC2F51C87C083C0CAA145B473C05839B4C8761A8AC0F6285C8FC24973C0560E2DB29D7389C04850FC18730B77C0,847.174121745205298,-775.674,-340.6374,113.708689676,"POLYGON((0.947569 114.357032,0.86162 117.491015,0.852161 113.086388,0.943825 110.27708,0.947569 114.357032))",,POINT(0.897910862353994 113.708689676474),0.897910862354
707,11511.0,,HMI SHARP,HMI,SDO,11511,HMI,,,4.99999987369e-05,SDO,,cm,18.1303939819,15.1044788361,13.6149358749,22.3742084503,"POLYGON((0.301595 310.235117,0.420865 297.815725,0.450638 305.836386,0.34621 319.255878,0.301595 310.235117))",,POINT(0.378871200080394 307.218114705214),"POLYGON((-6.892534 13.140803,1.866738 13.140803,1.866738 17.096737,-6.892534 17.096737,-6.892534 13.140803))",,POINT(-2.37707599999999 15.104479),-2.377076,15.104479,"POLYGON((13.614936 13.140803,22.374208 13.140803,22.374208 17.096737,13.614936 17.096737,13.614936 13.140803))",,POINT(18.130394 15.104479),18.130394,15.104479,"POLYGON((217.2282 183.8004,351.2016 185.2908,344.6856 248.928,213.1968 247.4784,217.2282 183.8004))",,POINT(284.6616 216.2118),010300000001000000050000004F1E166A4D276B40FDF675E09CF96640FAEDEBC039F37540A835CD3B4E29674034A2B437F88A754004560E2DB21D6F404A7B832F4CA66A40014D840D4FEF6E404F1E166A4D276B40FDF675E09CF96640,357.462961681067043,284.6616,216.2118,307.218114705,"POLYGON((0.301595 310.235117,0.420865 297.815725,0.450638 305.836386,0.34621 319.255878,0.301595 310.235117))",,POINT(0.378871200080394 307.218114705214),0.37887120008
708,11512.0,,HMI SHARP,HMI,SDO,11512,HMI,,,4.99999987369e-05,SDO,,cm,-59.417640686,-20.3685512543,-67.1464920044,-53.3048973083,"POLYGON((0.940127 114.937742,0.845037 118.530231,0.833711 113.817836,0.935612 110.608736,0.940127 114.937742))",,POINT(0.887553096015352 114.320664005531),"POLYGON((-89.86011 -22.537011,-76.018516 -22.537011,-76.018516 -18.415855,-89.86011 -18.415855,-89.86011 -22.537011))",,POINT(-82.13126 -20.368551),-82.13126,-20.368551,"POLYGON((-67.14649 -22.537011,-53.304896 -22.537011,-53.304896 -18.415855,-67.14649 -18.415855,-67.14649 -22.537011))",,POINT(-59.41764 -20.368551),-59.41764,-20.368551,"POLYGON((-804.3 -373.9878,-700.464 -380.7996,-719.604 -317.6508,-826.248 -310.71,-804.3 -373.9878))",,POINT(-763.08 -344.8752),0103000000010000000500000066666666662289C0D26F5F07CE5F77C0C1CAA145B6E385C01B9E5E29CBCC77C046B6F3FDD47C86C0CAC342AD69DA73C0448B6CE7FBD189C08FC2F5285C6B73C066666666662289C0D26F5F07CE5F77C0,837.394763522581457,-763.08,-344.8752,114.320664006,"POLYGON((0.940127 114.937742,0.845037 118.530231,0.833711 113.817836,0.935612 110.608736,0.940127 114.937742))",,POINT(0.887553096015352 114.320664005531),0.887553096015
709,11511.0,,HMI SHARP,HMI,SDO,11511,HMI,,,4.99999987369e-05,SDO,,cm,20.3087062836,15.1566476822,15.8847675323,24.6189899445,"POLYGON((0.331918 306.272794,0.452844 295.949361,0.479135 303.449708,0.371295 314.961349,0.331918 306.272794))",,POINT(0.407609114956857 304.377657757307),"POLYGON((-6.828852 13.230724,1.90537 13.230724,1.90537 17.099922,-6.828852 17.099922,-6.828852 13.230724))",,POINT(-2.40491399999996 15.156648),-2.404914,15.156648,"POLYGON((15.884768 13.230724,24.61899 13.230724,24.61899 17.099922,15.884768 17.099922,15.884768 13.230724))",,POINT(20.308706 15.156648),20.308706,15.156648,"POLYGON((252.4728 185.2752,384.1776 186.9558,377.1834 249.1764,247.875 247.5408,252.4728 185.2752))",,POINT(317.4018 217.1478),010300000001000000050000009031772D218F6F407FFB3A70CE28674050FC1873D70278408AB0E1E9955E674062A1D634EF92774076E09C11A5256F400000000000FC6E40A835CD3B4EF16E409031772D218F6F407FFB3A70CE286740,384.573880662844829,317.4018,217.1478,304.377657757,"POLYGON((0.331918 306.272794,0.452844 295.949361,0.479135 303.449708,0.371295 314.961349,0.331918 306.272794))",,POINT(0.407609114956857 304.377657757307),0.407609114957
710,11510.0,,HMI SHARP,HMI,SDO,11510,HMI,,,4.99999987369e-05,SDO,,cm,39.5550422668,-16.340763092,38.1995277405,41.8029594421,"POLYGON((0.673668 241.797437,0.71402 243.648512,0.708567 245.363385,0.667278 243.588722,0.673668 241.797437))",,POINT(0.686354291616049 243.295231090958),"POLYGON((15.485908 -16.906123,19.08934 -16.906123,19.08934 -15.612141,15.485908 -15.612141,15.485908 -16.906123))",,POINT(16.841422 -16.340763),16.841422,-16.340763,"POLYGON((38.199528 -16.906123,41.80296 -16.906123,41.80296 -15.612141,38.199528 -15.612141,38.199528 -16.906123))",,POINT(39.555042 -16.340763),39.555042,-16.340763,"POLYGON((560.1402 -300.3768,603.666 -299.0256,607.668 -278.682,563.8566 -280.0392,560.1402 -300.3768))",,POINT(578.493 -291.012),0103000000010000000500000032772D211F81814020D26F5F07C672C017D9CEF753DD824071AC8BDB68B072C0D34D621058FD8240F4FDD478E96A71C007CE1951DA9E81400DE02D90A08071C032772D211F81814020D26F5F07C672C0,647.566317216236939,578.493,-291.012,243.295231091,"POLYGON((0.673668 241.797437,0.71402 243.648512,0.708567 245.363385,0.667278 243.588722,0.673668 241.797437))",,POINT(0.686354291616049 243.295231090958),0.686354291616
711,11510.0,,HMI SHARP,HMI,SDO,11510,HMI,,,4.99999987369e-05,SDO,,cm,41.906665802,-16.3360691071,40.4118385315,44.4282722473,"POLYGON((0.698955 242.88684,0.742647 244.744204,0.737014 246.686937,0.692193 244.923133,0.698955 242.88684))",,POINT(0.712835731551875 244.431628231656),"POLYGON((15.492068 -16.954574,19.508502 -16.954574,19.508502 -15.44407,15.492068 -15.44407,15.492068 -16.954574))",,POINT(16.986896 -16.33607),16.986896,-16.33607,"POLYGON((40.411838 -16.954574,44.428272 -16.954574,44.428272 -15.44407,40.411838 -15.44407,40.411838 -16.954574))",,POINT(41.906666 -16.33607),41.906666,-16.33607,"POLYGON((586.9812 -300.5436,633.696 -298.9488,638.586 -275.1912,591.5118 -276.7932,586.9812 -300.5436))",,POINT(606.684 -290.2626),01030000000100000005000000AEB6627FD9578240B1E1E995B2C872C021B0726891CD83401EA7E8482EAF72C0A69BC420B0F48340EC2FBB270F3371C0BE30992A187C8240FFB27BF2B04C71C0AEB6627FD9578240B1E1E995B2C872C0,672.54579978969457,606.684,-290.2626,244.431628232,"POLYGON((0.698955 242.88684,0.742647 244.744204,0.737014 246.686937,0.692193 244.923133,0.698955 242.88684))",,POINT(0.712835731551875 244.431628231656),0.712835731552
712,11512.0,,HMI SHARP,HMI,SDO,11512,HMI,,,4.99999987369e-05,SDO,,cm,-57.4531135559,-20.3411083221,-64.9864807129,-51.1636657715,"POLYGON((0.92809 115.455655,0.827396 119.387773,0.814296 114.454828,0.922564 110.948754,0.92809 115.455655))",,POINT(0.872747323168616 114.81414687126),"POLYGON((-89.90625 -22.611979,-76.083436 -22.611979,-76.083436 -18.366369,-89.90625 -18.366369,-89.90625 -22.611979))",,POINT(-82.372884 -20.341108),-82.372884,-20.341108,"POLYGON((-64.98648 -22.611979,-51.163666 -22.611979,-51.163666 -18.366369,-64.98648 -18.366369,-64.98648 -22.611979))",,POINT(-57.453114 -20.341108),-57.453114,-20.341108,"POLYGON((-790.626 -376.3584,-680.178 -383.0694,-699.348 -318.0456,-812.886 -311.2038,-790.626 -376.3584))",,POINT(-747.396 -345.5694),010300000001000000050000005EBA490C02B588C02F6EA301BC8577C08195438B6C4185C07AA52C431CF177C0105839B4C8DA85C029CB10C7BAE073C00C022B87166789C0CCEEC9C3427373C05EBA490C02B588C02F6EA301BC8577C0,823.419085904838653,-747.396,-345.5694,114.814146871,"POLYGON((0.92809 115.455655,0.827396 119.387773,0.814296 114.454828,0.922564 110.948754,0.92809 115.455655))",,POINT(0.872747323168616 114.81414687126),0.872747323169
713,11511.0,,HMI SHARP,HMI,SDO,11511,HMI,,,4.99999987369e-05,SDO,,cm,22.5000476837,15.2175588608,18.1093273163,26.834941864,"POLYGON((0.362173 302.975086,0.483989 294.291679,0.507144 301.309099,0.396857 311.238827,0.362173 302.975086))",,POINT(0.437051430483174 301.961851232296),"POLYGON((-6.810443 13.270293,1.915171 13.270293,1.915171 17.051229,-6.810443 17.051229,-6.810443 13.270293))",,POINT(-2.41972200000004 15.217559),-2.419722,15.217559,"POLYGON((18.109327 13.270293,26.834941 13.270293,26.834941 17.051229,18.109327 17.051229,18.109327 13.270293))",,POINT(22.500048 15.217559),22.500048,15.217559,"POLYGON((286.6572 185.9802,416.205 187.851,408.8016 248.6442,281.5566 246.8214,286.6572 185.9802))",,POINT(349.8372 218.2788),01030000000100000005000000E6AE25E483EA714041F163CC5D3F6740E17A14AE47037A40AC1C5A643B7B67409487855AD38C7940AA8251499D146F4042CF66D5E7987140E71DA7E848DA6E40E6AE25E483EA714041F163CC5D3F6740,412.349003919349855,349.8372,218.2788,301.961851232,"POLYGON((0.362173 302.975086,0.483989 294.291679,0.507144 301.309099,0.396857 311.238827,0.362173 302.975086))",,POINT(0.437051430483174 301.961851232296),0.437051430483
714,11511.0,,HMI SHARP,HMI,SDO,11511,HMI,,,4.99999987369e-05,SDO,,cm,24.457069397,15.2318754196,20.1599140167,29.0317077637,"POLYGON((0.390517 300.39956,0.514543 292.852585,0.535358 299.544629,0.421921 308.357033,0.390517 300.39956))",,POINT(0.463239432108386 300.019696264288),"POLYGON((-6.966007 13.293649,1.905787 13.293649,1.905787 17.059233,-6.966007 17.059233,-6.966007 13.293649))",,POINT(-2.66885000000002 15.231875),-2.66885,15.231875,"POLYGON((20.159913 13.293649,29.031707 13.293649,29.031707 17.059233,20.159913 17.059233,20.159913 13.293649))",,POINT(24.45707 15.231875),24.45707,15.231875,"POLYGON((317.7876 186.4416,447.3516 188.5326,439.4184 249.063,312.1506 247.0266,317.7876 186.4416))",,POINT(378.4242 218.6568),01030000000100000005000000462575029ADC73403CBD5296214E674061545227A0F57B4030BB270F0B91674058CA32C4B1767B40BC74931804226F4071AC8BDB688273405B423EE8D9E06E40462575029ADC73403CBD5296214E6740,437.053396431008196,378.4242,218.6568,300.019696264,"POLYGON((0.390517 300.39956,0.514543 292.852585,0.535358 299.544629,0.421921 308.357033,0.390517 300.39956))",,POINT(0.463239432108386 300.019696264288),0.463239432108
715,11512.0,,HMI SHARP,HMI,SDO,11512,HMI,,,4.99999987369e-05,SDO,,cm,-54.9647750854,-20.3486099243,-62.7727127075,-48.7487602234,"POLYGON((0.914537 115.903953,0.806209 120.289171,0.791388 115.254546,0.908026 111.338103,0.914537 115.903953))",,POINT(0.852949455668903 115.547413408847),"POLYGON((-89.898631 -22.566959,-75.874679 -22.566959,-75.874679 -18.316899,-89.898631 -18.316899,-89.898631 -22.566959))",,POINT(-82.090695 -20.34861),-82.090695,-20.34861,"POLYGON((-62.772711 -22.566959,-48.748759 -22.566959,-48.748759 -18.316899,-62.772711 -18.316899,-62.772711 -22.566959))",,POINT(-54.964775 -20.34861),-54.964775,-20.34861,"POLYGON((-776.148 -376.9434,-656.802 -383.6376,-675.288 -318.552,-797.97 -311.727,-776.148 -376.9434))",,POINT(-726.054 -347.0478),0103000000010000000500000077BE9F1A2F4188C0BE30992A188F77C023DBF97E6A8684C0E0BE0E9C33FA77C0FCA9F1D24D1A85C046B6F3FDD4E873C0F6285C8FC2EF88C01283C0CAA17B73C077BE9F1A2F4188C0BE30992A188F77C0,804.73386060289522,-726.054,-347.0478,115.547413409,"POLYGON((0.914537 115.903953,0.806209 120.289171,0.791388 115.254546,0.908026 111.338103,0.914537 115.903953))",,POINT(0.852949455668903 115.547413408847),0.852949455669
716,11512.0,,HMI SHARP,HMI,SDO,11512,HMI,,,4.99999987369e-05,SDO,,cm,-53.575881958,-20.6157302856,-60.6381340027,-46.5668640137,"POLYGON((0.900661 116.492608,0.786724 121.303681,0.770082 116.141837,0.89305 111.835428,0.900661 116.492608))",,POINT(0.84213260132357 116.295193953389),"POLYGON((-89.970195 -22.625758,-75.898925 -22.625758,-75.898925 -18.343098,-89.970195 -18.343098,-89.970195 -22.625758))",,POINT(-82.907942 -20.61573),-82.907942,-20.61573,"POLYGON((-60.638135 -22.625758,-46.566865 -22.625758,-46.566865 -18.343098,-60.638135 -18.343098,-60.638135 -22.625758))",,POINT(-53.575882 -20.61573),-53.575882,-20.61573,"POLYGON((-760.512 -379.0548,-634.194 -385.6518,-652.224 -320.112,-782.112 -313.3836,-760.512 -379.0548))",,POINT(-712.308 -351.9702),010300000001000000050000006ABC749318C487C022FDF675E0B077C0643BDF4F8DD183C08638D6C56D1A78C06F1283C0CA6184C06F1283C0CA0174C037894160E57088C0EEEBC039239673C06ABC749318C487C022FDF675E0B077C0,794.522314697353295,-712.308,-351.9702,116.295193953,"POLYGON((0.900661 116.492608,0.786724 121.303681,0.770082 116.141837,0.89305 111.835428,0.900661 116.492608))",,POINT(0.84213260132357 116.295193953389),0.842132601324
717,11511.0,,HMI SHARP,HMI,SDO,11511,HMI,,,4.99999987369e-05,SDO,,cm,26.6865501404,15.3328762054,22.370803833,31.1941509247,"POLYGON((0.422239 298.313725,0.544807 291.839761,0.563403 298.136723,0.450239 305.795566,0.422239 298.313725))",,POINT(0.493704091887654 298.260071697633),"POLYGON((-6.961256 13.438049,1.862092 13.438049,1.862092 17.138943,-6.961256 17.138943,-6.961256 13.438049))",,POINT(-2.64551 15.332876),-2.64551,15.332876,"POLYGON((22.370804 13.438049,31.194152 13.438049,31.194152 17.138943,22.370804 17.138943,22.370804 13.438049))",,POINT(26.68655 15.332876),26.68655,15.332876,"POLYGON((350.7084 188.9454,477.1146 191.2164,468.735 250.6674,344.547 248.4546,350.7084 188.9454))",,POINT(410.2734 220.5408),01030000000100000005000000C8073D9B55EB75406E3480B7409E6740F241CF66D5D17D40575BB1BFECE66740F6285C8FC24B7D4036AB3E575B556F40986E1283C08875405F984C158C0E6F40C8073D9B55EB75406E3480B7409E6740,465.792343445230927,410.2734,220.5408,298.260071698,"POLYGON((0.422239 298.313725,0.544807 291.839761,0.563403 298.136723,0.450239 305.795566,0.422239 298.313725))",,POINT(0.493704091887654 298.260071697633),0.493704091888
718,11512.0,,HMI SHARP,HMI,SDO,11512,HMI,,,4.99999987369e-05,SDO,,cm,-50.8789176941,-20.4006061554,-58.6802978516,-44.5137939453,"POLYGON((0.887489 117.252331,0.768596 122.529264,0.748361 116.730279,0.877956 112.046336,0.887489 117.252331))",,POINT(0.818091327579088 116.975702180281),"POLYGON((-90.218508 -22.839742,-76.052004 -22.839742,-76.052004 -18.110018,-90.218508 -18.110018,-90.218508 -22.839742))",,POINT(-82.417128 -20.400606),-82.417128,-20.400606,"POLYGON((-58.680298 -22.839742,-44.513794 -22.839742,-44.513794 -18.110018,-58.680298 -18.110018,-58.680298 -22.839742))",,POINT(-50.878918 -20.400606),-50.878918,-20.400606,"POLYGON((-744.366 -383.412,-611.376 -389.9286,-630.594 -317.5734,-767.748 -310.9128,-744.366 -383.412))",,POINT(-687.858 -350.1138),01030000000100000005000000B0726891ED4287C03BDF4F8D97F677C05EBA490C021B83C00D71AC8BDB5E78C0986E1283C0B483C06C787AA52CD973C0448B6CE7FBFD87C09F3C2CD49A6E73C0B0726891ED4287C03BDF4F8D97F677C0,771.83437414670766,-687.858,-350.1138,116.97570218,"POLYGON((0.887489 117.252331,0.768596 122.529264,0.748361 116.730279,0.877956 112.046336,0.887489 117.252331))",,POINT(0.818091327579088 116.975702180281),0.818091327579
719,11511.0,,HMI SHARP,HMI,SDO,11511,HMI,,,4.99999987369e-05,SDO,,cm,29.001411438,15.4337882996,24.6880950928,33.4100723267,"POLYGON((0.455278 296.428038,0.575152 290.904172,0.591532 296.787997,0.479877 303.38765,0.455278 296.428038))",,POINT(0.525116179387729 296.686541936129),"POLYGON((-6.850116 13.560637,1.871864 13.560637,1.871864 17.167547,-6.850116 17.167547,-6.850116 13.560637))",,POINT(-2.53679899999997 15.433788),-2.536799,15.433788,"POLYGON((24.688094 13.560637,33.410074 13.560637,33.410074 17.167547,24.688094 17.167547,24.688094 13.560637))",,POINT(29.001411 15.433788),29.001411,15.433788,"POLYGON((384.6468 191.175,506.9142 193.614,498.1914 251.5236,378.0258 249.1452,384.6468 191.175))",,POINT(442.6506 222.4998),01030000000100000005000000D8F0F44A590A78409A99999999E567400DE02D90A0AE7F40CFF753E3A5336840454772F90F237F40F085C954C1706F40CAC342AD69A07740226C787AA5246F40D8F0F44A590A78409A99999999E56740,495.424782061212568,442.6506,222.4998,296.686541936,"POLYGON((0.455278 296.428038,0.575152 290.904172,0.591532 296.787997,0.479877 303.38765,0.455278 296.428038))",,POINT(0.525116179387729 296.686541936129),0.525116179388
720,11511.0,CRO,SWPC,nil,nil,,various,,,5e-05,various,,cm,29.0,15.0,27.0,31.0,"POLYGON((0.495287 297.220717,0.549039 294.505174,0.549809 294.770984,0.496216 297.508539,0.495287 297.220717))",,POINT(0.522691831857621 295.915765236201),"POLYGON((-4.53821 14.92265,-0.53821 14.92265,-0.53821 15.07735,-4.53821 15.07735,-4.53821 14.92265))",,POINT(-2.53820999999999 15),-2.53821,15.0,"POLYGON((27 14.92265,31 14.92265,31 15.07735,27 15.07735,27 14.92265))",,POINT(29 15),29.0,15.0,"POLYGON((415.5312 213.744,471.336 214.8516,470.994 217.3404,415.2294 216.2334,415.5312 213.744))",,POINT(443.5464 215.5254),010300000001000000050000002A3A92CB7FF879402B8716D9CEB76A404C37894160757D40C1A8A44E40DB6A4096438B6CE76F7D40DE718A8EE42A6B403D9B559FABF379405DDC460378076B402A3A92CB7FF879402B8716D9CEB76A40,493.137513274056289,443.5464,215.5254,295.915765236,"POLYGON((0.495287 297.220717,0.549039 294.505174,0.549809 294.770984,0.496216 297.508539,0.495287 297.220717))",,POINT(0.522691831857621 295.915765236201),0.522691831858
721,11512.0,,HMI SHARP,HMI,SDO,11512,HMI,,,4.99999987369e-05,SDO,,cm,-48.5672302246,-20.1170330048,-56.5309333801,-42.1032829285,"POLYGON((0.871679 117.861287,0.745556 123.75215,0.723008 117.834935,0.860812 112.583077,0.871679 117.861287))",,POINT(0.796026110917017 117.519665573756),"POLYGON((-90.275285 -22.819513,-75.847635 -22.819513,-75.847635 -18.091669,-90.275285 -18.091669,-90.275285 -22.819513))",,POINT(-82.31158 -20.117033),-82.31158,-20.117033,"POLYGON((-56.530935 -22.819513,-42.103285 -22.819513,-42.103285 -18.091669,-56.530935 -18.091669,-56.530935 -22.819513))",,POINT(-48.56723 -20.117033),-48.56723,-20.117033,"POLYGON((-727.056 -384.3276,-584.8374 -390.8076,-603.198 -318.5004,-749.862 -311.8776,-727.056 -384.3276))",,POINT(-666.036 -347.007),010300000001000000050000009CC420B072B886C0B7627FD93D0578C05D6DC5FEB24682C0FE43FAEDEB6C78C0DD24068195D982C0B22E6EA301E873C037894160E56E87C0832F4CA60A7E73C09CC420B072B886C0B7627FD93D0578C0,751.011192556409242,-666.036,-347.007,117.519665574,"POLYGON((0.871679 117.861287,0.745556 123.75215,0.723008 117.834935,0.860812 112.583077,0.871679 117.861287))",,POINT(0.796026110917017 117.519665573756),0.796026110917
722,11511.0,,HMI SHARP,HMI,SDO,11511,HMI,,,4.99999987369e-05,SDO,,cm,31.3015766144,15.4888191223,26.9999542236,35.7185592651,"POLYGON((0.488889 295.1372,0.606621 290.300541,0.620257 295.503484,0.509435 301.257177,0.488889 295.1372))",,POINT(0.555747962781891 295.264015243122),"POLYGON((-6.744396 13.835865,1.97421 13.835865,1.97421 17.164473,-6.744396 17.164473,-6.744396 13.835865))",,POINT(-2.44277299999999 15.488819),-2.442773,15.488819,"POLYGON((26.999954 13.835865,35.71856 13.835865,35.71856 17.164473,26.999954 17.164473,26.999954 13.835865))",,POINT(31.301577 15.488819),31.301577,15.488819,"POLYGON((417.5598 195.93,536.7678 198.5622,528.1608 251.9592,410.862 249.3876,417.5598 195.93))",,POINT(474.1698 223.7748),01030000000100000005000000D044D8F0F4187A40F6285C8FC27D6840F38E537424C68040F5B9DA8AFDD1684093A982514981804058CA32C4B17E6F406F1283C0CAAD7940BF7D1D38672C6F40D044D8F0F4187A40F6285C8FC27D6840,524.320665573158635,474.1698,223.7748,295.264015243,"POLYGON((0.488889 295.1372,0.606621 290.300541,0.620257 295.503484,0.509435 301.257177,0.488889 295.1372))",,POINT(0.555747962781891 295.264015243122),0.555747962782
723,11511.0,,HMI SHARP,HMI,SDO,11511,HMI,,,4.99999987369e-05,SDO,,cm,33.4131660461,15.5118894577,29.2695713043,37.9096069336,"POLYGON((0.520051 293.5902,0.634825 289.421367,0.647192 294.483543,0.538727 299.504624,0.520051 293.5902))",,POINT(0.583355701701355 294.077688429872),"POLYGON((-6.680919 13.840275,1.959119 13.840275,1.959119 17.201405,-6.680919 17.201405,-6.680919 13.840275))",,POINT(-2.53732400000001 15.511889),-2.537324,15.511889,"POLYGON((29.269571 13.840275,37.909609 13.840275,37.909609 17.201405,29.269571 17.201405,29.269571 13.840275))",,POINT(33.413166 15.511889),33.413166,15.511889,"POLYGON((449.637 196.35,564.8418 199.149,555.6852 253.0476,442.3452 250.314,449.637 196.35))",,POINT(502.4778 224.5344),01030000000100000005000000D578E926311A7C4033333333338B68402F6EA301BCA6814054E3A59BC4E46840C139234A7B5D814044696FF085A16F4044696FF085A57B40355EBA490C4A6F40D578E926311A7C4033333333338B6840,550.363185792981653,502.4778,224.5344,294.07768843,"POLYGON((0.520051 293.5902,0.634825 289.421367,0.647192 294.483543,0.538727 299.504624,0.520051 293.5902))",,POINT(0.583355701701355 294.077688429872),0.583355701701
724,11510.0,,HMI SHARP,HMI,SDO,11510,HMI,,,4.99999987369e-05,SDO,,cm,57.6380310059,-15.1036300659,55.2865829468,60.041217804,"POLYGON((0.846468 249.136495,0.885365 250.273072,0.881755 252.876869,0.841661 251.845257,0.846468 249.136495))",,POINT(0.864160491845158 251.066016360153),"POLYGON((19.336095 -16.28614,24.090729 -16.28614,24.090729 -13.948608,19.336095 -13.948608,19.336095 -16.28614))",,POINT(21.68754 -15.10363),21.68754,-15.10363,"POLYGON((55.286585 -16.28614,60.041219 -16.28614,60.041219 -13.948608,55.286585 -13.948608,55.286585 -16.28614))",,POINT(57.63803 -15.10363),57.63803,-15.10363,"POLYGON((746.232 -284.4138,786.27 -281.9424,795.012 -244.929,754.53 -247.4166,746.232 -284.4138))",,POINT(771.174 -264.543),0103000000010000000500000060E5D022DB5187405BB1BFEC9EC671C05C8FC2F52892884002BC0512149F71C06ABC749318D888407D3F355EBA9D6EC00AD7A3703D9487406FF085C954ED6EC060E5D022DB5187405BB1BFEC9EC671C0,815.286659479351442,771.174,-264.543,251.06601636,"POLYGON((0.846468 249.136495,0.885365 250.273072,0.881755 252.876869,0.841661 251.845257,0.846468 249.136495))",,POINT(0.864160491845158 251.066016360153),0.864160491845
725,11512.0,,HMI SHARP,HMI,SDO,11512,HMI,,,4.99999987369e-05,SDO,,cm,-46.3152580261,-20.0688667297,-54.1795692444,-39.6905250549,"POLYGON((0.853305 118.560382,0.721754 125.065541,0.696046 118.836967,0.840532 113.032374,0.853305 118.560382))",,POINT(0.77440698514544 118.397266115494),"POLYGON((-90.130059 -22.769071,-75.641015 -22.769071,-75.641015 -17.901507,-90.130059 -17.901507,-90.130059 -22.769071))",,POINT(-82.265748 -20.068867),-82.265748,-20.068867,"POLYGON((-54.179569 -22.769071,-39.690525 -22.769071,-39.690525 -17.901507,-54.179569 -17.901507,-54.179569 -22.769071))",,POINT(-46.315258 -20.068867),-46.315258,-20.068867,"POLYGON((-707.082 -384.8796,-557.3412 -391.2054,-575.2488 -316.7292,-729.78 -310.26,-707.082 -384.8796))",,POINT(-642.696 -347.4648),010300000001000000050000002DB29DEFA71886C0FC1873D7120E78C029CB10C7BA6A81C093A98251497378C0F5B9DA8AFDF981C0E4839ECDAACB73C00AD7A3703DCE86C05C8FC2F5286473C02DB29DEFA71886C0FC1873D7120E78C0,730.609290698551149,-642.696,-347.4648,118.397266115,"POLYGON((0.853305 118.560382,0.721754 125.065541,0.696046 118.836967,0.840532 113.032374,0.853305 118.560382))",,POINT(0.77440698514544 118.397266115494),0.774406985145
726,11511.0,,HMI SHARP,HMI,SDO,11511,HMI,,,4.99999987369e-05,SDO,,cm,35.4400138855,15.4751014709,31.6272735596,40.0291366577,"POLYGON((0.551926 292.153647,0.661364 288.623656,0.672542 293.553984,0.568742 297.856352,0.551926 292.153647))",,POINT(0.609201818674569 292.976701322465),"POLYGON((-6.529357 13.813658,1.872507 13.813658,1.872507 17.2002,-6.529357 17.2002,-6.529357 13.813658))",,POINT(-2.71661599999999 15.475101),-2.716616,15.475101,"POLYGON((31.627273 13.813658,40.029137 13.813658,40.029137 17.2002,31.627273 17.2002,31.627273 13.813658))",,POINT(35.440014 15.475101),35.440014,15.475101,"POLYGON((482.2662 196.3542,591.2832 199.2606,581.6364 253.5546,474.3948 250.7166,482.2662 196.3542))",,POINT(529.1454 224.355),010300000001000000050000002063EE5A42247E40C8073D9B558B6840D1915CFE437A8240CEAACFD556E868406519E258172D824092CB7F48BFB16F405F07CE1951A67D40098A1F63EE566F402063EE5A42247E40C8073D9B558B6840,574.743438732587833,529.1454,224.355,292.976701322,"POLYGON((0.551926 292.153647,0.661364 288.623656,0.672542 293.553984,0.568742 297.856352,0.551926 292.153647))",,POINT(0.609201818674569 292.976701322465),0.609201818675
727,11510.0,,HMI SHARP,HMI,SDO,11510,HMI,,,4.99999987369e-05,SDO,,cm,59.8898048401,-15.0781755447,57.4943275452,62.4381217957,"POLYGON((0.865276 249.6431,0.903129 250.720883,0.899972 253.333177,0.860948 252.356362,0.865276 249.6431))",,POINT(0.882329115704026 251.574924247596),"POLYGON((19.337698 -16.320169,24.281492 -16.320169,24.281492 -13.933025,19.337698 -13.933025,19.337698 -16.320169))",,POINT(21.733175 -15.078176),21.733175,-15.078176,"POLYGON((57.494328 -16.320169,62.438122 -16.320169,62.438122 -13.933025,57.494328 -13.933025,57.494328 -16.320169))",,POINT(59.889805 -15.078176),59.889805,-15.078176,"POLYGON((765.348 -283.9752,804.264 -281.3202,813.396 -243.5172,774.042 -246.1896,765.348 -283.9752))",,POINT(789.75 -263.0988),01030000000100000005000000105839B4C8EA8740F2B0506B9ABF71C0273108AC1C228940DE02098A1F9571C0BA490C022B6B8940B8AF03E78C706EC075931804563088404BEA043411C66EC0105839B4C8EA8740F2B0506B9ABF71C0,832.421792759800383,789.75,-263.0988,251.574924248,"POLYGON((0.865276 249.6431,0.903129 250.720883,0.899972 253.333177,0.860948 252.356362,0.865276 249.6431))",,POINT(0.882329115704026 251.574924247596),0.882329115704
728,11512.0,,HMI SHARP,HMI,SDO,11512,HMI,,,4.99999987369e-05,SDO,,cm,-44.3020858765,-20.099111557,-52.097782135,-37.4071311951,"POLYGON((0.837402 119.670087,0.701142 126.91375,0.670417 120.058088,0.821854 113.600614,0.837402 119.670087))",,POINT(0.754760713217158 119.348885569367),"POLYGON((-90.254412 -23.103229,-75.563762 -23.103229,-75.563762 -17.835151,-90.254412 -17.835151,-90.254412 -23.103229))",,POINT(-82.458716 -20.099112),-82.458716,-20.099112,"POLYGON((-52.097782 -23.103229,-37.407132 -23.103229,-37.407132 -17.835151,-52.097782 -17.835151,-52.097782 -23.103229))",,POINT(-44.302086 -20.099112),-44.302086,-20.099112,"POLYGON((-686.454 -391.0716,-528.8826 -397.2948,-547.4364 -316.803,-710.514 -310.425,-686.454 -391.0716))",,POINT(-620.676 -349.0038),010300000001000000050000001283C0CAA17385C04CA60A46257178C099BB96900F8780C0C66D3480B7D478C0CC7F48BF7D1B81C0022B8716D9CC73C0273108AC1C3486C0CDCCCCCCCC6673C01283C0CAA17385C04CA60A46257178C0,712.06906223374142,-620.676,-349.0038,119.348885569,"POLYGON((0.837402 119.670087,0.701142 126.91375,0.670417 120.058088,0.821854 113.600614,0.837402 119.670087))",,POINT(0.754760713217158 119.348885569367),0.754760713217
729,11512.0,,HMI SHARP,HMI,SDO,11512,HMI,,,4.99999987369e-05,SDO,,cm,-42.2184944153,-20.0109443665,-49.9480209351,-35.2050285339,"POLYGON((0.819345 120.518255,0.679345 128.45558,0.64543 121.41445,0.801793 114.291134,0.819345 120.518255))",,POINT(0.733348740218854 120.268891014245),"POLYGON((-90.310789 -23.121774,-75.567797 -23.121774,-75.567797 -17.805146,-90.310789 -17.805146,-90.310789 -23.121774))",,POINT(-82.581264 -20.010944),-82.581264,-20.010944,"POLYGON((-49.948019 -23.121774,-35.205027 -23.121774,-35.205027 -17.805146,-49.948019 -17.805146,-49.948019 -23.121774))",,POINT(-42.218494 -20.010944),-42.218494,-20.010944,"POLYGON((-665.91 -392.5368,-501.894 -398.5896,-519.6624 -317.3832,-689.466 -311.1774,-665.91 -392.5368))",,POINT(-597.5412 -348.7398),01030000000100000005000000E17A14AE47CF84C0E3C798BB968878C0FCA9F1D24D5E7FC08CDB68006FE978C0F7065F984C3D80C03CBD529621D673C07D3F355EBA8B85C0F7E461A1D67273C0E17A14AE47CF84C0E3C798BB968878C0,691.863377988371326,-597.5412,-348.7398,120.268891014,"POLYGON((0.819345 120.518255,0.679345 128.45558,0.64543 121.41445,0.801793 114.291134,0.819345 120.518255))",,POINT(0.733348740218854 120.268891014245),0.733348740219
730,11510.0,,HMI SHARP,HMI,SDO,11510,HMI,,,4.99999987369e-05,SDO,,cm,62.0771865845,-15.0447092056,59.5797805786,64.7619400024,"POLYGON((0.881826 250.216434,0.918874 251.245485,0.916252 253.772304,0.878094 252.837533,0.881826 250.216434))",,POINT(0.898837238778748 252.037506560556),"POLYGON((19.21701 -16.229062,24.39917 -16.229062,24.39917 -13.884284,19.21701 -13.884284,19.21701 -16.229062))",,POINT(21.714417 -15.044709),21.714417,-15.044709,"POLYGON((59.57978 -16.229062,64.76194 -16.229062,64.76194 -13.884284,59.57978 -13.884284,59.57978 -16.229062))",,POINT(62.077187 -15.044709),62.077187,-15.044709,"POLYGON((782.838 -281.5854,820.866 -278.7186,829.98 -241.5666,791.532 -244.452,782.838 -281.5854))",,POINT(806.658 -261.5154),0103000000010000000500000062105839B476884041F163CC5D9971C0B0726891EDA689407DAEB6627F6B71C0A4703D0AD7EF89403CBD529621326EC0C74B378941BC88405839B4C8768E6EC062105839B476884041F163CC5D9971C0,847.990231901971924,806.658,-261.5154,252.037506561,"POLYGON((0.881826 250.216434,0.918874 251.245485,0.916252 253.772304,0.878094 252.837533,0.881826 250.216434))",,POINT(0.898837238778748 252.037506560556),0.898837238779
731,11511.0,,HMI SHARP,HMI,SDO,11511,HMI,,,4.99999987369e-05,SDO,,cm,37.5102958679,15.4976272583,33.858039856,42.0355758667,"POLYGON((0.581695 290.995397,0.68589 287.968643,0.695941 292.747629,0.596784 296.469288,0.581695 290.995397))",,POINT(0.635390624056406 292.065259436515),"POLYGON((-6.50473 13.802395,1.672806 13.802395,1.672806 17.187181,-6.50473 17.187181,-6.50473 13.802395))",,POINT(-2.85247400000003 15.497627),-2.852474,15.497627,"POLYGON((33.85804 13.802395,42.035576 13.802395,42.035576 17.187181,33.85804 17.187181,33.85804 13.802395))",,POINT(37.510296 15.497627),37.510296,15.497627,"POLYGON((512.3544 196.6272,615.528 199.6248,605.502 253.8786,504.0042 250.95,512.3544 196.6272))",,POINT(555.5412 225.1896),010300000001000000050000009FCDAACFD5028040A301BC05129468404E621058393C83404ED1915CFEF36840BC74931804EC82408048BF7D1DBC6F404BEA043411807F4066666666665E6F409FCDAACFD5028040A301BC0512946840,599.446728947285123,555.5412,225.1896,292.065259437,"POLYGON((0.581695 290.995397,0.68589 287.968643,0.695941 292.747629,0.596784 296.469288,0.581695 290.995397))",,POINT(0.635390624056406 292.065259436515),0.635390624056
732,11512.0,,HMI SHARP,HMI,SDO,11512,HMI,,,4.99999987369e-05,SDO,,cm,-44.0792274475,-18.9932880402,-58.7060661316,-33.0861701965,"POLYGON((0.888932 117.745249,0.659159 130.225698,0.602983 118.559491,0.872645 108.437577,0.888932 117.745249))",,POINT(0.748019356947497 118.109008147309),"POLYGON((-101.274978 -23.258989,-75.655082 -23.258989,-75.655082 -14.847071,-101.274978 -14.847071,-101.274978 -23.258989))",,POINT(-86.648137 -18.993288),-86.648137,-18.993288,"POLYGON((-58.706068 -23.258989,-33.086172 -23.258989,-33.086172 -14.847071,-58.706068 -14.847071,-58.706068 -23.258989))",,POINT(-44.079227 -18.993288),-44.079227,-18.993288,"POLYGON((-742.218 -390.4212,-474.7992 -401.6016,-499.6494 -271.9596,-781.014 -260.3778,-742.218 -390.4212))",,POINT(-622.464 -332.4906),0103000000010000000500000039B4C876BE3187C03411363CBD6678C0696FF085C9AC7DC061545227A01979C05C2041F1633A7FC0DE9387855AFF70C0273108AC1C6888C0DC4603780B4670C039B4C876BE3187C03411363CBD6678C0,705.699249244577231,-622.464,-332.4906,118.109008147,"POLYGON((0.888932 117.745249,0.659159 130.225698,0.602983 118.559491,0.872645 108.437577,0.888932 117.745249))",,POINT(0.748019356947497 118.109008147309),0.748019356947
733,11510.0,,HMI SHARP,HMI,SDO,11510,HMI,,,4.99999987369e-05,SDO,,cm,64.2465209961,-15.0321855545,61.5489501953,67.0883483887,"POLYGON((0.896742 250.591844,0.93346 251.599961,0.931167 254.19377,0.893319 253.280556,0.896742 250.591844))",,POINT(0.914095991828121 252.436848644239),"POLYGON((18.980039 -16.259125,24.519441 -16.259125,24.519441 -13.817879,18.980039 -13.817879,18.980039 -16.259125))",,POINT(21.67761 -15.032186),21.67761,-15.032186,"POLYGON((61.548949 -16.259125,67.088351 -16.259125,67.088351 -13.817879,61.548949 -13.817879,61.548949 -16.259125))",,POINT(64.24652 -15.032186),64.24652,-15.032186,"POLYGON((797.934 -281.1246,835.626 -277.9764,845.268 -239.286,807.15 -242.4552,797.934 -281.1246))",,POINT(822.18 -260.229),01030000000100000005000000B6F3FDD478EF88404ED1915CFE9171C05EBA490C021D8A40083D9B559F5F71C0A01A2FDD246A8A40FED478E926E96DC03333333333398940742497FF904E6EC0B6F3FDD478EF88404ED1915CFE9171C0,862.379895893335402,822.18,-260.229,252.436848644,"POLYGON((0.896742 250.591844,0.93346 251.599961,0.931167 254.19377,0.893319 253.280556,0.896742 250.591844))",,POINT(0.914095991828121 252.436848644239),0.914095991828
734,11511.0,,HMI SHARP,HMI,SDO,11511,HMI,,,4.99999987369e-05,SDO,,cm,39.5601539612,15.4125776291,36.0832443237,43.859539032,"POLYGON((0.610853 289.9862,0.707602 287.431292,0.716714 292.089789,0.624394 295.256988,0.610853 289.9862))",,POINT(0.660405053152443 291.104566756938),"POLYGON((-6.485667 13.792332,1.290627 13.792332,1.290627 17.180836,-6.485667 17.180836,-6.485667 13.792332))",,POINT(-3.00875600000001 15.412578),-3.008756,15.412578,"POLYGON((36.083243 13.792332,43.859537 13.792332,43.859537 17.180836,36.083243 17.180836,36.083243 13.792332))",,POINT(39.560154 15.412578),39.560154,15.412578,"POLYGON((541.5858 196.9734,636.912 199.9782,626.532 254.2782,532.755 251.343,541.5858 196.9734))",,POINT(581.2512 224.3394),01030000000100000005000000F90FE9B7AFEC8040A5BDC117269F68409EEFA7C64BE783404F1E166A4DFF6840C74B378941948340E9B7AF03E7C86F40D7A3703D0AA68040E5D022DBF96A6F40F90FE9B7AFEC8040A5BDC117269F6840,623.041831576179106,581.2512,224.3394,291.104566757,"POLYGON((0.610853 289.9862,0.707602 287.431292,0.716714 292.089789,0.624394 295.256988,0.610853 289.9862))",,POINT(0.660405053152443 291.104566756938),0.660405053152
735,11512.0,,HMI SHARP,HMI,SDO,11512,HMI,,,4.99999987369e-05,SDO,,cm,-44.2692947388,-18.4354114532,-57.3712844849,-31.0051670074,"POLYGON((0.879741 118.305149,0.63964 132.128367,0.573957 119.191864,0.860687 108.111446,0.879741 118.305149))",,POINT(0.747757612305253 117.339087587773),"POLYGON((-102.146333 -23.410928,-75.780217 -23.410928,-75.780217 -14.290346,-102.146333 -14.290346,-102.146333 -23.410928))",,POINT(-89.044345 -18.435411),-89.044345,-18.435411,"POLYGON((-57.371283 -23.410928,-31.005167 -23.410928,-31.005167 -14.290346,-57.371283 -14.290346,-57.371283 -23.410928))",,POINT(-44.269295 -18.435411),-44.269295,-18.435411,"POLYGON((-730.728 -393.5412,-447.543 -404.7888,-472.7082 -264.0996,-771.756 -252.4194,-730.728 -393.5412))",,POINT(-626.652 -323.9808),01030000000100000005000000E7FBA9F1D2D586C086C954C1A89878C0A69BC420B0F87BC05BB1BFEC9E4C79C06FF085C9548B7DC0E86A2BF6978170C0355EBA490C1E88C0287E8CB96B8D6FC0E7FBA9F1D2D586C086C954C1A89878C0,705.447579819110274,-626.652,-323.9808,117.339087588,"POLYGON((0.879741 118.305149,0.63964 132.128367,0.573957 119.191864,0.860687 108.111446,0.879741 118.305149))",,POINT(0.747757612305253 117.339087587773),0.747757612305
736,11510.0,,HMI SHARP,HMI,SDO,11510,HMI,,,4.99999987369e-05,SDO,,cm,66.5856018066,-15.0545511246,63.807598114,69.5178604126,"POLYGON((0.91272 250.973091,0.947231 251.916283,0.945269 254.594069,0.90965 253.74166,0.91272 250.973091))",,POINT(0.929271174306561 252.792575549555),"POLYGON((19.032547 -16.30584,24.742813 -16.30584,24.742813 -13.75217,19.032547 -13.75217,19.032547 -16.30584))",,POINT(21.81055 -15.054551),21.81055,-15.054551,"POLYGON((63.807597 -16.30584,69.517863 -16.30584,69.517863 -13.75217,63.807597 -13.75217,63.807597 -16.30584))",,POINT(66.5856 -15.054551),66.5856,-15.054551,"POLYGON((814.032 -280.7214,849.492 -277.3896,859.74 -236.9076,823.86 -240.2634,814.032 -280.7214))",,POINT(837.45 -259.353),01030000000100000005000000C74B3789417089405AF5B9DA8A8B71C00E2DB29DEF8B8A4058A835CD3B5671C052B81E85EBDD8A4030BB270F0B9D6DC07B14AE47E1BE89408638D6C56D086EC0C74B3789417089405AF5B9DA8A8B71C0,876.690641622801763,837.45,-259.353,252.79257555,"POLYGON((0.91272 250.973091,0.947231 251.916283,0.945269 254.594069,0.90965 253.74166,0.91272 250.973091))",,POINT(0.929271174306561 252.792575549555),0.929271174307
737,11511.0,,HMI SHARP,HMI,SDO,11511,HMI,,,4.99999987369e-05,SDO,,cm,41.9125022888,15.3183450699,38.417842865,45.8475837708,"POLYGON((0.640819 289.08605,0.730633 286.928637,0.738616 291.373257,0.652617 294.058316,0.640819 289.08605))",,POINT(0.688464020809167 290.128253127069),"POLYGON((-6.357207 13.798773,1.072533 13.798773,1.072533 17.121977,-6.357207 17.121977,-6.357207 13.798773))",,POINT(-2.862548 15.318345),-2.862548,15.318345,"POLYGON((38.417843 13.798773,45.847583 13.798773,45.847583 17.121977,38.417843 17.121977,38.417843 13.798773))",,POINT(41.912502 15.318345),41.912502,15.318345,"POLYGON((571.3266 197.6838,659.424 200.7084,648.9 253.9518,562.206 250.9962,571.3266 197.6838))",,POINT(609.84 223.5108),01030000000100000005000000FDF675E09CDA814027A089B0E1B5684008AC1C5A649B8440910F7A36AB1669403333333333478440A60A462575BE6F40CFF753E3A5918140CE88D2DEE05F6F40FDF675E09CDA814027A089B0E1B56840,649.508970928531539,609.84,223.5108,290.128253127,"POLYGON((0.640819 289.08605,0.730633 286.928637,0.738616 291.373257,0.652617 294.058316,0.640819 289.08605))",,POINT(0.688464020809167 290.128253127069),0.688464020809
738,11510.0,CRO,SWPC,nil,nil,,various,,,5e-05,various,,cm,67.0,-16.0,66.0,68.0,"POLYGON((0.92666 251.634228,0.938621 251.956176,0.93853 252.065035,0.926547 251.744176,0.92666 251.634228))",,POINT(0.932713146019093 251.853367173688),"POLYGON((21.22495 -16.051566,23.22495 -16.051566,23.22495 -15.948434,21.22495 -15.948434,21.22495 -16.051566))",,POINT(22.22495 -16),22.22495,-16.0,"POLYGON((66 -16.051566,68 -16.051566,68 -15.948434,66 -15.948434,66 -16.051566))",,POINT(67 -16),67.0,-16.0,"POLYGON((829.698 -275.4534,841.962 -274.2822,842.4 -272.6556,830.124 -273.8274,829.698 -275.4534))",,POINT(836.172 -274.0566),01030000000100000005000000DD24068195ED89401AC05B20413771C004560E2DB24F8A40E6AE25E4832471C03333333333538A401FF46C567D0A71C0A245B6F3FDF089405E4BC8073D1D71C0DD24068195ED89401AC05B20413771C0,879.937857798810683,836.172,-274.0566,251.853367174,"POLYGON((0.92666 251.634228,0.938621 251.956176,0.93853 252.065035,0.926547 251.744176,0.92666 251.634228))",,POINT(0.932713146019093 251.853367173688),0.932713146019
739,11511.0,CRO,SWPC,nil,nil,,various,,,5e-05,various,,cm,44.0,15.0,42.0,46.0,"POLYGON((0.688438 289.575237,0.734893 288.438101,0.73513 288.576149,0.688735 289.721608,0.688438 289.575237))",,POINT(0.712148736655038 289.047095298283),"POLYGON((-2.77505 14.948434,1.22495 14.948434,1.22495 15.051566,-2.77505 15.051566,-2.77505 14.948434))",,POINT(-0.775050000000022 15),-0.77505,15.0,"POLYGON((42 14.948434,46 14.948434,46 15.051566,42 15.051566,42 14.948434))",,POINT(44 15),44.0,15.0,"POLYGON((611.946 217.6062,657.72 219.2802,657.402 220.9356,611.652 219.2634,611.946 217.6062))",,POINT(635.07 219.2562),0103000000010000000500000021B07268911F8340BADA8AFD65336B40F6285C8FC28D8440DB8AFD65F7686B40F0A7C64B378B84406744696FF09D6B40F0A7C64B371D83408638D6C56D686B4021B07268911F8340BADA8AFD65336B40,671.853545155817528,635.07,219.2562,289.047095298,"POLYGON((0.688438 289.575237,0.734893 288.438101,0.73513 288.576149,0.688735 289.721608,0.688438 289.575237))",,POINT(0.712148736655038 289.047095298283),0.712148736655
740,11510.0,,HMI SHARP,HMI,SDO,11510,HMI,,,4.99999987369e-05,SDO,,cm,68.8509979248,-15.0185470581,66.022644043,71.7071228027,"POLYGON((0.927147 251.322704,0.958316 252.177755,0.956691 254.85077,0.924512 254.076558,0.927147 251.322704))",,POINT(0.942583070329507 253.164341442052),"POLYGON((19.041461 -16.340282,24.725939 -16.340282,24.725939 -13.764122,19.041461 -13.764122,19.041461 -16.340282))",,POINT(21.86982 -15.018547),21.86982,-15.018547,"POLYGON((66.022641 -16.340282,71.707119 -16.340282,71.707119 -13.764122,66.022641 -13.764122,66.022641 -16.340282))",,POINT(68.851 -15.018547),68.851,-15.018547,"POLYGON((828.618 -280.1058,860.7 -276.7092,871.188 -235.8678,838.728 -239.289,828.618 -280.1058))",,POINT(851.13 -257.5494),010300000001000000050000006DE7FBA9F1E48940AB3E575BB18171C09A99999999E58A402C6519E2584B71C02FDD240681398B40006F8104C57B6DC0E7FBA9F1D2358A406891ED7C3FE96DC06DE7FBA9F1E48940AB3E575BB18171C0,889.243482034228919,851.13,-257.5494,253.164341442,"POLYGON((0.927147 251.322704,0.958316 252.177755,0.956691 254.85077,0.924512 254.076558,0.927147 251.322704))",,POINT(0.942583070329507 253.164341442052),0.94258307033
741,11512.0,,HMI SHARP,HMI,SDO,11512,HMI,,,4.99999987369e-05,SDO,,cm,-43.658908844,-17.9636859894,-55.730381012,-28.7230739594,"POLYGON((0.867875 118.952398,0.618188 134.329881,0.543667 120.58207,0.846051 108.201175,0.867875 118.952398))",,POINT(0.739559365957389 117.035241156286),"POLYGON((-102.711561 -23.531702,-75.704253 -23.531702,-75.704253 -14.029348,-102.711561 -14.029348,-102.711561 -23.531702))",,POINT(-90.64009 -17.963686),-90.64009,-17.963686,"POLYGON((-55.730381 -23.531702,-28.723073 -23.531702,-28.723073 -14.029348,-55.730381 -14.029348,-55.730381 -23.531702))",,POINT(-43.65891 -17.963686),-43.65891,-17.963686,"POLYGON((-716.436 -396.3492,-417.1836 -407.5374,-441.558 -260.9502,-758.238 -249.3132,-716.436 -396.3492))",,POINT(-621.468 -317.1354),01030000000100000005000000736891ED7C6386C0363CBD5296C578C0BBB88D06F0127AC0ED0DBE30997879C0B0726891ED987BC08C4AEA04344F70C096438B6CE7B187C06EA301BC052A6FC0736891ED7C6386C0363CBD5296C578C0,697.708633282661822,-621.468,-317.1354,117.035241156,"POLYGON((0.867875 118.952398,0.618188 134.329881,0.543667 120.58207,0.846051 108.201175,0.867875 118.952398))",,POINT(0.739559365957389 117.035241156286),0.739559365957
742,11511.0,,HMI SHARP,HMI,SDO,11511,HMI,,,4.99999987369e-05,SDO,,cm,44.2246742249,15.1576099396,40.9511528015,47.7127761841,"POLYGON((0.67269 288.372681,0.751738 286.626257,0.758057 290.476672,0.681825 292.614874,0.67269 288.372681))",,POINT(0.715078295360767 289.182042335382),"POLYGON((-6.030029 13.897868,0.731595 13.897868,0.731595 16.84733,-6.030029 16.84733,-6.030029 13.897868))",,POINT(-2.756506 15.15761),-2.756506,15.15761,"POLYGON((40.951151 13.897868,47.712775 13.897868,47.712775 16.84733,40.951151 16.84733,40.951151 13.897868))",,POINT(44.224674 15.15761),44.224674,15.15761,"POLYGON((602.274 200.031,679.548 202.9212,669.972 250.1814,593.7828 247.3488,602.274 200.031))",,POINT(637.158 221.658),01030000000100000005000000D578E92631D28240A245B6F3FD006940AAF1D24D623C854068226C787A5D6940B29DEFA7C6EF8440D26F5F07CE456F40787AA52C438E8240091B9E5E29EB6E40D578E92631D28240A245B6F3FD006940,674.612915624953075,637.158,221.658,289.182042335,"POLYGON((0.67269 288.372681,0.751738 286.626257,0.758057 290.476672,0.681825 292.614874,0.67269 288.372681))",,POINT(0.715078295360767 289.182042335382),0.715078295361
743,11512.0,,HMI SHARP,HMI,SDO,11512,HMI,,,4.99999987369e-05,SDO,,cm,-42.2412834167,-17.7109699249,-53.8335762024,-26.5607509613,"POLYGON((0.853169 119.56581,0.597064 136.426836,0.514674 122.103383,0.82841 108.3976,0.853169 119.56581))",,POINT(0.723548920815486 117.390991494288),"POLYGON((-103.020886 -23.509923,-75.74806 -23.509923,-75.74806 -13.788509,-103.020886 -13.788509,-103.020886 -23.509923))",,POINT(-91.428593 -17.71097),-91.428593,-17.71097,"POLYGON((-53.833576 -23.509923,-26.56075 -23.509923,-26.56075 -13.788509,-53.833576 -13.788509,-53.833576 -23.509923))",,POINT(-42.241283 -17.71097),-42.241283,-17.71097,"POLYGON((-700.08 -397.1484,-388.2534 -408.0888,-411.3012 -258.0426,-741.582 -246.657,-700.08 -397.1484))",,POINT(-606.072 -314.037),01030000000100000005000000713D0AD7A3E085C09FABADD85FD278C0E78C28ED0D4478C0287E8CB96B8179C0E25817B7D1B479C0F46C567DAE2070C02DB29DEFA72C87C01B2FDD2406D56EC0713D0AD7A3E085C09FABADD85FD278C0,682.599814351718123,-606.072,-314.037,117.390991494,"POLYGON((0.853169 119.56581,0.597064 136.426836,0.514674 122.103383,0.82841 108.3976,0.853169 119.56581))",,POINT(0.723548920815486 117.390991494288),0.723548920815
744,11511.0,,HMI SHARP,HMI,SDO,11511,HMI,,,4.99999987369e-05,SDO,,cm,46.5042800903,15.0722951889,43.7776870728,49.7577018738,"POLYGON((0.706925 287.691394,0.774034 286.333092,0.778694 289.495166,0.713483 291.11897,0.706925 287.691394))",,POINT(0.740681465287603 288.442867669406),"POLYGON((-5.409624 14.00311,0.57039 14.00311,0.57039 16.486956,-5.409624 16.486956,-5.409624 14.00311))",,POINT(-2.68303000000003 15.072295),-2.68303,15.072295,"POLYGON((43.777686 14.00311,49.7577 14.00311,49.7577 16.486956,43.777686 16.486956,43.777686 14.00311))",,POINT(46.50428 15.072295),46.50428,15.072295,"POLYGON((635.376 202.6692,700.758 205.3554,692.508 245.1642,627.894 242.523,635.376 202.6692))",,POINT(662.874 221.0598),010300000001000000050000005EBA490C02DB8340764F1E166A556940F2D24D6210E68540F31FD26F5FAB6940F2D24D6210A485401AC05B2041A56E40FED478E9269F8340DBF97E6ABC506E405EBA490C02DB8340764F1E166A556940,698.762745895944363,662.874,221.0598,288.442867669,"POLYGON((0.706925 287.691394,0.774034 286.333092,0.778694 289.495166,0.713483 291.11897,0.706925 287.691394))",,POINT(0.740681465287603 288.442867669406),0.740681465288
745,11512.0,,HMI SHARP,HMI,SDO,11512,HMI,,,4.99999987369e-05,SDO,,cm,-40.64295578,-17.5234184265,-51.9202232361,-24.4797706604,"POLYGON((0.838306 120.444186,0.578986 138.858622,0.487032 123.877288,0.809891 108.706169,0.838306 120.444186))",,POINT(0.705478733088985 117.957486312129),"POLYGON((-103.313673 -23.67397,-75.873221 -23.67397,-75.873221 -13.613136,-103.313673 -13.613136,-103.313673 -23.67397))",,POINT(-92.0364059999999 -17.523418),-92.036406,-17.523418,"POLYGON((-51.920223 -23.67397,-24.479771 -23.67397,-24.479771 -13.613136,-51.920223 -13.613136,-51.920223 -23.67397))",,POINT(-40.642956 -17.523418),-40.642956,-17.523418,"POLYGON((-681.816 -400.7262,-359.3652 -411.348,-381.4638 -256.1136,-723.69 -245.0424,-681.816 -400.7262))",,POINT(-587.8758 -312.0198),010300000001000000050000004A0C022B874E85C0AF25E4839E0B79C0FD87F4DBD77576C021B0726891B579C0287E8CB96BD777C036CD3B4ED10170C0EC51B81E859D86C036AB3E575BA16EC04A0C022B874E85C0AF25E4839E0B79C0,665.548128851460206,-587.8758,-312.0198,117.957486312,"POLYGON((0.838306 120.444186,0.578986 138.858622,0.487032 123.877288,0.809891 108.706169,0.838306 120.444186))",,POINT(0.705478733088985 117.957486312129),0.705478733089
746,11511.0,,HMI SHARP,HMI,SDO,11511,HMI,,,4.99999987369e-05,SDO,,cm,48.7660560608,14.9670181274,46.418838501,51.7103805542,"POLYGON((0.737434 287.072117,0.794387 286.012312,0.798013 288.753209,0.742413 290.003231,0.737434 287.072117))",,POINT(0.765136765652595 287.760765228141),"POLYGON((-4.974611 14.042216,0.316931 14.042216,0.316931 16.245134,-4.974611 16.245134,-4.974611 14.042216))",,POINT(-2.62739399999998 14.967018),-2.627394,14.967018,"POLYGON((46.418839 14.042216,51.710381 14.042216,51.710381 16.245134,46.418839 16.245134,46.418839 14.042216))",,POINT(48.766056 14.967018),48.766056,14.967018,"POLYGON((665.04 204.2388,720.348 206.724,712.878 242.034,658.14 239.5854,665.04 204.2388))",,POINT(687.426 220.1892),01030000000100000005000000B81E85EB51C884401DC9E53FA4876940105839B4C8828640BA490C022BD769401B2FDD24064786400C022B8716416E4085EB51B81E91844082E2C798BBF26D40B81E85EB51C884401DC9E53FA4876940,721.829473818186557,687.426,220.1892,287.760765228,"POLYGON((0.737434 287.072117,0.794387 286.012312,0.798013 288.753209,0.742413 290.003231,0.737434 287.072117))",,POINT(0.765136765652595 287.760765228141),0.765136765653
747,11512.0,,HMI SHARP,HMI,SDO,11512,HMI,,,4.99999987369e-05,SDO,,cm,-39.2616882324,-17.1443996429,-50.2998390198,-22.3484153748,"POLYGON((0.824783 121.045968,0.559219 141.300543,0.45768 125.729241,0.793183 108.807567,0.824783 121.045968))",,POINT(0.688476670779559 118.198818666624),"POLYGON((-103.899418 -23.646182,-75.947996 -23.646182,-75.947996 -13.310628,-103.899418 -13.310628,-103.899418 -23.646182))",,POINT(-92.86127 -17.1444),-92.86127,-17.1444,"POLYGON((-50.299838 -23.646182,-22.348416 -23.646182,-22.348416 -13.310628,-50.299838 -13.310628,-50.299838 -23.646182))",,POINT(-39.26169 -17.1444),-39.26169,-17.1444,"POLYGON((-666.636 -401.2836,-329.8512 -411.7296,-350.5062 -252.1356,-708.33 -241.2396,-666.636 -401.2836))",,POINT(-572.4168 -306.912),010300000001000000050000000C022B8716D584C0545227A0891479C0AF25E4839E9D74C096B20C71ACBB79C0C3D32B6519E875C0CEAACFD556846FC0713D0AD7A32286C0E4839ECDAA276EC00C022B8716D584C0545227A0891479C0,649.504402345542189,-572.4168,-306.912,118.198818667,"POLYGON((0.824783 121.045968,0.559219 141.300543,0.45768 125.729241,0.793183 108.807567,0.824783 121.045968))",,POINT(0.688476670779559 118.198818666624),0.68847667078
748,11511.0,,HMI SHARP,HMI,SDO,11511,HMI,,,4.99999987369e-05,SDO,,cm,50.6965293884,15.0009384155,48.8377532959,53.1156272888,"POLYGON((0.764331 286.687828,0.808628 285.911697,0.811499 288.262587,0.768084 289.162559,0.764331 286.687828))",,POINT(0.78546157691195 287.388475690244),"POLYGON((-4.761825 14.160996,-0.483951 14.160996,-0.483951 16.080696,-4.761825 16.080696,-4.761825 14.160996))",,POINT(-2.90305000000001 15.000938),-2.90305,15.000938,"POLYGON((48.837755 14.160996,53.115629 14.160996,53.115629 16.080696,48.837755 16.080696,48.837755 14.160996))",,POINT(50.69653 15.000938),50.69653,15.000938,"POLYGON((690.696 207.0588,733.626 209.1408,727.002 239.9064,684.456 237.8514,690.696 207.0588))",,POINT(707.136 221.4468),0103000000010000000500000021B072689195854027A089B0E1E169405EBA490C02ED8640DC68006F81246A40BC74931804B8864005A3923A01FD6D40CFF753E3A5638540107A36AB3EBB6D4021B072689195854027A089B0E1E16940,740.99933044925217,707.136,221.4468,287.38847569,"POLYGON((0.764331 286.687828,0.808628 285.911697,0.811499 288.262587,0.768084 289.162559,0.764331 286.687828))",,POINT(0.78546157691195 287.388475690244),0.785461576912
749,11511.0,,HMI SHARP,HMI,SDO,11511,HMI,,,4.99999987369e-05,SDO,,cm,52.9395980835,14.814620018,51.0707168579,54.78282547,"POLYGON((0.788044 286.375383,0.824889 285.767765,0.827109 287.775396,0.790884 288.469014,0.788044 286.375383))",,POINT(0.80776726441435 286.730571475004),"POLYGON((-4.734981 14.26418,-1.022873 14.26418,-1.022873 15.933398,-4.734981 15.933398,-4.734981 14.26418))",,POINT(-2.86610200000001 14.81462),-2.866102,14.81462,"POLYGON((51.070719 14.26418,54.782827 14.26418,54.782827 15.933398,51.070719 15.933398,51.070719 14.26418))",,POINT(52.939598 14.81462),52.939598,14.81462,"POLYGON((713.274 209.595,748.908 211.4646,743.034 238.2102,707.682 236.3616,713.274 209.595))",,POINT(729.78 219.369),01030000000100000005000000D578E926314A8640D7A3703D0A336A40250681954367874017B7D100DE6E6A4083C0CAA145388740D0B359F5B9C66D40FA7E6ABC741D86407AC7293A928B6D40D578E926314A8640D7A3703D0A336A40,762.037798643216888,729.78,219.369,286.730571475,"POLYGON((0.788044 286.375383,0.824889 285.767765,0.827109 287.775396,0.790884 288.469014,0.788044 286.375383))",,POINT(0.80776726441435 286.730571475004),0.807767264414
750,11512.0,,HMI SHARP,HMI,SDO,11512,HMI,,,4.99999987369e-05,SDO,,cm,-37.6669387817,-16.8828468323,-48.1542129517,-20.2565994263,"POLYGON((0.806672 122.030149,0.541708 144.026748,0.429821 128.022517,0.77062 109.222919,0.806672 122.030149))",,POINT(0.669253719580664 118.753036733077),"POLYGON((-103.959913 -23.720491,-76.062299 -23.720491,-76.062299 -13.112639,-103.959913 -13.112639,-103.959913 -23.720491))",,POINT(-93.47264 -16.882847),-93.47264,-16.882847,"POLYGON((-48.154213 -23.720491,-20.256599 -23.720491,-20.256599 -13.112639,-48.154213 -13.112639,-48.154213 -23.720491))",,POINT(-37.66694 -16.882847),-37.66694,-16.882847,"POLYGON((-645.156 -403.6104,-300.189 -413.5806,-319.4304 -249.7686,-686.46 -239.3586,-645.156 -403.6104))",,POINT(-553.5192 -303.7092),010300000001000000050000006891ED7C3F2984C0A857CA32C43979C01B2FDD2406C372C0ECC039234AD979C02D431CEBE2F673C094F6065F98386FC048E17A14AE7385C00F0BB5A679EB6DC06891ED7C3F2984C0A857CA32C43979C0,631.365807542093648,-553.5192,-303.7092,118.753036733,"POLYGON((0.806672 122.030149,0.541708 144.026748,0.429821 128.022517,0.77062 109.222919,0.806672 122.030149))",,POINT(0.669253719580664 118.753036733077),0.669253719581
751,11513.0,,HMI SHARP,HMI,SDO,"11513,11516,11517",HMI,,,4.99999987369e-05,SDO,,cm,-87.1855392456,16.6259689331,-88.1784362793,-86.2322692871,"POLYGON((0.999323 74.13981,0.997578 74.187958,0.997552 73.173674,0.999303 73.127687,0.999323 74.13981))",,POINT(0.998546918836727 73.4729068190674),"POLYGON((-144.756283 15.933362,-142.810117 15.933362,-142.810117 16.945056,-144.756283 16.945056,-144.756283 15.933362))",,POINT(-143.76339 16.625969),-143.76339,16.625969,"POLYGON((-88.178433 15.933362,-86.232267 15.933362,-86.232267 16.945056,-88.178433 16.945056,-88.178433 15.933362))",,POINT(-87.18554 16.625969),-87.18554,16.625969,"POLYGON((-906.858 257.6442,-905.49 256.4334,-900.786 272.415,-902.148 273.6174,-906.858 257.6442))",,POINT(-903.096 267.9738),01030000000100000005000000BE9F1A2FDD568CC055C1A8A44E1A704052B81E85EB4B8CC062A1D634EF0670403F355EBA49268CC0713D0AD7A306714077BE9F1A2F318CC0CE88D2DEE0197140BE9F1A2FDD568CC055C1A8A44E1A7040,942.01504377713627,-903.096,267.9738,73.4729068191,"POLYGON((0.999323 74.13981,0.997578 74.187958,0.997552 73.173674,0.999303 73.127687,0.999323 74.13981))",,POINT(0.998546918836727 73.4729068190674),0.998546918837
752,11512.0,,HMI SHARP,HMI,SDO,11512,HMI,,,4.99999987369e-05,SDO,,cm,-36.126121521,-16.6421527863,-46.2944374084,-17.9640827179,"POLYGON((0.790765 123.013435,0.524162 147.294745,0.401318 131.252194,0.750622 109.773105,0.790765 123.013435))",,POINT(0.650366945129128 119.357393383382),"POLYGON((-104.306267 -23.839151,-75.975913 -23.839151,-75.975913 -13.054759,-104.306267 -13.054759,-104.306267 -23.839151))",,POINT(-94.13795 -16.642153),-94.13795,-16.642153,"POLYGON((-46.294437 -23.839151,-17.964083 -23.839151,-17.964083 -13.054759,-46.294437 -13.054759,-46.294437 -23.839151))",,POINT(-36.12612 -16.642153),-36.12612,-16.642153,"POLYGON((-625.548 -406.4442,-267.1788 -416.0898,-284.634 -249.6366,-666.372 -239.5554,-625.548 -406.4442))",,POINT(-534.7524 -300.7938),01030000000100000005000000AAF1D24D628C83C0228E75711B6779C06688635DDCB270C0E5F21FD26F017AC0A01A2FDD24CA71C04694F6065F346FC0E5D022DBF9D284C0598638D6C5F16DC0AAF1D24D628C83C0228E75711B6779C0,613.544651532551484,-534.7524,-300.7938,119.357393383,"POLYGON((0.790765 123.013435,0.524162 147.294745,0.401318 131.252194,0.750622 109.773105,0.790765 123.013435))",,POINT(0.650366945129128 119.357393383382),0.650366945129
753,11516.0,,HMI SHARP,HMI,SDO,"11513,11516,11517",HMI,,,4.99999987369e-05,SDO,,cm,-86.1703720093,15.957367897,-90.3467102051,-81.8717727661,"POLYGON((1.000011 76.167244,0.989813 76.360963,0.989813 71.975452,1.000009 71.832868,1.000011 76.167244))",,POINT(0.997497860098647 74.1660202609403),"POLYGON((-148.358539 13.830187,-139.883601 13.830187,-139.883601 18.168104,-148.358539 18.168104,-148.358539 13.830187))",,POINT(-144.1822 15.957368),-144.1822,15.957368,"POLYGON((-90.346709 13.830187,-81.871771 13.830187,-81.871771 18.168104,-90.346709 18.168104,-90.346709 13.830187))",,POINT(-86.17037 15.957368),-86.17037,15.957368,"POLYGON((-916.032 225.5544,-907.44 220.1874,-887.946 288.9318,-896.364 294.1398,-916.032 225.5544))",,POINT(-905.316 256.7586),01030000000100000005000000C74B378941A08CC0E09C11A5BD316C40EC51B81E855B8CC0A7E8482EFF856B4021B0726891BF8BC09BE61DA7E80E7240F4FDD478E9028CC0B1BFEC9E3C627240C74B378941A08CC0E09C11A5BD316C40,941.021805554982848,-905.316,256.7586,74.1660202609,"POLYGON((1.000011 76.167244,0.989813 76.360963,0.989813 71.975452,1.000009 71.832868,1.000011 76.167244))",,POINT(0.997497860098647 74.1660202609403),0.997497860099
754,11512.0,DAO,SWPC,nil,nil,,various,,,5e-05,various,,cm,-39.0,-16.0,-41.5,-36.5,"POLYGON((0.708946 115.735733,0.651888 118.401991,0.650567 118.052668,0.707883 115.407067,0.708946 115.735733))",,POINT(0.680172139560412 116.823697583634),"POLYGON((-99.51183 -16.123759,-94.51183 -16.123759,-94.51183 -15.876241,-99.51183 -15.876241,-99.51183 -16.123759))",,POINT(-97.01183 -16),-97.01183,-16.0,"POLYGON((-41.5 -16.123759,-36.5 -16.123759,-36.5 -15.876241,-41.5 -15.876241,-41.5 -16.123759))",,POINT(-39 -16),-39.0,-16.0,"POLYGON((-602.466 -290.4102,-540.9558 -292.518,-541.629 -288.6282,-603.216 -286.5192,-602.466 -290.4102))",,POINT(-572.619 -289.548),010300000001000000050000007D3F355EBAD382C01B0DE02D902672C0226C787AA5E780C03F355EBA494872C079E9263108ED80C08E75711B0D0A72C07D3F355EBAD982C055C1A8A44EE871C07D3F355EBAD382C01B0DE02D902672C0,641.662343810979678,-572.619,-289.548,116.823697584,"POLYGON((0.708946 115.735733,0.651888 118.401991,0.650567 118.052668,0.707883 115.407067,0.708946 115.735733))",,POINT(0.680172139560412 116.823697583634),0.68017213956
755,11512.0,,HMI SHARP,HMI,SDO,11512,HMI,,,4.99999987369e-05,SDO,,cm,-34.2327346802,-16.4670066833,-44.0234642029,-15.7373352051,"POLYGON((0.771013 124.333226,0.50935 150.767905,0.373118 134.625484,0.72489 110.344983,0.771013 124.333226))",,POINT(0.627378485293811 120.346826284878),"POLYGON((-104.241414 -24.010556,-75.955286 -24.010556,-75.955286 -12.860378,-104.241414 -12.860378,-104.241414 -24.010556))",,POINT(-94.450685 -16.467007),-94.450685,-16.467007,"POLYGON((-44.023464 -24.010556,-15.737336 -24.010556,-15.737336 -12.860378,-44.023464 -12.860378,-44.023464 -24.010556))",,POINT(-34.232735 -16.467007),-34.232735,-16.467007,"POLYGON((-600.63 -410.2326,-234.6558 -419.3154,-250.5168 -247.263,-641.184 -237.7536,-600.63 -410.2326))",,POINT(-510.7602 -299.0244),01030000000100000005000000D7A3703D0AC582C0CB10C7BAB8A379C0F0164850FC546DC089D2DEE00B357AC0545227A089506FC023DBF97E6AE86EC0B6F3FDD4780984C08048BF7D1DB86DC0D7A3703D0AC582C0CB10C7BAB8A379C0,591.854351761816474,-510.7602,-299.0244,120.346826285,"POLYGON((0.771013 124.333226,0.50935 150.767905,0.373118 134.625484,0.72489 110.344983,0.771013 124.333226))",,POINT(0.627378485293811 120.346826284878),0.627378485294
756,11515.0,,HMI SHARP,HMI,SDO,"11514,11515",HMI,,,4.99999987369e-05,SDO,,cm,-82.081489563,-15.0882425308,-82.8034057617,-81.4621963501,"POLYGON((0.994463 105.789702,0.99184 105.889503,0.991724 105.222849,0.994373 105.124636,0.994463 105.789702))",,POINT(0.993063316394182 105.519388915348),"POLYGON((-143.021355 -15.409745,-141.680145 -15.409745,-141.680145 -14.746933,-143.021355 -14.746933,-143.021355 -15.409745))",,POINT(-142.29944 -15.088243),-142.29944,-15.088243,"POLYGON((-82.803405 -15.409745,-81.462195 -15.409745,-81.462195 -14.746933,-82.803405 -14.746933,-82.803405 -15.409745))",,POINT(-82.08149 -15.088243),-82.08149,-15.088243,"POLYGON((-902.754 -255.2784,-899.928 -256.173,-902.742 -245.6562,-905.574 -244.7604,-902.754 -255.2784))",,POINT(-902.676 -250.6632),0103000000010000000500000079E9263108368CC09BE61DA7E8E86FC08195438B6C1F8CC054E3A59BC40270C00E2DB29DEF358CC054742497FFB46EC03BDF4F8D974C8CC01C7C613255986EC079E9263108368CC09BE61DA7E8E86FC0,936.832963131763449,-902.676,-250.6632,105.519388915,"POLYGON((0.994463 105.789702,0.99184 105.889503,0.991724 105.222849,0.994373 105.124636,0.994463 105.789702))",,POINT(0.993063316394182 105.519388915348),0.993063316394
757,11516.0,,HMI SHARP,HMI,SDO,"11513,11516,11517",HMI,,,4.99999987369e-05,SDO,,cm,-84.0075073242,15.840877533,-90.5549621582,-79.2552032471,"POLYGON((0.999998 76.671256,0.982496 76.888191,0.982694 71.665536,1.000011 71.548181,0.999998 76.671256))",,POINT(0.994265287401464 74.3183023097385),"POLYGON((-150.772909 13.317292,-139.473151 13.317292,-139.473151 18.444922,-150.772909 18.444922,-150.772909 13.317292))",,POINT(-144.22546 15.840878),-144.22546,15.840878,"POLYGON((-90.554959 13.317292,-79.255201 13.317292,-79.255201 18.444922,-90.554959 18.444922,-90.554959 13.317292))",,POINT(-84.00751 15.840878),-84.00751,15.840878,"POLYGON((-917.964 217.4838,-902.7 210.261,-879.99 291.6162,-894.888 298.5888,-917.964 217.4838))",,POINT(-903.054 253.5258),01030000000100000005000000C1CAA145B6AF8CC0C139234A7B2F6B409A99999999358CC03108AC1C5A486A4052B81E85EB7F8BC0B9FC87F4DB397240C976BE9F1AF78BC0287E8CB96BA97240C1CAA145B6AF8CC0C139234A7B2F6B40,937.966874778443298,-903.054,253.5258,74.3183023097,"POLYGON((0.999998 76.671256,0.982496 76.888191,0.982694 71.665536,1.000011 71.548181,0.999998 76.671256))",,POINT(0.994265287401464 74.3183023097385),0.994265287401
758,11512.0,,HMI SHARP,HMI,SDO,11512,HMI,,,4.99999987369e-05,SDO,,cm,-32.0824356079,-16.4341545105,-41.7885627747,-13.5764846802,"POLYGON((0.750945 125.673816,0.496014 154.300569,0.348635 138.748077,0.699165 111.184436,0.750945 125.673816))",,POINT(0.601888029867332 121.840941888644),"POLYGON((-104.212633 -24.125198,-76.000555 -24.125198,-76.000555 -12.818936,-104.212633 -12.818936,-104.212633 -24.125198))",,POINT(-94.5065059999999 -16.434155),-94.506506,-16.434155,"POLYGON((-41.788563 -24.125198,-13.576485 -24.125198,-13.576485 -12.818936,-41.788563 -12.818936,-41.788563 -24.125198))",,POINT(-32.082436 -16.434155),-32.082436,-16.434155,"POLYGON((-575.4852 -413.1294,-202.9158 -421.6386,-216.8622 -247.2672,-615 -238.3506,-575.4852 -413.1294))",,POINT(-482.3586 -299.5524),0103000000010000000500000027A089B0E1FB81C0A301BC0512D279C0A835CD3B4E5D69C09C33A2B4375A7AC08F537424971B6BC0B8AF03E78CE86EC000000000003883C048BF7D1D38CB6DC027A089B0E1FB81C0A301BC0512D279C0,567.804067737912533,-482.3586,-299.5524,121.840941889,"POLYGON((0.750945 125.673816,0.496014 154.300569,0.348635 138.748077,0.699165 111.184436,0.750945 125.673816))",,POINT(0.601888029867332 121.840941888644),0.601888029867
759,11516.0,,HMI SHARP,HMI,SDO,"11513,11516,11517",HMI,,,4.99999987369e-05,SDO,,cm,-81.4091186523,15.6705055237,-88.5346984863,-76.9940261841,"POLYGON((0.999571 77.020901,0.974584 77.156945,0.975036 71.641507,0.999476 71.648342,0.999571 77.020901))",,POINT(0.988629516715106 74.5061797364228),"POLYGON((-150.958766 13.043454,-139.418094 13.043454,-139.418094 18.415468,-150.958766 18.415468,-150.958766 13.043454))",,POINT(-143.83319 15.670506),-143.83319,15.670506,"POLYGON((-88.534696 13.043454,-76.994024 13.043454,-76.994024 18.415468,-88.534696 18.415468,-88.534696 13.043454))",,POINT(-81.40912 15.670506),-81.40912,15.670506,"POLYGON((-918.876 211.7862,-896.394 204.3642,-873.006 289.7082,-894.924 296.8632,-918.876 211.7862))",,POINT(-898.752 249.1416),010300000001000000050000005EBA490C02B78CC0B003E78C28796A40FED478E926038CC08126C286A78B6940355EBA490C488BC06FF085C9541B724008AC1C5A64F78BC0849ECDAACF8D72405EBA490C02B78CC0B003E78C28796A40,932.644999104461021,-898.752,249.1416,74.5061797364,"POLYGON((0.999571 77.020901,0.974584 77.156945,0.975036 71.641507,0.999476 71.648342,0.999571 77.020901))",,POINT(0.988629516715106 74.5061797364228),0.988629516715
760,11515.0,,HMI SHARP,HMI,SDO,"11514,11515",HMI,,,4.99999987369e-05,SDO,,cm,-79.552696228,-15.0238389969,-82.6478729248,-76.880065918,"POLYGON((0.994316 106.702649,0.979472 107.212406,0.978548 104.609732,0.993962 104.134446,0.994316 106.702649))",,POINT(0.987163272933012 105.659942129217),"POLYGON((-145.071944 -16.306333,-139.304136 -16.306333,-139.304136 -13.747583,-145.071944 -13.747583,-145.071944 -16.306333))",,POINT(-141.97677 -15.023839),-141.97677,-15.023839,"POLYGON((-82.647874 -16.306333,-76.880066 -16.306333,-76.880066 -13.747583,-82.647874 -13.747583,-82.647874 -16.306333))",,POINT(-79.5527 -15.023839),-79.5527,-15.023839,"POLYGON((-898.434 -269.5884,-882.624 -273.4272,-893.286 -232.8456,-909.288 -228.9786,-898.434 -269.5884))",,POINT(-896.694 -251.373),01030000000100000005000000B6F3FDD478138CC0764F1E166AD970C0A245B6F3FD948BC09FCDAACFD51671C03F355EBA49EA8BC0EC2FBB270F1B6DC0FCA9F1D24D6A8CC0B37BF2B0509F6CC0B6F3FDD478138CC0764F1E166AD970C0,931.261786376419536,-896.694,-251.373,105.659942129,"POLYGON((0.994316 106.702649,0.979472 107.212406,0.978548 104.609732,0.993962 104.134446,0.994316 106.702649))",,POINT(0.987163272933012 105.659942129217),0.987163272933
761,11512.0,,HMI SHARP,HMI,SDO,11512,HMI,,,4.99999987369e-05,SDO,,cm,-29.9268264771,-16.3926849365,-39.8211708069,-11.4776639938,"POLYGON((0.732174 126.767399,0.48257 157.790342,0.327134 143.438224,0.676021 112.054934,0.732174 126.767399))",,POINT(0.576082054736039 123.4948510942),"POLYGON((-104.451362 -24.074819,-76.107854 -24.074819,-76.107854 -12.819113,-104.451362 -12.819113,-104.451362 -24.074819))",,POINT(-94.557016 -16.392685),-94.557016,-16.392685,"POLYGON((-39.821172 -24.074819,-11.477664 -24.074819,-11.477664 -12.819113,-39.821172 -12.819113,-39.821172 -24.074819))",,POINT(-29.926826 -16.392685),-29.926826,-16.392685,"POLYGON((-553.3074 -413.436,-172.0794 -421.4646,-183.834 -247.878,-591.0684 -239.4666,-553.3074 -413.436))",,POINT(-453.2076 -299.913),010300000001000000050000005396218E754A81C0E5D022DBF9D679C0AD69DE718A8265C08CDB68006F577AC0A69BC420B0FA66C06ABC749318FC6EC05F984C158C7882C0098A1F63EEEE6DC05396218E754A81C0E5D022DBF9D679C0,543.456471363401874,-453.2076,-299.913,123.494851094,"POLYGON((0.732174 126.767399,0.48257 157.790342,0.327134 143.438224,0.676021 112.054934,0.732174 126.767399))",,POINT(0.576082054736039 123.4948510942),0.576082054736
762,11515.0,,HMI SHARP,HMI,SDO,"11514,11515",HMI,,,4.99999987369e-05,SDO,,cm,-77.1412887573,-15.1947889328,-81.3612823486,-73.6147994995,"POLYGON((0.99194 107.513628,0.967477 108.311014,0.965595 104.664149,0.991296 103.947512,0.99194 107.513628))",,POINT(0.979963081820728 106.060171396962),"POLYGON((-145.991471 -17.012365,-138.244989 -17.012365,-138.244989 -13.466841,-145.991471 -13.466841,-145.991471 -17.012365))",,POINT(-141.77148 -15.194789),-141.77148,-15.194789,"POLYGON((-81.361281 -17.012365,-73.614799 -17.012365,-73.614799 -13.466841,-81.361281 -13.466841,-81.361281 -17.012365))",,POINT(-77.14129 -15.194789),-77.14129,-15.194789,"POLYGON((-892.386 -281.6016,-866.472 -286.743,-881.238 -230.5992,-907.584 -225.4032,-892.386 -281.6016))",,POINT(-888.384 -255.75),010300000001000000050000000C022B8716E38BC061545227A09971C0B29DEFA7C6138BC0D9CEF753E3EB71C096438B6CE7898BC06C787AA52CD36CC0E9263108AC5C8CC0E9B7AF03E72C6CC00C022B8716E38BC061545227A09971C0,924.464274029018384,-888.384,-255.75,106.060171397,"POLYGON((0.99194 107.513628,0.967477 108.311014,0.965595 104.664149,0.991296 103.947512,0.99194 107.513628))",,POINT(0.979963081820728 106.060171396962),0.979963081821
763,11516.0,,HMI SHARP,HMI,SDO,"11513,11516,11517",HMI,,,4.99999987369e-05,SDO,,cm,-79.1223602295,15.5473070145,-85.0848999023,-74.77784729,"POLYGON((0.996112 77.273834,0.965408 77.2908,0.966179 71.6827,0.995965 71.83845,0.996112 77.273834))",,POINT(0.982092259375462 74.6223176487258),"POLYGON((-149.715086 12.886869,-139.408034 12.886869,-139.408034 18.299129,-149.715086 18.299129,-149.715086 12.886869))",,POINT(-143.75255 15.547307),-143.75255,15.547307,"POLYGON((-85.084896 12.886869,-74.777844 12.886869,-74.777844 18.299129,-85.084896 18.299129,-85.084896 12.886869))",,POINT(-79.12236 15.547307),-79.12236,15.547307,"POLYGON((-916.614 207.0078,-888.42 200.364,-865.278 286.4532,-892.752 292.8582,-916.614 207.0078))",,POINT(-893.304 245.6826),01030000000100000005000000F4FDD478E9A48CC0151DC9E53FE069408FC2F5285CC38BC0CFF753E3A50B69404E621058390A8BC0C1A8A44E40E77140BC74931804E68BC0D656EC2FBB4D7240F4FDD478E9A48CC0151DC9E53FE06940,926.472868657663525,-893.304,245.6826,74.6223176487,"POLYGON((0.996112 77.273834,0.965408 77.2908,0.966179 71.6827,0.995965 71.83845,0.996112 77.273834))",,POINT(0.982092259375462 74.6223176487258),0.982092259375
764,11512.0,,HMI SHARP,HMI,SDO,11512,HMI,,,4.99999987369e-05,SDO,,cm,-28.1246776581,-16.2971572876,-41.4584197998,-9.37792110443,"POLYGON((0.746828 125.603408,0.468892 161.395275,0.307162 148.691756,0.695276 111.283907,0.746828 125.603408))",,POINT(0.554010821724593 124.933854507611),"POLYGON((-108.294729 -23.887574,-76.214231 -23.887574,-76.214231 -12.764724,-108.294729 -12.764724,-108.294729 -23.887574))",,POINT(-94.960988 -16.297157),-94.960988,-16.297157,"POLYGON((-41.458419 -23.887574,-9.377921 -23.887574,-9.377921 -12.764724,-41.458419 -12.764724,-41.458419 -23.887574))",,POINT(-28.124678 -16.297157),-28.124678,-16.297157,"POLYGON((-572.8284 -410.1564,-141.1212 -419.2188,-150.5742 -247.5708,-611.16 -238.0836,-572.8284 -410.1564))",,POINT(-428.4612 -299.2752),010300000001000000050000000DE02D90A0E681C08351499D80A279C0CE88D2DEE0A361C0D6C56D3480337AC09FABADD85FD262C0D1915CFE43F26EC0E17A14AE471983C0423EE8D9ACC26DC00DE02D90A0E681C08351499D80A279C0,522.632418857154335,-428.4612,-299.2752,124.933854508,"POLYGON((0.746828 125.603408,0.468892 161.395275,0.307162 148.691756,0.695276 111.283907,0.746828 125.603408))",,POINT(0.554010821724593 124.933854507611),0.554010821725
765,11516.0,,HMI SHARP,HMI,SDO,"11513,11516,11517",HMI,,,4.99999987369e-05,SDO,,cm,-76.9079589844,15.5305585861,-82.2881240845,-72.6555786133,"POLYGON((0.990784 77.620751,0.95529 77.55838,0.95648 71.582967,0.990714 71.85522,0.990784 77.620751))",,POINT(0.974373207642135 74.6096127660549),"POLYGON((-149.124433 12.590372,-139.491887 12.590372,-139.491887 18.298844,-149.124433 18.298844,-149.124433 12.590372))",,POINT(-143.74427 15.530559),-143.74427,15.530559,"POLYGON((-82.288123 12.590372,-72.655577 12.590372,-72.655577 18.298844,-82.288123 18.298844,-82.288123 12.590372))",,POINT(-76.90796 15.530559),-76.90796,15.530559,"POLYGON((-912.936 200.3754,-880.02 194.1552,-856.092 285.0666,-888.126 291.0528,-912.936 200.3754))",,POINT(-886.224 243.9468),01030000000100000005000000736891ED7C878CC0645DDC46030C69405C8FC2F528808BC0DB8AFD65F7446840DBF97E6ABCC08AC09E5E29CB10D171405EBA490C02C18BC0A913D044D8307240736891ED7C878CC0645DDC46030C6940,919.186063540043051,-886.224,243.9468,74.6096127661,"POLYGON((0.990784 77.620751,0.95529 77.55838,0.95648 71.582967,0.990714 71.85522,0.990784 77.620751))",,POINT(0.974373207642135 74.6096127660549),0.974373207642
766,11515.0,,HMI SHARP,HMI,SDO,"11514,11515",HMI,,,4.99999987369e-05,SDO,,cm,-74.747467041,-15.1651792526,-79.3642578125,-70.9918670654,"POLYGON((0.987243 107.835649,0.955713 108.816618,0.953073 104.843661,0.986258 103.977259,0.987243 107.835649))",,POINT(0.97118881378945 106.287151889471),"POLYGON((-146.200565 -17.156597,-137.828175 -17.156597,-137.828175 -13.336515,-146.200565 -13.336515,-146.200565 -17.156597))",,POINT(-141.58378 -15.165179),-141.58378,-15.165179,"POLYGON((-79.364255 -17.156597,-70.991865 -17.156597,-70.991865 -13.336515,-79.364255 -13.336515,-79.364255 -17.156597))",,POINT(-74.74747 -15.165179),-74.74747,-15.165179,"POLYGON((-886.566 -285.2538,-853.398 -290.7966,-869.088 -230.3316,-902.85 -224.7252,-886.566 -285.2538))",,POINT(-879.414 -256.9446),010300000001000000050000004A0C022B87B48BC099BB96900FD471C077BE9F1A2FAB8AC0E63FA4DFBE2C72C062105839B4288BC0516B9A779CCA6CC0CDCCCCCCCC368CC0E561A1D634176CC04A0C022B87B48BC099BB96900FD471C0,916.18202932886652,-879.414,-256.9446,106.287151889,"POLYGON((0.987243 107.835649,0.955713 108.816618,0.953073 104.843661,0.986258 103.977259,0.987243 107.835649))",,POINT(0.97118881378945 106.287151889471),0.971188813789
767,11515.0,,HMI SHARP,HMI,SDO,"11514,11515",HMI,,,4.99999987369e-05,SDO,,cm,-77.1610565186,-15.6391277313,-89.0379867554,-68.3575210571,"POLYGON((1.000009 108.699432,0.943496 110.815276,0.938683 105.157561,1.000007 103.32709,1.000009 108.699432))",,POINT(0.980223291195972 106.517139500745),"POLYGON((-158.080407 -18.675884,-137.399941 -18.675884,-137.399941 -13.298028,-158.080407 -13.298028,-158.080407 -18.675884))",,POINT(-146.20348 -15.639128),-146.20348,-15.639128,"POLYGON((-89.037987 -18.675884,-68.357521 -18.675884,-68.357521 -13.298028,-89.037987 -13.298028,-89.037987 -18.675884))",,POINT(-77.16106 -15.639128),-77.16106,-15.639128,"POLYGON((-893.568 -302.4462,-831.96 -316.2858,-854.706 -231.5388,-917.958 -217.4544,-893.568 -302.4462))",,POINT(-886.542 -262.8942),01030000000100000005000000068195438BEC8BC09A779CA223E772C048E17A14AEFF89C0265305A392C473C0CFF753E3A5B58AC0B7627FD93DF16CC08B6CE7FBA9AF8CC0AD69DE718A2E6BC0068195438BEC8BC09A779CA223E772C0,924.699993596647573,-886.542,-262.8942,106.517139501,"POLYGON((1.000009 108.699432,0.943496 110.815276,0.938683 105.157561,1.000007 103.32709,1.000009 108.699432))",,POINT(0.980223291195972 106.517139500745),0.980223291196
768,11516.0,,HMI SHARP,HMI,SDO,"11513,11516,11517",HMI,,,4.99999987369e-05,SDO,,cm,-74.648475647,15.2825489044,-79.7437973022,-70.2994613647,"POLYGON((0.983965 77.813866,0.942586 77.672229,0.944332 71.442885,0.984077 71.837903,0.983965 77.813866))",,POINT(0.965054652516914 74.8134703273274),"POLYGON((-148.786218 12.421715,-139.341882 12.421715,-139.341882 18.297219,-148.786218 18.297219,-148.786218 12.421715))",,POINT(-143.690896 15.282549),-143.690896,15.282549,"POLYGON((-79.743798 12.421715,-70.299462 12.421715,-70.299462 18.297219,-79.743798 18.297219,-79.743798 12.421715))",,POINT(-74.648476 15.282549),-74.648476,15.282549,"POLYGON((-907.314 195.9384,-868.692 189.8466,-844.524 283.5102,-882.084 289.368,-907.314 195.9384))",,POINT(-878.598 238.488),010300000001000000050000008D976E12835A8CC020D26F5F077E6840A8C64B3789258BC06519E25817BB6740D578E92631648AC0B5A679C729B87140E9263108AC908BC0D9CEF753E31572408D976E12835A8CC020D26F5F077E6840,910.390560005978955,-878.598,238.488,74.8134703273,"POLYGON((0.983965 77.813866,0.942586 77.672229,0.944332 71.442885,0.984077 71.837903,0.983965 77.813866))",,POINT(0.965054652516914 74.8134703273274),0.965054652517
769,11512.0,,HMI SHARP,HMI,SDO,11512,HMI,,,4.99999987369e-05,SDO,,cm,-25.9022445679,-16.3407859802,-39.4528198242,-7.27214431763,"POLYGON((0.730155 127.271752,0.465765 165.597458,0.289294 154.609546,0.671177 112.048771,0.730155 127.271752))",,POINT(0.528064553298902 127.162100383177),"POLYGON((-108.49524 -24.285118,-76.314564 -24.285118,-76.314564 -12.668552,-108.49524 -12.668552,-108.49524 -24.285118))",,POINT(-94.944665 -16.340786),-94.944665,-16.340786,"POLYGON((-39.45282 -24.285118,-7.272144 -24.285118,-7.272144 -12.668552,-39.45282 -12.668552,-39.45282 -24.285118))",,POINT(-25.902245 -16.340786),-25.902245,-16.340786,"POLYGON((-548.1252 -417.1326,-109.2888 -425.5734,-117.0186 -246.5466,-586.8528 -237.6852,-548.1252 -417.1326))",,POINT(-396.993 -300.9204),01030000000100000005000000AC8BDB68002181C032772D211F127AC06DC5FEB27B525BC06C787AA52C997AC029ED0DBE30415DC0CC7F48BF7DD16EC03B70CE88D25682C004E78C28EDB56DC0AC8BDB68002181C032772D211F127AC0,498.153118212824211,-396.993,-300.9204,127.162100383,"POLYGON((0.730155 127.271752,0.465765 165.597458,0.289294 154.609546,0.671177 112.048771,0.730155 127.271752))",,POINT(0.528064553298902 127.162100383177),0.528064553299
770,11515.0,,HMI SHARP,HMI,SDO,"11514,11515",HMI,,,4.99999987369e-05,SDO,,cm,-76.7261352539,-15.8892364502,-89.0444641113,-65.6216201782,"POLYGON((1.00001 109.209268,0.928452 111.854689,0.92181 105.541044,1.00001 103.299812,1.00001 109.209268))",,POINT(0.978869942109137 106.819876733834),"POLYGON((-160.292992 -19.186567,-136.870148 -19.186567,-136.870148 -13.270933,-160.292992 -13.270933,-160.292992 -19.186567))",,POINT(-147.974665 -15.889236),-147.974665,-15.889236,"POLYGON((-89.044462 -19.186567,-65.621618 -19.186567,-65.621618 -13.270933,-89.044462 -13.270933,-89.044462 -19.186567))",,POINT(-76.726135 -15.889236),-76.726135,-15.889236,"POLYGON((-890.838 -310.3842,-812.91 -326.0412,-837.798 -232.9884,-918.06 -217.017,-890.838 -310.3842))",,POINT(-883.914 -267.204),0103000000010000000500000062105839B4D68BC0F931E6AE256673C0E17A14AE476789C086C954C1A86074C0AAF1D24D622E8AC0BA6B09F9A01F6DC014AE47E17AB08CC0068195438B206BC062105839B4D68BC0F931E6AE256673C0,923.418614178856615,-883.914,-267.204,106.819876734,"POLYGON((1.00001 109.209268,0.928452 111.854689,0.92181 105.541044,1.00001 103.299812,1.00001 109.209268))",,POINT(0.978869942109137 106.819876733834),0.978869942109
771,11516.0,,HMI SHARP,HMI,SDO,"11513,11516,11517",HMI,,,4.99999987369e-05,SDO,,cm,-72.3683853149,15.2334880829,-77.6600189209,-67.8969192505,"POLYGON((0.976983 78.031099,0.928028 77.810799,0.930429 71.339732,0.977323 71.87112,0.976983 78.031099))",,POINT(0.954240050572861 74.7897167744405),"POLYGON((-148.90855 12.212343,-139.14545 12.212343,-139.14545 18.226175,-148.90855 18.226175,-148.90855 12.212343))",,POINT(-143.616915 15.233488),-143.616915,15.233488,"POLYGON((-77.66002 12.212343,-67.89692 12.212343,-67.89692 18.226175,-77.66002 18.226175,-77.66002 12.212343))",,POINT(-72.368385 15.233488),-72.368385,15.233488,"POLYGON((-901.602 191.13,-855.72 184.8444,-831.582 280.8324,-876.192 286.8726,-901.602 191.13))",,POINT(-868.65 236.1744),01030000000100000005000000894160E5D02C8CC05C8FC2F528E46740F6285C8FC2BD8AC0C2172653051B67402DB29DEFA7FC89C00C93A982518D7140A8C64B3789618BC0D5E76A2BF6ED7140894160E5D02C8CC05C8FC2F528E46740,900.183964373593994,-868.65,236.1744,74.7897167744,"POLYGON((0.976983 78.031099,0.928028 77.810799,0.930429 71.339732,0.977323 71.87112,0.976983 78.031099))",,POINT(0.954240050572861 74.7897167744405),0.954240050573
772,11512.0,,HMI SHARP,HMI,SDO,11512,HMI,,,4.99999987369e-05,SDO,,cm,-23.8156147003,-16.3252983093,-37.1554031372,-5.0859413147,"POLYGON((0.708353 128.768844,0.458948 169.818018,0.274671 161.555905,0.642966 113.073719,0.708353 128.768844))",,POINT(0.50353830315592 129.408102467482),"POLYGON((-108.403933 -24.293552,-76.334471 -24.293552,-76.334471 -12.592732,-108.403933 -12.592732,-108.403933 -24.293552))",,POINT(-95.064145 -16.325298),-95.064145,-16.325298,"POLYGON((-37.155403 -24.293552,-5.085941 -24.293552,-5.085941 -12.592732,-37.155403 -12.592732,-37.155403 -24.293552))",,POINT(-23.815615 -16.325298),-23.815615,-16.325298,"POLYGON((-521.0016 -418.4298,-76.5348 -426.1314,-81.9774 -245.8014,-558.0204 -237.7134,-521.0016 -418.4298))",,POINT(-367.0164 -301.5576),01030000000100000005000000645DDC46034880C022FDF675E0267AC0A779C7293A2253C01CEBE2361AA27AC011C7BAB88D7E54C076E09C11A5B96EC0B5A679C7297081C0ED9E3C2CD4B66DC0645DDC46034880C022FDF675E0267AC0,475.013709261869622,-367.0164,-301.5576,129.408102467,"POLYGON((0.708353 128.768844,0.458948 169.818018,0.274671 161.555905,0.642966 113.073719,0.708353 128.768844))",,POINT(0.50353830315592 129.408102467482),0.503538303156
773,11512.0,DAI,SWPC,nil,nil,,various,,,5e-05,various,,cm,-25.0,-16.0,-28.0,-22.0,"POLYGON((0.552275 124.980063,0.481524 131.410023,0.477257 130.676338,0.548887 124.283189,0.552275 124.980063))",,POINT(0.514657877122598 127.583149738615),"POLYGON((-99.24853 -16.223454,-93.24853 -16.223454,-93.24853 -15.776546,-99.24853 -15.776546,-99.24853 -16.223454))",,POINT(-96.24853 -16),-96.24853,-16.0,"POLYGON((-28 -16.223454,-22 -16.223454,-22 -15.776546,-28 -15.776546,-28 -16.223454))",,POINT(-25 -16),-25.0,-16.0,"POLYGON((-426.8736 -298.6788,-340.683 -300.4584,-341.4492 -293.4474,-427.8342 -291.6648,-426.8736 -298.6788))",,POINT(-384.7464 -296.1144),01030000000100000005000000925CFE43FAAD7AC06688635DDCAA72C0B0726891ED4A75C0C8073D9B55C772C0D0D556EC2F5775C0B003E78C285772C02C6519E258BD7AC018265305A33A72C0925CFE43FAAD7AC06688635DDCAA72C0,485.503378155415135,-384.7464,-296.1144,127.583149739,"POLYGON((0.552275 124.980063,0.481524 131.410023,0.477257 130.676338,0.548887 124.283189,0.552275 124.980063))",,POINT(0.514657877122598 127.583149738615),0.514657877123
774,11513.0,HAX,SWPC,nil,nil,,various,,,5e-05,various,,cm,-71.0,16.0,-71.5,-70.5,"POLYGON((0.94988 74.271135,0.944491 74.220787,0.944684 73.56568,0.950044 73.619553,0.94988 74.271135))",,POINT(0.947304544638752 73.9199011806047),"POLYGON((-142.74853 15.690604,-141.74853 15.690604,-141.74853 16.309396,-142.74853 16.309396,-142.74853 15.690604))",,POINT(-142.24853 16),-142.24853,16.0,"POLYGON((-71.5 15.690604,-70.5 15.690604,-70.5 16.309396,-71.5 16.309396,-71.5 15.690604))",,POINT(-71 16),-71.0,16.0,"POLYGON((-862.518 242.9118,-857.412 242.2872,-854.76 252.126,-859.848 252.7482,-862.518 242.9118))",,POINT(-858.678 247.5216),01030000000100000005000000A01A2FDD24F48AC0C58F31772D5D6E409EEFA7C64BCB8AC029ED0DBE30496E40AE47E17A14B68AC079E9263108846F40105839B4C8DE8AC0C05B2041F1976F40A01A2FDD24F48AC0C58F31772D5D6E40,893.641343129647225,-858.678,247.5216,73.9199011806,"POLYGON((0.94988 74.271135,0.944491 74.220787,0.944684 73.56568,0.950044 73.619553,0.94988 74.271135))",,POINT(0.947304544638752 73.9199011806047),0.947304544639
775,11512.0,,HMI SHARP,HMI,SDO,11512,HMI,,,4.99999987369e-05,SDO,,cm,-21.7105884552,-16.3036079407,-34.8923187256,-2.90471696854,"POLYGON((0.686717 130.384808,0.454682 174.14623,0.264686 169.180161,0.61458 114.230911,0.686717 130.384808))",,POINT(0.479172617621356 131.931424040233),"POLYGON((-108.346959 -24.305503,-76.359357 -24.305503,-76.359357 -12.532761,-108.346959 -12.532761,-108.346959 -24.305503))",,POINT(-95.165228 -16.303608),-95.165228,-16.303608,"POLYGON((-34.892319 -24.305503,-2.904717 -24.305503,-2.904717 -12.532761,-34.892319 -12.532761,-34.892319 -24.305503))",,POINT(-21.710588 -16.303608),-21.710588,-16.303608,"POLYGON((-493.4454 -419.7294,-43.74576 -426.6858,-46.8723 -245.2518,-528.6846 -237.9432,-493.4454 -419.7294))",,POINT(-336.2826 -302.0622),01030000000100000005000000371AC05B20D77EC03D9B559FAB3B7AC01D554D1075DF45C08CB96B09F9AA7AC08126C286A76F47C040A4DFBE0EA86EC0BC96900F7A8580C0CA32C4B12EBE6DC0371AC05B20D77EC03D9B559FAB3B7AC0,452.026060898705282,-336.2826,-302.0622,131.93142404,"POLYGON((0.686717 130.384808,0.454682 174.14623,0.264686 169.180161,0.61458 114.230911,0.686717 130.384808))",,POINT(0.479172617621356 131.931424040233),0.479172617621
776,11515.0,,HMI SHARP,HMI,SDO,"11514,11515",HMI,,,4.99999987369e-05,SDO,,cm,-74.8735122681,-15.9762172699,-89.0717544556,-63.1555252075,"POLYGON((1.000005 109.446514,0.913299 112.621338,0.904957 105.932082,1.000011 103.276579,1.000005 109.446514))",,POINT(0.972136348249613 107.116434877243),"POLYGON((-162.526397 -19.425153,-136.610163 -19.425153,-136.610163 -13.248807,-162.526397 -13.248807,-162.526397 -19.425153))",,POINT(-148.32815 -15.976217),-148.32815,-15.976217,"POLYGON((-89.071757 -19.425153,-63.155523 -19.425153,-63.155523 -13.248807,-89.071757 -13.248807,-89.071757 -19.425153))",,POINT(-74.87351 -15.976217),-74.87351,-15.976217,"POLYGON((-889.536 -314.067,-795.276 -331.389,-820.896 -234.3354,-918.144 -216.6438,-889.536 -314.067))",,POINT(-876.444 -269.9046),010300000001000000050000003F355EBA49CC8BC0508D976E12A173C091ED7C3F35DA88C04E62105839B674C0BA490C022BA789C082E2C798BB4A6DC0FED478E926B18CC0462575029A146BC03F355EBA49CC8BC0508D976E12A173C0,917.061927154954901,-876.444,-269.9046,107.116434877,"POLYGON((1.000005 109.446514,0.913299 112.621338,0.904957 105.932082,1.000011 103.276579,1.000005 109.446514))",,POINT(0.972136348249613 107.116434877243),0.97213634825
777,11516.0,,HMI SHARP,HMI,SDO,"11513,11516,11517",HMI,,,4.99999987369e-05,SDO,,cm,-70.2077484131,15.2790021896,-75.3912200928,-65.4423446655,"POLYGON((0.967959 78.167202,0.911525 77.857802,0.914695 71.205053,0.968619 71.883532,0.967959 78.167202))",,POINT(0.942713024121268 74.6482649604508),"POLYGON((-148.845858 12.06856,-138.896982 12.06856,-138.896982 18.14752,-148.845858 18.14752,-148.845858 12.06856))",,POINT(-143.66239 15.279002),-143.66239,15.279002,"POLYGON((-75.391218 12.06856,-65.442342 12.06856,-65.442342 18.14752,-75.391218 18.14752,-75.391218 12.06856))",,POINT(-70.20775 15.279002),-70.20775,15.279002,"POLYGON((-893.718 187.2414,-840.648 180.867,-816.864 278.0028,-868.446 284.1282,-893.718 187.2414))",,POINT(-857.574 235.4382),0103000000010000000500000039B4C876BEED8BC024287E8CB967674077BE9F1A2F458AC039B4C876BE9B6640F4FDD478E98689C0DC4603780B60714021B0726891238BC08E75711B0DC2714039B4C876BEED8BC024287E8CB9676740,889.305522019986142,-857.574,235.4382,74.6482649605,"POLYGON((0.967959 78.167202,0.911525 77.857802,0.914695 71.205053,0.968619 71.883532,0.967959 78.167202))",,POINT(0.942713024121268 74.6482649604508),0.942713024121
778,11512.0,,HMI SHARP,HMI,SDO,11512,HMI,,,4.99999987369e-05,SDO,,cm,-19.4893131256,-16.2804088593,-32.7838745117,-0.658549904823,"POLYGON((0.667949 132.254972,0.455889 178.6801,0.259953 177.514945,0.587737 115.469516,0.667949 132.254972))",,POINT(0.454150317958987 134.922549778619),"POLYGON((-108.444624 -24.504852,-76.3193 -24.504852,-76.3193 -12.494736,-108.444624 -12.494736,-108.444624 -24.504852))",,POINT(-95.150063 -16.280409),-95.150063,-16.280409,"POLYGON((-32.783874 -24.504852,-0.65855 -24.504852,-0.65855 -12.494736,-32.783874 -12.494736,-32.783874 -24.504852))",,POINT(-19.489313 -16.280409),-19.489313,-16.280409,"POLYGON((-466.3782 -423.702,-9.90624 -429.9456,-10.63266 -244.9944,-500.5536 -238.425,-466.3782 -423.702))",,POINT(-303.3474 -302.5284),010300000001000000050000008E75711B0D267DC0AC1C5A643B7B7AC072A774B0FECF23C09031772D21DF7AC087F9F202EC4325C08FE4F21FD29F6EC00D71AC8BDB487FC09A99999999CD6DC08E75711B0D267DC0AC1C5A643B7B7AC0,428.419278153212872,-303.3474,-302.5284,134.922549779,"POLYGON((0.667949 132.254972,0.455889 178.6801,0.259953 177.514945,0.587737 115.469516,0.667949 132.254972))",,POINT(0.454150317958987 134.922549778619),0.454150317959
779,11516.0,,HMI SHARP,HMI,SDO,"11513,11516,11517",HMI,,,4.99999987369e-05,SDO,,cm,-67.8915023804,15.4833049774,-73.1427993774,-63.1177406311,"POLYGON((0.957583 78.123766,0.894463 77.715701,0.898627 70.726623,0.958701 71.56921,0.957583 78.123766))",,POINT(0.929037003188238 74.3011846796986),"POLYGON((-148.803549 12.082596,-138.778491 12.082596,-138.778491 18.358074,-148.803549 18.358074,-148.803549 12.082596))",,POINT(-143.55225 15.483305),-143.55225,15.483305,"POLYGON((-73.142799 12.082596,-63.117741 12.082596,-63.117741 18.358074,-73.142799 18.358074,-73.142799 12.082596))",,POINT(-67.8915 15.483305),-67.8915,15.483305,"POLYGON((-883.992 185.9034,-824.466 179.526,-800.202 279.8094,-857.994 285.9288,-883.992 185.9034))",,POINT(-843.708 237.1368),010300000001000000050000000E2DB29DEF9F8BC09BE61DA7E83C67407D3F355EBAC389C046B6F3FDD4706640560E2DB29D0189C01E166A4DF37C7140CBA145B6F3CF8AC06688635DDCDE71400E2DB29DEF9F8BC09BE61DA7E83C6740,876.400052018620045,-843.708,237.1368,74.3011846797,"POLYGON((0.957583 78.123766,0.894463 77.715701,0.898627 70.726623,0.958701 71.56921,0.957583 78.123766))",,POINT(0.929037003188238 74.3011846796986),0.929037003188
780,11515.0,,HMI SHARP,HMI,SDO,"11514,11515",HMI,,,4.99999987369e-05,SDO,,cm,-73.3593521118,-16.0199241638,-88.997177124,-60.8133430481,"POLYGON((1.000007 109.483318,0.897411 113.198809,0.887562 106.353832,1.000005 103.267732,1.000007 109.483318))",,POINT(0.96596149832312 107.347525005078),"POLYGON((-164.657927 -19.458709,-136.474093 -19.458709,-136.474093 -13.236421,-164.657927 -13.236421,-164.657927 -19.458709))",,POINT(-149.0201 -16.019924),-149.0201,-16.019924,"POLYGON((-88.997177 -19.458709,-60.813343 -19.458709,-60.813343 -13.236421,-88.997177 -13.236421,-88.997177 -19.458709))",,POINT(-73.35935 -16.019924),-73.35935,-16.019924,"POLYGON((-889.332 -314.6376,-778.116 -333.4818,-803.4 -235.7502,-918.168 -216.4998,-889.332 -314.6376))",,POINT(-869.784 -271.6992),010300000001000000050000002DB29DEFA7CA8BC0E0BE0E9C33AA73C0B0726891ED5088C068B3EA73B5D774C033333333331B89C0B22E6EA301786DC0D34D621058B18CC04ED1915CFE0F6BC02DB29DEFA7CA8BC0E0BE0E9C33AA73C0,911.232496093417467,-869.784,-271.6992,107.347525005,"POLYGON((1.000007 109.483318,0.897411 113.198809,0.887562 106.353832,1.000005 103.267732,1.000007 109.483318))",,POINT(0.96596149832312 107.347525005078),0.965961498323
781,11512.0,,HMI SHARP,HMI,SDO,11512,HMI,,,4.99999987369e-05,SDO,,cm,-17.1991443634,-16.292263031,-30.5013828278,1.82333528996,"POLYGON((0.64646 134.21471,0.457504 183.642107,0.259677 186.90472,0.557717 116.829247,0.64646 134.21471))",,POINT(0.429813999237467 138.465057569055),"POLYGON((-108.368233 -24.539268,-76.043515 -24.539268,-76.043515 -12.363968,-108.368233 -12.363968,-108.368233 -24.539268))",,POINT(-95.065994 -16.292263),-95.065994,-16.292263,"POLYGON((-30.501383 -24.539268,1.823335 -24.539268,1.823335 -12.363968,-30.501383 -12.363968,-30.501383 -24.539268))",,POINT(-17.199144 -16.292263),-17.199144,-16.292263,"POLYGON((-437.0844 -425.2644,27.41574 -430.7094,29.44914 -243.1866,-469.4826 -237.4536,-437.0844 -425.2644))",,POINT(-268.851 -303.5076),01030000000100000005000000857CD0B359517BC000917EFB3A947AC098A3C7EF6D6A3B40857CD0B359EB7AC05053CBD6FA723D40E02D90A0F8656EC0CB10C7BAB8577DC0E6AE25E483AE6DC0857CD0B359517BC000917EFB3A947AC0,405.459891307093415,-268.851,-303.5076,138.465057569,"POLYGON((0.64646 134.21471,0.457504 183.642107,0.259677 186.90472,0.557717 116.829247,0.64646 134.21471))",,POINT(0.429813999237467 138.465057569055),0.429813999237
782,11515.0,,HMI SHARP,HMI,SDO,"11514,11515",HMI,,,4.99999987369e-05,SDO,,cm,-71.8532714844,-16.0983886719,-87.5527801514,-58.4695625305,"POLYGON((0.999792 109.631831,0.880434 113.88271,0.86878 106.786068,0.999648 103.295697,0.999792 109.631831))",,POINT(0.959245024333275 107.628646387221),"POLYGON((-165.419627 -19.537455,-136.336413 -19.537455,-136.336413 -13.194661,-165.419627 -13.194661,-165.419627 -19.537455))",,POINT(-149.72012 -16.098389),-149.72012,-16.098389,"POLYGON((-87.552777 -19.537455,-58.469563 -19.537455,-58.469563 -13.194661,-87.552777 -13.194661,-87.552777 -19.537455))",,POINT(-71.85327 -16.098389),-71.85327,-16.098389,"POLYGON((-888.318 -316.872,-759.432 -336.2598,-784.632 -236.6862,-917.73 -216.8694,-888.318 -316.872))",,POINT(-862.398 -274.0434),01030000000100000005000000068195438BC28BC0CBA145B6F3CD73C0FA7E6ABC74BB87C003780B24280475C0931804560E8588C07DD0B359F5956DC0A4703D0AD7AD8CC08FE4F21FD21B6BC0068195438BC28BC0CBA145B6F3CD73C0,904.892311541854042,-862.398,-274.0434,107.628646387,"POLYGON((0.999792 109.631831,0.880434 113.88271,0.86878 106.786068,0.999648 103.295697,0.999792 109.631831))",,POINT(0.959245024333275 107.628646387221),0.959245024333
783,11516.0,,HMI SHARP,HMI,SDO,"11513,11516,11517",HMI,,,4.99999987369e-05,SDO,,cm,-65.3336791992,15.5064849854,-70.8510742188,-60.7414093018,"POLYGON((0.945549 78.036469,0.875578 77.517479,0.880806 70.323833,0.947218 71.341034,0.945549 78.036469))",,POINT(0.912247248392183 74.0971523664263),"POLYGON((-148.717922 12.119163,-138.608258 12.119163,-138.608258 18.452595,-148.717922 18.452595,-148.717922 12.119163))",,POINT(-143.20053 15.506485),-143.20053,15.506485,"POLYGON((-70.851072 12.119163,-60.741408 12.119163,-60.741408 18.452595,-70.851072 18.452595,-70.851072 12.119163))",,POINT(-65.33368 15.506485),-65.33368,15.506485,"POLYGON((-872.598 184.896,-806.442 178.5258,-782.382 279.7662,-846.582 285.8766,-872.598 184.896))",,POINT(-827.622 235.7988),01030000000100000005000000105839B4C8448BC0E9263108AC1C6740A8C64B37893389C09487855AD3506640931804560E7388C02063EE5A427C71402DB29DEFA7748AC0C7BAB88D06DE7140105839B4C8448BC0E9263108AC1C6740,860.557522171202663,-827.622,235.7988,74.0971523664,"POLYGON((0.945549 78.036469,0.875578 77.517479,0.880806 70.323833,0.947218 71.341034,0.945549 78.036469))",,POINT(0.912247248392183 74.0971523664263),0.912247248392
784,11512.0,,HMI SHARP,HMI,SDO,11512,HMI,,,4.99999987369e-05,SDO,,cm,-14.8904933929,-16.2569141388,-27.5506629944,4.47996902466,"POLYGON((0.618712 136.962803,0.462413 188.875123,0.267057 196.685024,0.518553 118.938522,0.618712 136.962803))",,POINT(0.406222990847075 142.421316272791),"POLYGON((-107.623613 -24.546335,-75.592981 -24.546335,-75.592981 -12.234987,-107.623613 -12.234987,-107.623613 -24.546335))",,POINT(-94.963443 -16.256914),-94.963443,-16.256914,"POLYGON((-27.550663 -24.546335,4.479969 -24.546335,4.479969 -12.234987,-27.550663 -12.234987,-27.550663 -24.546335))",,POINT(-14.890493 -16.256914),-14.890493,-16.256914,"POLYGON((-398.3268 -426.5976,67.299 -430.9866,72.33 -241.3176,-428.091 -236.6946,-398.3268 -426.5976))",,POINT(-233.697 -303.6954),010300000001000000050000005305A3923AE578C06F8104C58FA97AC04260E5D022D35040BDE3141DC9EF7AC085EB51B81E155240B5A679C7292A6EC0FA7E6ABC74C17AC0A779C7293A966DC05305A3923AE578C06F8104C58FA97AC0,383.203841043066802,-233.697,-303.6954,142.421316273,"POLYGON((0.618712 136.962803,0.462413 188.875123,0.267057 196.685024,0.518553 118.938522,0.618712 136.962803))",,POINT(0.406222990847075 142.421316272791),0.406222990847
785,11516.0,,HMI SHARP,HMI,SDO,"11513,11516,11517",HMI,,,4.99999987369e-05,SDO,,cm,-63.1134338379,15.5700702667,-68.4394226074,-58.2593765259,"POLYGON((0.931325 77.915049,0.854345 77.269429,0.860732 69.939263,0.933655 71.14805,0.931325 77.915049))",,POINT(0.89634522477714 73.8411251063681),"POLYGON((-148.512373 12.163524,-138.332327 12.163524,-138.332327 18.473432,-148.512373 18.473432,-148.512373 12.163524))",,POINT(-143.186384 15.57007),-143.186384,15.57007,"POLYGON((-68.439423 12.163524,-58.259377 12.163524,-58.259377 18.473432,-68.439423 18.473432,-68.439423 12.163524))",,POINT(-63.113434 15.57007),-63.113434,15.57007,"POLYGON((-859.08 183.9348,-786.12 177.6006,-762.696 278.5146,-833.502 284.5908,-859.08 183.9348))",,POINT(-812.148 235.3188),01030000000100000005000000713D0AD7A3D88AC0A089B0E1E9FD6640295C8FC2F59088C048BF7D1D3833664021B0726891D587C058A835CD3B687140BC749318040C8AC0A167B3EA73C97140713D0AD7A3D88AC0A089B0E1E9FD6640,845.552666329803515,-812.148,235.3188,73.8411251064,"POLYGON((0.931325 77.915049,0.854345 77.269429,0.860732 69.939263,0.933655 71.14805,0.931325 77.915049))",,POINT(0.89634522477714 73.8411251063681),0.896345224777
786,11515.0,,HMI SHARP,HMI,SDO,"11514,11515",HMI,,,4.99999987369e-05,SDO,,cm,-70.5997467041,-16.1643352509,-84.1777877808,-56.1666717529,"POLYGON((0.997109 109.877287,0.862586 114.569114,0.849002 107.222588,0.996462 103.422091,0.997109 109.877287))",,POINT(0.953226263681672 107.876278786465),"POLYGON((-164.25074 -19.572977,-136.23962 -19.572977,-136.23962 -13.124659,-164.25074 -13.124659,-164.25074 -19.572977))",,POINT(-150.6727 -16.164335),-150.6727,-16.164335,"POLYGON((-84.17779 -19.572977,-56.16667 -19.572977,-56.16667 -13.124659,-84.17779 -13.124659,-84.17779 -19.572977))",,POINT(-70.59975 -16.164335),-70.59975,-16.164335,"POLYGON((-884.568 -319.8126,-740.034 -338.3316,-764.982 -237.132,-914.322 -218.1948,-884.568 -319.8126))",,POINT(-855.798 -276.024),01030000000100000005000000068195438BA48BC0AC8BDB6800FD73C083C0CAA1452087C0A835CD3B4E2575C060E5D022DBE787C04E62105839A46DC07F6ABC7493928CC058A835CD3B466BC0068195438BA48BC0AC8BDB6800FD73C0,899.210467788270307,-855.798,-276.024,107.876278786,"POLYGON((0.997109 109.877287,0.862586 114.569114,0.849002 107.222588,0.996462 103.422091,0.997109 109.877287))",,POINT(0.953226263681672 107.876278786465),0.953226263682
787,11512.0,,HMI SHARP,HMI,SDO,11512,HMI,,,4.99999987369e-05,SDO,,cm,-12.6938428879,-16.2222633362,-25.6709117889,6.68945550919,"POLYGON((0.601451 138.885159,0.469252 193.104196,0.279693 204.135055,0.49376 120.571339,0.601451 138.885159))",,POINT(0.38551956097274 146.659126398877),"POLYGON((-107.949961 -24.54784,-75.589595 -24.54784,-75.589595 -12.192486,-107.949961 -12.192486,-107.949961 -24.54784))",,POINT(-94.972893 -16.222263),-94.972893,-16.222263,"POLYGON((-25.670911 -24.54784,6.689455 -24.54784,6.689455 -12.192486,-25.670911 -12.192486,-25.670911 -24.54784))",,POINT(-12.693843 -16.222263),-12.693843,-16.222263,"POLYGON((-373.0836 -427.4502,100.3608 -431.1318,107.8824 -240.7788,-401.0334 -236.8998,-373.0836 -427.4502))",,POINT(-199.881 -303.8172),01030000000100000005000000211FF46C565177C08C4AEA0434B77AC06519E25817175940CE1951DA1BF27AC0637FD93D79F85A40FE43FAEDEB186EC0FB3A70CE881079C01B9E5E29CB9C6DC0211FF46C565177C08C4AEA0434B77AC0,363.671974692634251,-199.881,-303.8172,146.659126399,"POLYGON((0.601451 138.885159,0.469252 193.104196,0.279693 204.135055,0.49376 120.571339,0.601451 138.885159))",,POINT(0.38551956097274 146.659126398877),0.385519560973
788,11516.0,,HMI SHARP,HMI,SDO,"11513,11516,11517",HMI,,,4.99999987369e-05,SDO,,cm,-60.7524147034,15.5593357086,-66.3659973145,-55.396270752,"POLYGON((0.917834 77.790069,0.827973 76.94766,0.835823 69.465674,0.92079 70.984257,0.917834 77.790069))",,POINT(0.878039036963274 73.6204212224739),"POLYGON((-148.645045 12.203089,-137.675323 12.203089,-137.675323 18.462528,-148.645045 18.462528,-148.645045 12.203089))",,POINT(-143.031465 15.559336),-143.031465,15.559336,"POLYGON((-66.365995 12.203089,-55.396273 12.203089,-55.396273 18.462528,-66.365995 18.462528,-66.365995 12.203089))",,POINT(-60.752415 15.559336),-60.752415,15.559336,"POLYGON((-846.234 183.1158,-760.872 176.3934,-738.36 276.5658,-821.208 283.017,-846.234 183.1158))",,POINT(-794.664 233.5746),010300000001000000050000001D5A643BDF718AC00F9C33A2B4E36640E5D022DBF9C687C0E3C798BB960C66407B14AE47E11287C03B014D840D4971408B6CE7FBA9A989C083C0CAA145B071401D5A643BDF718AC00F9C33A2B4E36640,828.280125719046737,-794.664,233.5746,73.6204212225,"POLYGON((0.917834 77.790069,0.827973 76.94766,0.835823 69.465674,0.92079 70.984257,0.917834 77.790069))",,POINT(0.878039036963274 73.6204212224739),0.878039036963
789,11515.0,,HMI SHARP,HMI,SDO,"11514,11515",HMI,,,4.99999987369e-05,SDO,,cm,-68.5950546265,-16.2047100067,-81.7855987549,-53.8437194824,"POLYGON((0.993374 110.101745,0.843547 115.325047,0.827964 107.793325,0.992242 103.590138,0.993374 110.101745))",,POINT(0.942705385367008 108.224501947377),"POLYGON((-164.06465 -19.607412,-136.12277 -19.607412,-136.12277 -13.123716,-164.06465 -13.123716,-164.06465 -19.607412))",,POINT(-150.874105 -16.20471),-150.874105,-16.20471,"POLYGON((-81.7856 -19.607412,-53.84372 -19.607412,-53.84372 -13.123716,-81.7856 -13.123716,-81.7856 -19.607412))",,POINT(-68.595055 -16.20471),-68.595055,-16.20471,"POLYGON((-879.996 -322.0632,-719.268 -340.3812,-743.682 -238.6746,-909.804 -219.939,-879.996 -322.0632))",,POINT(-844.674 -278.115),010300000001000000050000008716D9CEF77F8BC0B7D100DE022174C0A01A2FDD247A86C0C3D32B65194675C0FA7E6ABC743D87C0363CBD5296D56DC0DF4F8D976E6E8CC0355EBA490C7E6BC08716D9CEF77F8BC0B7D100DE022174C0,889.281799825567077,-844.674,-278.115,108.224501947,"POLYGON((0.993374 110.101745,0.843547 115.325047,0.827964 107.793325,0.992242 103.590138,0.993374 110.101745))",,POINT(0.942705385367008 108.224501947377),0.942705385367
790,11512.0,,HMI SHARP,HMI,SDO,11512,HMI,,,4.99999987369e-05,SDO,,cm,-10.4536533356,-16.1915130615,-23.4518203735,8.68928432465,"POLYGON((0.581492 141.323817,0.477384 196.800712,0.294576 210.237959,0.464502 122.750943,0.581492 141.323817))",,POINT(0.366663390183727 151.494166427726),"POLYGON((-107.936961 -24.540422,-75.795856 -24.540422,-75.795856 -12.142198,-107.936961 -12.142198,-107.936961 -24.540422))",,POINT(-94.938793 -16.191513),-94.938793,-16.191513,"POLYGON((-23.451821 -24.540422,8.689284 -24.540422,8.689284 -12.142198,-23.451821 -12.142198,-23.451821 -24.540422))",,POINT(-10.453653 -16.191513),-10.453653,-16.191513,"POLYGON((-342.7902 -428.2368,130.1646 -431.1066,139.9386 -240.0726,-368.52 -237.0486,-342.7902 -428.2368))",,POINT(-165.072 -303.951),01030000000100000005000000CA54C1A8A46C75C016FBCBEEC9C37AC07E1D3867444560400F9C33A2B4F17AC0D200DE02097E614011363CBD52026EC0B81E85EB510877C0BD5296218EA16DC0CA54C1A8A46C75C016FBCBEEC9C37AC0,345.882892877054587,-165.072,-303.951,151.494166428,"POLYGON((0.581492 141.323817,0.477384 196.800712,0.294576 210.237959,0.464502 122.750943,0.581492 141.323817))",,POINT(0.366663390183727 151.494166427726),0.366663390184
791,11516.0,,HMI SHARP,HMI,SDO,"11513,11516,11517",HMI,,,4.99999987369e-05,SDO,,cm,-58.4294013977,15.6657552719,-64.1743774414,-52.7842178345,"POLYGON((0.902243 77.876987,0.801999 76.868869,0.811911 68.728703,0.906178 70.564839,0.902243 77.876987))",,POINT(0.858809064717984 73.231009675052),"POLYGON((-148.659518 12.027526,-137.269358 12.027526,-137.269358 18.646367,-148.659518 18.646367,-148.659518 12.027526))",,POINT(-142.91454 15.665755),-142.91454,15.665755,"POLYGON((-64.174378 12.027526,-52.784218 12.027526,-52.784218 18.646367,-64.174378 18.646367,-64.174378 12.027526))",,POINT(-58.4294 15.665755),-58.4294,15.665755,"POLYGON((-832.128 178.7424,-736.764 171.8724,-713.718 277.8552,-806.112 284.433,-832.128 178.7424))",,POINT(-775.686 233.7354),010300000001000000050000001B2FDD2406018AC09D11A5BDC1576640273108AC1C0687C0F9A067B3EA7B654039B4C876BE4D86C0A1F831E6AE5D714037894160E53089C0B0726891EDC671401B2FDD2406018AC09D11A5BDC1576640,810.136413086808489,-775.686,233.7354,73.2310096751,"POLYGON((0.902243 77.876987,0.801999 76.868869,0.811911 68.728703,0.906178 70.564839,0.902243 77.876987))",,POINT(0.858809064717984 73.231009675052),0.858809064718
792,11515.0,,HMI SHARP,HMI,SDO,"11514,11515",HMI,,,4.99999987369e-05,SDO,,cm,-66.3359832764,-16.194683075,-79.3839035034,-51.3426971436,"POLYGON((0.988114 110.374306,0.821973 116.229051,0.803879 108.405976,0.986353 103.730027,0.988114 110.374306))",,POINT(0.929586116529401 108.592256770184),"POLYGON((-163.869043 -19.653674,-135.827837 -19.653674,-135.827837 -13.068738,-163.869043 -13.068738,-163.869043 -19.653674))",,POINT(-150.82112 -16.194683),-150.82112,-16.194683,"POLYGON((-79.383903 -19.653674,-51.342697 -19.653674,-51.342697 -13.068738,-79.383903 -13.068738,-79.383903 -19.653674))",,POINT(-66.33598 -16.194683),-66.33598,-16.194683,"POLYGON((-873.798 -324.5166,-695.55 -342.6912,-719.526 -239.4378,-903.864 -220.8402,-873.798 -324.5166))",,POINT(-831.138 -279.5838),01030000000100000005000000AAF1D24D624E8BC0D1915CFE434874C06666666666BC85C0EC2FBB270F6B75C091ED7C3F357C86C00B46257502EE6DC0F4FDD478E93E8CC02D431CEBE29A6BC0AAF1D24D624E8BC0D1915CFE434874C0,876.902204505405393,-831.138,-279.5838,108.59225677,"POLYGON((0.988114 110.374306,0.821973 116.229051,0.803879 108.405976,0.986353 103.730027,0.988114 110.374306))",,POINT(0.929586116529401 108.592256770184),0.929586116529
793,11513.0,CSO,SWPC,nil,nil,,various,,,5e-05,various,,cm,-58.0,15.0,-60.0,-56.0,"POLYGON((0.871221 74.421219,0.836256 73.931011,0.836736 73.440257,0.871576 73.949126,0.871221 74.421219))",,POINT(0.854420099712048 73.9507464611189),"POLYGON((-144.48514 14.793736,-140.48514 14.793736,-140.48514 15.206264,-144.48514 15.206264,-144.48514 14.793736))",,POINT(-142.48514 15),-142.48514,15.0,"POLYGON((-60 14.793736,-56 14.793736,-56 15.206264,-60 15.206264,-60 14.793736))",,POINT(-58 15),-58.0,15.0,"POLYGON((-791.652 220.7172,-758.04 218.3526,-756.576 224.9664,-790.128 227.325,-791.652 220.7172))",,POINT(-774.582 222.8286),01030000000100000005000000F0A7C64B37BD88C01E166A4DF3966B40B81E85EB51B087C03A92CB7F484B6B40F853E3A59BA487C0575BB1BFEC1E6C401B2FDD2406B188C066666666666A6C40F0A7C64B37BD88C01E166A4DF3966B40,805.996190873108389,-774.582,222.8286,73.9507464611,"POLYGON((0.871221 74.421219,0.836256 73.931011,0.836736 73.440257,0.871576 73.949126,0.871221 74.421219))",,POINT(0.854420099712048 73.9507464611189),0.854420099712
794,11512.0,DKI,SWPC,nil,nil,,various,,,5e-05,various,,cm,-11.0,-15.0,-15.0,-7.0,"POLYGON((0.39679 140.828876,0.330593 159.083057,0.319504 158.243641,0.388064 139.606295,0.39679 140.828876))",,POINT(0.354462147413116 148.519952165417),"POLYGON((-99.48514 -15.360964,-91.48514 -15.360964,-91.48514 -14.639036,-99.48514 -14.639036,-99.48514 -15.360964))",,POINT(-95.48514 -15),-95.48514,-15.0,"POLYGON((-15 -15.360964,-7 -15.360964,-7 -14.639036,-15 -14.639036,-15 -15.360964))",,POINT(-11 -15),-11.0,-15.0,"POLYGON((-236.4234 -290.1822,-111.3372 -291.3048,-111.7158 -279.9276,-237.2268 -278.8026,-236.4234 -290.1822))",,POINT(-174.6102 -285.1608),010300000001000000050000000B24287E8C8D6DC04D158C4AEA2272C0840D4FAF94D55BC022FDF675E03472C0849ECDAACFED5BC050FC1873D77E71C073D712F241A76DC050FC1873D76C71C00B24287E8C8D6DC04D158C4AEA2272C0,334.373150537958111,-174.6102,-285.1608,148.519952165,"POLYGON((0.39679 140.828876,0.330593 159.083057,0.319504 158.243641,0.388064 139.606295,0.39679 140.828876))",,POINT(0.354462147413116 148.519952165417),0.354462147413
795,11515.0,CSO,SWPC,nil,nil,,various,,,5e-05,various,,cm,-70.0,-16.0,-75.0,-65.0,"POLYGON((0.972855 107.358767,0.921228 108.841854,0.92074 108.399903,0.972657 106.937177,0.972855 107.358767))",,POINT(0.95010004048797 107.803619665487),"POLYGON((-159.48514 -16.206264,-149.48514 -16.206264,-149.48514 -15.793736,-159.48514 -15.793736,-159.48514 -16.206264))",,POINT(-154.48514 -16),-154.48514,-16.0,"POLYGON((-75 -16.206264,-65 -16.206264,-65 -15.793736,-75 -15.793736,-75 -16.206264))",,POINT(-70 -16),-70.0,-16.0,"POLYGON((-875.922 -273.8052,-822.45 -280.6554,-824.154 -274.158,-877.734 -267.2982,-875.922 -273.8052))",,POINT(-853.332 -274.0344),010300000001000000050000004C378941605F8BC0D42B6519E21C71C09A99999999B389C0C6DCB5847C8A71C0AC1C5A643BC189C04A0C022B872271C01D5A643BDF6D8BC0ADFA5C6DC5B470C04C378941605F8BC0D42B6519E21C71C0,896.253510234331088,-853.332,-274.0344,107.803619665,"POLYGON((0.972855 107.358767,0.921228 108.841854,0.92074 108.399903,0.972657 106.937177,0.972855 107.358767))",,POINT(0.95010004048797 107.803619665487),0.950100040488
796,11514.0,BXO,SWPC,nil,nil,,various,,,5e-05,various,,cm,-55.0,-16.0,-58.5,-51.5,"POLYGON((0.874037 109.987338,0.812918 111.899557,0.812841 111.864433,0.873983 109.954379,0.874037 109.987338))",,POINT(0.844730554141712 110.858894620462),"POLYGON((-142.98514 -16.014733,-135.98514 -16.014733,-135.98514 -15.985267,-142.98514 -15.985267,-142.98514 -16.014733))",,POINT(-139.48514 -16),-139.48514,-16.0,"POLYGON((-58.5 -16.014733,-51.5 -16.014733,-51.5 -15.985267,-58.5 -15.985267,-58.5 -16.014733))",,POINT(-55 -16),-55.0,-16.0,"POLYGON((-774.84 -281.8248,-711.51 -286.0188,-711.618 -285.5556,-774.954 -281.3616,-774.84 -281.8248))",,POINT(-744.63 -283.7346),010300000001000000050000001F85EB51B83688C0DA1B7C61329D71C0AE47E17A143C86C0A3923A014DE071C06DE7FBA9F13C86C0865AD3BCE3D871C01283C0CAA13788C0BDE3141DC99571C01F85EB51B83688C0DA1B7C61329D71C0,796.855796325257302,-744.63,-283.7346,110.85889462,"POLYGON((0.874037 109.987338,0.812918 111.899557,0.812841 111.864433,0.873983 109.954379,0.874037 109.987338))",,POINT(0.844730554141712 110.858894620462),0.844730554142
797,11515.0,,HMI SHARP,HMI,SDO,"11514,11515",HMI,,,4.99999987369e-05,SDO,,cm,-63.4087028503,-16.1303634644,-77.1021575928,-48.8910446167,"POLYGON((0.981717 110.629359,0.799673 117.158749,0.778207 108.704425,0.979147 103.583157,0.981717 110.629359))",,POINT(0.910625295009321 109.068337134893),"POLYGON((-163.793396 -19.65979,-135.582284 -19.65979,-135.582284 -12.717636,-163.793396 -12.717636,-163.793396 -19.65979))",,POINT(-150.099943 -16.130363),-150.099943,-16.130363,"POLYGON((-77.102156 -19.65979,-48.891044 -19.65979,-48.891044 -12.717636,-77.102156 -12.717636,-77.102156 -19.65979))",,POINT(-63.408703 -16.130363),-63.408703,-16.130363,"POLYGON((-866.694 -326.2758,-671.178 -344.328,-695.328 -235.4154,-897.816 -216.9252,-866.694 -326.2758))",,POINT(-811.878 -280.6356),01030000000100000005000000643BDF4F8D158BC0CAC342AD696474C08195438B6CF984C06891ED7C3F8575C0B4C876BE9FBA85C045D8F0F44A6D6DC04A0C022B870E8CC04BC8073D9B1D6BC0643BDF4F8D158BC0CAC342AD696474C0,859.012355482364455,-811.878,-280.6356,109.068337135,"POLYGON((0.981717 110.629359,0.799673 117.158749,0.778207 108.704425,0.979147 103.583157,0.981717 110.629359))",,POINT(0.910625295009321 109.068337134893),0.910625295009
798,11516.0,,HMI SHARP,HMI,SDO,"11513,11516,11517",HMI,,,4.99999987369e-05,SDO,,cm,-56.6562805176,15.6280221939,-70.2863235474,-50.3261871338,"POLYGON((0.942264 78.101538,0.776319 76.500405,0.788403 67.865676,0.944218 70.863703,0.942264 78.101538))",,POINT(0.843142254881416 73.0461450821609),"POLYGON((-156.977563 12.067048,-137.017427 12.067048,-137.017427 18.891346,-156.977563 18.891346,-156.977563 12.067048))",,POINT(-143.34752 15.628022),-143.34752,15.628022,"POLYGON((-70.286323 12.067048,-50.326187 12.067048,-50.326187 18.891346,-70.286323 18.891346,-70.286323 12.067048))",,POINT(-56.65628 15.628022),-56.65628,15.628022,"POLYGON((-869.76 183.2628,-712.086 170.9514,-688.908 280.2174,-841.482 291.9864,-869.76 183.2628))",,POINT(-760.788 231.9264),01030000000100000005000000AE47E17A142E8BC071AC8BDB68E86640A69BC420B04086C043AD69DE715E654025068195438785C068226C787A83714060E5D022DB4B8AC064CC5D4BC83F7240AE47E17A142E8BC071AC8BDB68E86640,795.354157568161554,-760.788,231.9264,73.0461450822,"POLYGON((0.942264 78.101538,0.776319 76.500405,0.788403 67.865676,0.944218 70.863703,0.942264 78.101538))",,POINT(0.843142254881416 73.0461450821609),0.843142254881
799,11512.0,,HMI SHARP,HMI,SDO,11512,HMI,,,4.99999987369e-05,SDO,,cm,-8.24185180664,-16.170589447,-20.8534317017,10.6683826447,"POLYGON((0.559544 144.494909,0.487804 200.27441,0.311707 215.685263,0.43034 125.678491,0.559544 144.494909))",,POINT(0.35084972996018 156.789379984951),"POLYGON((-107.544672 -24.574784,-76.022857 -24.574784,-76.022857 -12.061546,-107.544672 -12.061546,-107.544672 -24.574784))",,POINT(-94.933092 -16.17059),-94.933092,-16.17059,"POLYGON((-20.853432 -24.574784,10.668383 -24.574784,10.668383 -12.061546,-20.853432 -12.061546,-20.853432 -24.574784))",,POINT(-8.241852 -16.17059),-8.241852,-16.17059,"POLYGON((-306.5508 -429.6876,159.4518 -431.6466,171.5232 -238.8294,-329.7534 -236.7642,-306.5508 -429.6876))",,POINT(-130.437 -304.1766),01030000000100000005000000302AA913D02873C0AC8BDB6800DB7AC0A60A462575EE63407FD93D7958FA7AC08D28ED0DBE706540AD69DE718ADA6DC0E78C28ED0D9C74C04DF38E5374986DC0302AA913D02873C0AC8BDB6800DB7AC0,330.964068981150888,-130.437,-304.1766,156.789379985,"POLYGON((0.559544 144.494909,0.487804 200.27441,0.311707 215.685263,0.43034 125.678491,0.559544 144.494909))",,POINT(0.35084972996018 156.789379984951),0.35084972996
800,11515.0,,HMI SHARP,HMI,SDO,"11514,11515",HMI,,,4.99999987369e-05,SDO,,cm,-60.9535713196,-16.1033573151,-74.7391052246,-46.5395774841,"POLYGON((0.973671 110.921187,0.777367 118.131956,0.752977 109.342055,0.970192 103.718292,0.973671 110.921187))",,POINT(0.893164709273679 109.550712683319),"POLYGON((-163.636437 -19.657762,-135.436909 -19.657762,-135.436909 -12.613844,-163.636437 -12.613844,-163.636437 -19.657762))",,POINT(-149.8509 -16.103357),-149.8509,-16.103357,"POLYGON((-74.739107 -19.657762,-46.539579 -19.657762,-46.539579 -12.613844,-74.739107 -12.613844,-74.739107 -19.657762))",,POINT(-60.95357 -16.103357),-60.95357,-16.103357,"POLYGON((-857.928 -327.9744,-646.674 -345.7554,-670.206 -235.2552,-889.092 -217.038,-857.928 -327.9744))",,POINT(-793.962 -281.9478),010300000001000000050000008195438B6CCF8AC08F537424977F74C008AC1C5A643584C060764F1E169C75C0CFF753E3A5F184C00EBE30992A686DC0DBF97E6ABCC88BC0F0A7C64B37216BC08195438B6CCF8AC08F537424977F74C0,842.537963161803191,-793.962,-281.9478,109.550712683,"POLYGON((0.973671 110.921187,0.777367 118.131956,0.752977 109.342055,0.970192 103.718292,0.973671 110.921187))",,POINT(0.893164709273679 109.550712683319),0.893164709274
801,11516.0,,HMI SHARP,HMI,SDO,"11513,11516,11517",HMI,,,4.99999987369e-05,SDO,,cm,-54.4316215515,15.6841468811,-68.4247360229,-47.4621963501,"POLYGON((0.931089 78.160105,0.744535 76.202755,0.759609 66.825367,0.933738 70.493529,0.931089 78.160105))",,POINT(0.82260365286959 72.6529049108859),"POLYGON((-157.322066 11.962152,-136.359526 11.962152,-136.359526 19.110182,-157.322066 19.110182,-157.322066 11.962152))",,POINT(-143.32895 15.684147),-143.32895,15.684147,"POLYGON((-68.424736 11.962152,-47.462196 11.962152,-47.462196 19.110182,-68.424736 19.110182,-68.424736 11.962152))",,POINT(-54.43162 15.684147),-54.43162,15.684147,"POLYGON((-859.626 180.21,-682.068 167.4972,-658.734 281.9886,-830.256 294.1146,-859.626 180.21))",,POINT(-740.682 231.3648),010300000001000000050000005EBA490C02DD8AC01F85EB51B8866640068195438B5085C04772F90FE9EF64401D5A643BDF9584C036CD3B4ED19F7140355EBA490CF289C0F241CF66D56172405EBA490C02DD8AC01F85EB51B8866640,775.976478898065579,-740.682,231.3648,72.6529049109,"POLYGON((0.931089 78.160105,0.744535 76.202755,0.759609 66.825367,0.933738 70.493529,0.931089 78.160105))",,POINT(0.82260365286959 72.6529049108859),0.82260365287
802,11512.0,,HMI SHARP,HMI,SDO,11512,HMI,,,4.99999987369e-05,SDO,,cm,-6.0389342308,-16.2142162323,-18.4145126343,12.8027515411,"POLYGON((0.540838 147.799582,0.501373 203.78371,0.333416 220.757159,0.399298 129.012147,0.540838 147.799582))",,POINT(0.339227425982565 162.597525373987),"POLYGON((-107.311843 -24.655264,-76.094578 -24.655264,-76.094578 -12.026862,-107.311843 -12.026862,-107.311843 -24.655264))",,POINT(-94.936264 -16.214216),-94.936264,-16.214216,"POLYGON((-18.414513 -24.655264,12.802752 -24.655264,12.802752 -12.026862,-18.414513 -12.026862,-18.414513 -24.655264))",,POINT(-6.038934 -16.214216),-6.038934,-16.214216,"POLYGON((-271.8672 -431.7108,190.7352 -432.7878,205.3338 -238.2414,-292.6734 -237.105,-271.8672 -431.7108))",,POINT(-95.706 -305.352),0103000000010000000500000076711B0DE0FD70C0F31FD26F5FFB7AC09D8026C286D767409F3C2CD49A0C7BC0F46C567DAEAA694024287E8CB9C76DC00612143FC64A72C08FC2F5285CA36DC076711B0DE0FD70C0F31FD26F5FFB7AC0,319.99919115522772,-95.706,-305.352,162.597525374,"POLYGON((0.540838 147.799582,0.501373 203.78371,0.333416 220.757159,0.399298 129.012147,0.540838 147.799582))",,POINT(0.339227425982565 162.597525373987),0.339227425983
803,11516.0,,HMI SHARP,HMI,SDO,"11513,11516,11517",HMI,,,4.99999987369e-05,SDO,,cm,-52.8275489807,15.5693912506,-67.2801895142,-44.9627342224,"POLYGON((0.923682 78.41921,0.715034 76.142477,0.733148 65.930932,0.926848 70.296224,0.923682 78.41921))",,POINT(0.806868747432405 72.5348314050215),"POLYGON((-158.383598 11.689602,-136.066142 11.689602,-136.066142 19.206618,-158.383598 19.206618,-158.383598 11.689602))",,POINT(-143.93096 15.569391),-143.93096,15.569391,"POLYGON((-67.280188 11.689602,-44.962732 11.689602,-44.962732 19.206618,-67.280188 19.206618,-67.280188 11.689602))",,POINT(-52.82755 15.569391),-52.82755,15.569391,"POLYGON((-853.584 174.9174,-654.87 161.5488,-631.458 282.0558,-823.116 294.7794,-853.584 174.9174))",,POINT(-726.042 228.435),01030000000100000005000000E9263108ACAC8AC036AB3E575BDD6540295C8FC2F57684C06F8104C58F3164408B6CE7FBA9BB83C0DE718A8EE4A07140B0726891EDB889C00A68226C786C7240E9263108ACAC8AC036AB3E575BDD6540,761.130432310389324,-726.042,228.435,72.534831405,"POLYGON((0.923682 78.41921,0.715034 76.142477,0.733148 65.930932,0.926848 70.296224,0.923682 78.41921))",,POINT(0.806868747432405 72.5348314050215),0.806868747432
804,11512.0,,HMI SHARP,HMI,SDO,11512,HMI,,,4.99999987369e-05,SDO,,cm,-3.64557409286,-16.2690944672,-14.7027425766,14.8144578934,"POLYGON((0.513316 153.17323,0.514075 206.99898,0.356639 224.757075,0.355354 135.457443,0.513316 153.17323))",,POINT(0.330808886518081 169.320589157324),"POLYGON((-105.806152 -24.612717,-76.288952 -24.612717,-76.288952 -12.072155,-105.806152 -12.072155,-105.806152 -24.612717))",,POINT(-94.748984 -16.269094),-94.748984,-16.269094,"POLYGON((-14.702742 -24.612717,14.814458 -24.612717,14.814458 -12.072155,-14.702742 -12.072155,-14.702742 -24.612717))",,POINT(-3.645574 -16.269094),-3.645574,-16.269094,"POLYGON((-218.5248 -432.1038,220.1478 -432.0834,236.8758 -238.893,-235.1298 -238.9146,-218.5248 -432.1038))",,POINT(-57.8283 -306.6516),010300000001000000050000001B9E5E29CB506BC03255302AA9017BC029CB10C7BA846B40C8073D9B55017BC0C7BAB88D069C6D407F6ABC7493DC6DC0AA60545227646DC07E1D386744DD6DC01B9E5E29CB506BC03255302AA9017BC0,312.05659112322877,-57.8283,-306.6516,169.320589157,"POLYGON((0.513316 153.17323,0.514075 206.99898,0.356639 224.757075,0.355354 135.457443,0.513316 153.17323))",,POINT(0.330808886518081 169.320589157324),0.330808886518
805,11515.0,,HMI SHARP,HMI,SDO,"11514,11515",HMI,,,4.99999987369e-05,SDO,,cm,-58.6352996826,-16.0756874084,-72.3955078125,-44.0758666992,"POLYGON((0.964326 111.303217,0.753369 119.321953,0.725569 110.156188,0.959788 103.923948,0.964326 111.303217))",,POINT(0.875388143568982 110.053075474089),"POLYGON((-163.498916 -19.708809,-135.179278 -19.708809,-135.179278 -12.555183,-163.498916 -12.555183,-163.498916 -19.708809))",,POINT(-149.73871 -16.075687),-149.73871,-16.075687,"POLYGON((-72.395506 -19.708809,-44.075868 -19.708809,-44.075868 -12.555183,-72.395506 -12.555183,-72.395506 -19.708809))",,POINT(-58.6353 -16.075687),-58.6353,-16.075687,"POLYGON((-847.506 -330.4836,-619.614 -348.0234,-642.522 -235.8444,-878.778 -217.8654,-847.506 -330.4836))",,POINT(-775.704 -283.1472),01030000000100000005000000355EBA490C7C8AC088855AD3BCA774C0F4FDD478E95C83C09FABADD85FC075C01904560E2D1484C0C2172653057B6DC04E62105839768BC0AB3E575BB13B6BC0355EBA490C7C8AC088855AD3BCA774C0,825.765724938883523,-775.704,-283.1472,110.053075474,"POLYGON((0.964326 111.303217,0.753369 119.321953,0.725569 110.156188,0.959788 103.923948,0.964326 111.303217))",,POINT(0.875388143568982 110.053075474089),0.875388143569
806,11516.0,,HMI SHARP,HMI,SDO,"11513,11516,11517",HMI,,,4.99999987369e-05,SDO,,cm,-50.8359184265,15.533698082,-65.2745742798,-42.761680603,"POLYGON((0.909902 78.55952,0.687995 76.001245,0.710201 64.613986,0.914227 69.658926,0.909902 78.55952))",,POINT(0.786707323227333 72.2243119368849),"POLYGON((-158.584062 11.491613,-136.071172 11.491613,-136.071172 19.615181,-158.584062 19.615181,-158.584062 11.491613))",,POINT(-144.14541 15.533698),-144.14541,15.533698,"POLYGON((-65.274572 11.491613,-42.761682 11.491613,-42.761682 19.615181,-65.274572 19.615181,-65.274572 11.491613))",,POINT(-50.83592 15.533698),-50.83592,15.533698,"POLYGON((-841.266 170.2476,-629.718 156.9918,-605.25 287.2128,-808.62 299.7768,-841.266 170.2476))",,POINT(-706.68 226.5594),01030000000100000005000000E3A59BC4204A8AC0ABCFD556EC47654039B4C876BEAD83C088855AD3BC9F63400000000000EA82C06C09F9A067F37140295C8FC2F54489C08638D6C56DBC7240E3A59BC4204A8AC0ABCFD556EC476540,742.10901094674773,-706.68,226.5594,72.2243119369,"POLYGON((0.909902 78.55952,0.687995 76.001245,0.710201 64.613986,0.914227 69.658926,0.909902 78.55952))",,POINT(0.786707323227333 72.2243119368849),0.786707323227
807,11515.0,,HMI SHARP,HMI,SDO,"11514,11515",HMI,,,4.99999987369e-05,SDO,,cm,-56.5391311646,-16.1318073273,-70.192527771,-41.7069587708,"POLYGON((0.95435 111.740497,0.729808 120.63097,0.69839 111.098627,0.948668 104.191951,0.95435 111.740497))",,POINT(0.858436830842641 110.645195071409),"POLYGON((-163.50202 -19.79619,-135.01645 -19.79619,-135.01645 -12.546846,-163.50202 -12.546846,-163.50202 -19.79619))",,POINT(-149.84862 -16.131807),-149.84862,-16.131807,"POLYGON((-70.19253 -19.79619,-41.70696 -19.79619,-41.70696 -12.546846,-70.19253 -12.546846,-70.19253 -19.79619))",,POINT(-56.53913 -16.131807),-56.53913,-16.131807,"POLYGON((-836.214 -333.4548,-592.3758 -350.7624,-614.634 -237.1506,-867.576 -219.4008,-836.214 -333.4548))",,POINT(-757.77 -285.5094),01030000000100000005000000C1CAA145B6218AC088635DDC46D774C0B22E6EA3018382C087A757CA32EC75C0508D976E123583C0E25817B7D1A46DC0F853E3A59B1C8BC09487855AD36C6BC0C1CAA145B6218AC088635DDC46D774C0,809.77218425206479,-757.77,-285.5094,110.645195071,"POLYGON((0.95435 111.740497,0.729808 120.63097,0.69839 111.098627,0.948668 104.191951,0.95435 111.740497))",,POINT(0.858436830842641 110.645195071409),0.858436830843
808,11512.0,,HMI SHARP,HMI,SDO,11512,HMI,,,4.99999987369e-05,SDO,,cm,-1.24209797382,-16.2784862518,-11.8942985535,17.2003707886,"POLYGON((0.495359 157.671971,0.53096 210.562676,0.385024 228.963104,0.324696 141.430359,0.495359 157.671971))",,POINT(0.326296029703807 176.327823011994),"POLYGON((-105.203789 -24.572338,-76.109119 -24.572338,-76.109119 -12.058194,-105.203789 -12.058194,-105.203789 -24.572338))",,POINT(-94.551588 -16.278486),-94.551588,-16.278486,"POLYGON((-11.894299 -24.572338,17.200371 -24.572338,17.200371 -12.058194,-11.894299 -12.058194,-11.894299 -24.572338))",,POINT(-1.242098 -16.278486),-1.242098,-16.278486,"POLYGON((-177.5226 -432.2424,254.6778 -431.2776,273.9546 -238.455,-190.9608 -239.4726,-177.5226 -432.2424))",,POINT(-19.71378 -307.1664),01030000000100000005000000789CA223B93066C0CE88D2DEE0037BC05227A089B0D56F40EA95B20C71F47AC0304CA60A461F7140C3F5285C8FCE6DC0E63FA4DFBEDE67C0DE02098A1FEF6DC0789CA223B93066C0CE88D2DEE0037BC0,307.798359987262415,-19.71378,-307.1664,176.327823012,"POLYGON((0.495359 157.671971,0.53096 210.562676,0.385024 228.963104,0.324696 141.430359,0.495359 157.671971))",,POINT(0.326296029703807 176.327823011994),0.326296029704
809,11512.0,,HMI SHARP,HMI,SDO,11512,HMI,,,4.99999987369e-05,SDO,,cm,1.00158202648,-16.2057914734,-9.65754318237,19.601360321,"POLYGON((0.484079 161.556124,0.550329 213.807448,0.41576 232.388904,0.304238 147.217351,0.484079 161.556124))",,POINT(0.325171593538933 182.97183302598),"POLYGON((-105.173113 -24.59721,-75.91421 -24.59721,-75.91421 -12.132962,-105.173113 -12.132962,-105.173113 -24.59721))",,POINT(-94.513988 -16.205791),-94.513988,-16.205791,"POLYGON((-9.657543 -24.59721,19.60136 -24.59721,19.60136 -12.132962,-9.657543 -12.132962,-9.657543 -24.59721))",,POINT(1.001582 -16.205791),1.001582,-16.205791,"POLYGON((-144.468 -433.179,288.8454 -431.3508,310.6812 -239.3526,-155.3916 -241.281,-144.468 -433.179))",,POINT(15.90276 -306.324),01030000000100000005000000E5D022DBF90E62C0BE9F1A2FDD127BC09D8026C2860D7240FDF675E09CF57AC090A0F831E66A73403A92CB7F48EB6DC0A323B9FC876C63C0A245B6F3FD286EC0E5D022DBF90E62C0BE9F1A2FDD127BC0,306.736516821224939,15.90276,-306.324,182.971833026,"POLYGON((0.484079 161.556124,0.550329 213.807448,0.41576 232.388904,0.304238 147.217351,0.484079 161.556124))",,POINT(0.325171593538933 182.97183302598),0.325171593539
810,11516.0,,HMI SHARP,HMI,SDO,"11513,11516,11517",HMI,,,4.99999987369e-05,SDO,,cm,-49.4732284546,15.6423177719,-69.0530319214,-40.511631012,"POLYGON((0.934782 78.783117,0.659607 75.622371,0.686778 63.007119,0.937783 69.478595,0.934782 78.783117))",,POINT(0.772649251283864 71.8240452757779),"POLYGON((-164.568603 11.420385,-136.027203 11.420385,-136.027203 20.130407,-164.568603 20.130407,-164.568603 11.420385))",,POINT(-144.9888 15.642318),-144.9888,15.642318,"POLYGON((-69.053033 11.420385,-40.511633 11.420385,-40.511633 20.130407,-69.053033 20.130407,-69.053033 11.420385))",,POINT(-49.47323 15.642318),-49.47323,15.642318,"POLYGON((-864.942 171.528,-602.724 154.5024,-577.2684 294.0426,-828.48 310.1088,-864.942 171.528))",,POINT(-692.478 227.3532),01030000000100000005000000A8C64B3789078BC037894160E57065406F1283C0CAD582C055302AA913506340F931E6AE250A82C0F46C567DAE607240A4703D0AD7E389C0E09C11A5BD617340A8C64B3789078BC037894160E5706540,728.845153674111998,-692.478,227.3532,71.8240452758,"POLYGON((0.934782 78.783117,0.659607 75.622371,0.686778 63.007119,0.937783 69.478595,0.934782 78.783117))",,POINT(0.772649251283864 71.8240452757779),0.772649251284
811,11515.0,,HMI SHARP,HMI,SDO,"11514,11515",HMI,,,4.99999987369e-05,SDO,,cm,-54.5914726257,-16.1111564636,-68.0127563477,-39.2794342041,"POLYGON((0.943307 112.179417,0.704952 122.06205,0.669797 112.224524,0.936413 104.519322,0.943307 112.179417))",,POINT(0.841712139707007 111.156101934177),"POLYGON((-163.528324 -19.85164,-134.795006 -19.85164,-134.795006 -12.571902,-163.528324 -12.571902,-163.528324 -19.85164))",,POINT(-150.107043 -16.111156),-150.107043,-16.111156,"POLYGON((-68.012754 -19.85164,-39.279436 -19.85164,-39.279436 -12.571902,-68.012754 -12.571902,-68.012754 -19.85164))",,POINT(-54.591473 -16.111156),-54.591473,-16.111156,"POLYGON((-823.986 -335.9172,-563.5578 -352.9992,-584.8854 -238.9794,-855.114 -221.4552,-823.986 -335.9172))",,POINT(-740.478 -286.56),01030000000100000005000000D9CEF753E3BF89C0423EE8D9ACFE74C0ACADD85F769C81C09CA223B9FC0F76C0075F984C154782C07A36AB3E57DF6DC0F4FDD478E9B88AC0742497FF90AE6BC0D9CEF753E3BF89C0423EE8D9ACFE74C0,793.992633519984338,-740.478,-286.56,111.156101934,"POLYGON((0.943307 112.179417,0.704952 122.06205,0.669797 112.224524,0.936413 104.519322,0.943307 112.179417))",,POINT(0.841712139707007 111.156101934177),0.841712139707
812,11512.0,,HMI SHARP,HMI,SDO,11512,HMI,,,4.99999987369e-05,SDO,,cm,3.22009301186,-16.2319087982,-7.31290245056,21.8551959991,"POLYGON((0.473508 165.787915,0.56888 216.689729,0.444986 235.200097,0.285736 154.062677,0.473508 165.787915))",,POINT(0.32988776198138 189.450647893651),"POLYGON((-105.034552 -24.548866,-75.866454 -24.548866,-75.866454 -12.167042,-105.034552 -12.167042,-105.034552 -24.548866))",,POINT(-94.501557 -16.231909),-94.501557,-16.231909,"POLYGON((-7.312902 -24.548866,21.855196 -24.548866,21.855196 -12.167042,-7.312902 -12.167042,-7.312902 -24.548866))",,POINT(3.220093 -16.231909),3.220093,-16.231909,"POLYGON((-109.6608 -432.9912,320.6244 -430.3116,344.6832 -239.5602,-117.8916 -242.3862,-109.6608 -432.9912))",,POINT(51.09582 -306.9606),01030000000100000005000000984C158C4A6A5BC0B9FC87F4DB0F7BC0F5B9DA8AFD097440F0164850FCE47AC0098A1F63EE8A754004E78C28EDF16DC0454772F90F795DC0E3361AC05B4C6EC0984C158C4A6A5BC0B9FC87F4DB0F7BC0,311.184178218996863,51.09582,-306.9606,189.450647894,"POLYGON((0.473508 165.787915,0.56888 216.689729,0.444986 235.200097,0.285736 154.062677,0.473508 165.787915))",,POINT(0.32988776198138 189.450647893651),0.329887761981
813,11516.0,,HMI SHARP,HMI,SDO,"11513,11516,11517",HMI,,,4.99999987369e-05,SDO,,cm,-47.7755279541,15.7468070984,-67.1239852905,-38.1862640381,"POLYGON((0.92252 78.711334,0.629491 75.025584,0.661061 61.615584,0.926478 69.057519,0.92252 78.711334))",,POINT(0.754606567612536 71.3266665020576),"POLYGON((-164.845636 11.436277,-135.907914 11.436277,-135.907914 20.363703,-164.845636 20.363703,-164.845636 11.436277))",,POINT(-145.497178 15.746807),-145.497178,15.746807,"POLYGON((-67.123986 11.436277,-38.186264 11.436277,-38.186264 20.363703,-67.123986 20.363703,-67.123986 11.436277))",,POINT(-47.775528 15.746807),-47.775528,15.746807,"POLYGON((-853.38 170.3466,-573.636 153.4308,-548.6124 296.4408,-816.216 312.3762,-853.38 170.3466))",,POINT(-674.352 227.9058),01030000000100000005000000D7A3703D0AAB8AC06519E258174B65400C022B8716ED81C0BDE3141DC92D634090A0F831E62481C03B014D840D8772407D3F355EBA8189C0158C4AEA04867340D7A3703D0AAB8AC06519E258174B6540,711.82278242385587,-674.352,227.9058,71.3266665021,"POLYGON((0.92252 78.711334,0.629491 75.025584,0.661061 61.615584,0.926478 69.057519,0.92252 78.711334))",,POINT(0.754606567612536 71.3266665020576),0.754606567613
814,11515.0,,HMI SHARP,HMI,SDO,"11514,11515",HMI,,,4.99999987369e-05,SDO,,cm,-52.4727516174,-16.1463298798,-65.7486190796,-37.0650024414,"POLYGON((0.930595 112.620172,0.681622 123.43768,0.643078 113.379197,0.922368 104.892655,0.930595 112.620172))",,POINT(0.822766753715513 111.828018032556),"POLYGON((-163.470268 -19.855049,-134.786652 -19.855049,-134.786652 -12.600067,-163.470268 -12.600067,-163.470268 -19.855049))",,POINT(-150.1944 -16.14633),-150.1944,-16.14633,"POLYGON((-65.748618 -19.855049,-37.065002 -19.855049,-37.065002 -12.600067,-65.748618 -12.600067,-65.748618 -19.855049))",,POINT(-52.47275 -16.14633),-52.47275,-16.14633,"POLYGON((-810.306 -337.6326,-536.5542 -354.2988,-556.8132 -240.7146,-840.846 -223.6164,-810.306 -337.6326))",,POINT(-720.474 -288.5778),010300000001000000050000009CC420B0725289C032772D211F1A75C08CDB68006FC480C0B84082E2C72476C0DC68006F816681C017B7D100DE166EC054E3A59BC4468AC024287E8CB9F36BC09CC420B0725289C032772D211F1A75C0,776.118503405787806,-720.474,-288.5778,111.828018033,"POLYGON((0.930595 112.620172,0.681622 123.43768,0.643078 113.379197,0.922368 104.892655,0.930595 112.620172))",,POINT(0.822766753715513 111.828018032556),0.822766753716
815,11513.0,DSO,SWPC,nil,nil,,various,,,5e-05,various,,cm,-45.0,17.0,-47.0,-43.0,"POLYGON((0.748443 69.797606,0.703491 68.633313,0.704882 67.991645,0.749555 69.189528,0.748443 69.797606))",,POINT(0.726930608944888 68.9341149916625),"POLYGON((-144.72165 16.767952,-140.72165 16.767952,-140.72165 17.232048,-144.72165 17.232048,-144.72165 16.767952))",,POINT(-142.72165 17),-142.72165,17.0,"POLYGON((-47 16.767952,-43 16.767952,-43 17.232048,-47 17.232048,-47 16.767952))",,POINT(-45 17),-45.0,17.0,"POLYGON((-662.574 243.8112,-617.994 241.7748,-616.464 249.1722,-660.93 251.202,-662.574 243.8112))",,POINT(-639.888 246.4746),010300000001000000050000003BDF4F8D97B484C07DD0B359F5796E40CBA145B6F34F83C01B9E5E29CB386E40C1CAA145B64383C0E10B93A982256F403D0AD7A370A784C05839B4C876666F403BDF4F8D97B484C07DD0B359F5796E40,685.715962326355566,-639.888,246.4746,68.9341149917,"POLYGON((0.748443 69.797606,0.703491 68.633313,0.704882 67.991645,0.749555 69.189528,0.748443 69.797606))",,POINT(0.726930608944888 68.9341149916625),0.726930608945
816,11515.0,DSO,SWPC,nil,nil,,various,,,5e-05,various,,cm,-58.0,-17.0,-63.0,-53.0,"POLYGON((0.90953 110.331399,0.830276 112.881579,0.829308 112.449231,0.908998 109.93024,0.90953 110.331399))",,POINT(0.872249046803528 111.271451104371),"POLYGON((-160.72165 -17.185638,-150.72165 -17.185638,-150.72165 -16.814362,-160.72165 -16.814362,-160.72165 -17.185638))",,POINT(-155.72165 -17),-155.72165,-17.0,"POLYGON((-63 -17.185638,-53 -17.185638,-53 -16.814362,-63 -16.814362,-63 -17.185638))",,POINT(-58 -17),-58.0,-17.0,"POLYGON((-804.51 -298.0986,-721.572 -304.5306,-723.006 -298.7286,-806.106 -292.2876,-804.51 -298.0986))",,POINT(-766.74 -298.4994),01030000000100000005000000AE47E17A142489C02BF697DD93A172C07F6ABC74938C86C01FF46C567D0873C0355EBA490C9886C0D93D7958A8AB72C0022B8716D93089C0462575029A4472C0AE47E17A142489C02BF697DD93A172C0,822.795308324227108,-766.74,-298.4994,111.271451104,"POLYGON((0.90953 110.331399,0.830276 112.881579,0.829308 112.449231,0.908998 109.93024,0.90953 110.331399))",,POINT(0.872249046803528 111.271451104371),0.872249046804
817,11514.0,BXO,SWPC,nil,nil,,various,,,5e-05,various,,cm,-42.0,-15.0,-44.5,-39.5,"POLYGON((0.739168 113.265802,0.683231 115.550992,0.683042 115.494437,0.739018 113.212558,0.739168 113.265802))",,POINT(0.711553857249672 114.317817789967),"POLYGON((-142.22165 -15.020626,-137.22165 -15.020626,-137.22165 -14.979374,-142.22165 -14.979374,-142.22165 -15.020626))",,POINT(-139.72165 -15),-139.72165,-15.0,"POLYGON((-44.5 -15.020626,-39.5 -15.020626,-39.5 -14.979374,-44.5 -14.979374,-44.5 -15.020626))",,POINT(-42 -15),-42.0,-15.0,"POLYGON((-640.56 -275.4156,-581.4636 -277.9794,-581.5764 -277.3284,-640.686 -274.7646,-640.56 -275.4156))",,POINT(-611.658 -276.4032),0103000000010000000500000014AE47E17A0484C07B832F4CA63671C068B3EA73B52B82C03D9B559FAB5F71C0516B9A779C2C82C01AC05B20415571C0736891ED7C0584C058A835CD3B2C71C014AE47E17A0484C07B832F4CA63671C0,671.211023400420686,-611.658,-276.4032,114.31781779,"POLYGON((0.739168 113.265802,0.683231 115.550992,0.683042 115.494437,0.739018 113.212558,0.739168 113.265802))",,POINT(0.711553857249672 114.317817789967),0.71155385725
818,11512.0,DKI,SWPC,nil,nil,,various,,,5e-05,various,,cm,2.0,-16.0,-2.0,6.0,"POLYGON((0.328679 174.1258,0.341908 197.137712,0.331798 197.736093,0.31805 173.908966,0.328679 174.1258))",,POINT(0.323368737852571 185.980831170741),"POLYGON((-99.72165 -16.322288,-91.72165 -16.322288,-91.72165 -15.677712,-99.72165 -15.677712,-99.72165 -16.322288))",,POINT(-95.72165 -16),-95.72165,-16.0,"POLYGON((-2 -16.322288,6 -16.322288,6 -15.677712,-2 -15.677712,-2 -16.322288))",,POINT(2 -16),2.0,-16.0,"POLYGON((-31.7313 -308.4156,95.0376 -308.2026,95.346 -298.11,-31.83438 -298.3236,-31.7313 -308.4156))",,POINT(31.78332 -303.3744),0103000000010000000500000097900F7A36BB3FC07B832F4CA64673C01895D40968C25740B7627FD93D4373C0A01A2FDD24D65740F6285C8FC2A172C0BD6F7CED99D53FC0C58F31772DA572C097900F7A36BB3FC07B832F4CA64673C0,305.034761962603852,31.78332,-303.3744,185.980831171,"POLYGON((0.328679 174.1258,0.341908 197.137712,0.331798 197.736093,0.31805 173.908966,0.328679 174.1258))",,POINT(0.323368737852571 185.980831170741),0.323368737853
819,11512.0,,HMI SHARP,HMI,SDO,11512,HMI,,,4.99999987369e-05,SDO,,cm,5.33936500549,-16.2123737335,-5.11818647385,24.0456542969,"POLYGON((0.464944 169.898138,0.587176 219.355724,0.473295 237.680329,0.271484 161.174889,0.464944 169.898138))",,POINT(0.337418617229769 195.424229331743),"POLYGON((-105.045907 -24.436257,-75.882065 -24.436257,-75.882065 -12.137393,-105.045907 -12.137393,-105.045907 -24.436257))",,POINT(-94.588355 -16.212374),-94.588355,-16.212374,"POLYGON((-5.118187 -24.436257,24.045655 -24.436257,24.045655 -12.137393,-5.118187 -12.137393,-5.118187 -24.436257))",,POINT(5.339365 -16.212374),5.339365,-16.212374,"POLYGON((-76.9266 -431.7822,351.2358 -428.2758,377.2932 -238.6962,-82.6356 -242.3922,-76.9266 -431.7822))",,POINT(84.6528 -306.8232),010300000001000000050000004F1E166A4D3B53C0E6AE25E483FC7AC0598638D6C5F37540CAC342AD69C47AC0FFB27BF2B094774035EF384547D66DC09B559FABADA854C0B8AF03E78C4C6EC04F1E166A4D3B53C0E6AE25E483FC7AC0,318.286934394234891,84.6528,-306.8232,195.424229332,"POLYGON((0.464944 169.898138,0.587176 219.355724,0.473295 237.680329,0.271484 161.174889,0.464944 169.898138))",,POINT(0.337418617229769 195.424229331743),0.33741861723
820,11516.0,,HMI SHARP,HMI,SDO,"11513,11516,11517",HMI,,,4.99999987369e-05,SDO,,cm,-45.7572135925,15.7499303818,-65.1206970215,-36.0014648438,"POLYGON((0.908663 78.805653,0.599946 74.657853,0.636522 60.188179,0.913809 68.625092,0.908663 78.805653))",,POINT(0.732212759666803 70.8411162061148),"POLYGON((-165.048416 11.284945,-135.929184 11.284945,-135.929184 20.569651,-165.048416 20.569651,-165.048416 11.284945))",,POINT(-145.684934 15.74993),-145.684934,15.74993,"POLYGON((-65.120696 11.284945,-36.001464 11.284945,-36.001464 20.569651,-65.120696 20.569651,-65.120696 11.284945))",,POINT(-45.757214 15.74993),-45.757214,15.74993,"POLYGON((-840.834 166.4034,-545.7606 149.7348,-520.9716 298.506,-802.704 314.1708,-840.834 166.4034))",,POINT(-652.44 226.6788),01030000000100000005000000E9263108AC468AC09BE61DA7E8CC6440B3EA73B5150E81C03A234A7B83B76240598638D6C54780C06ABC749318A872401283C0CAA11589C082E2C798BBA27340E9263108AC468AC09BE61DA7E8CC6440,690.696193683909087,-652.44,226.6788,70.8411162061,"POLYGON((0.908663 78.805653,0.599946 74.657853,0.636522 60.188179,0.913809 68.625092,0.908663 78.805653))",,POINT(0.732212759666803 70.8411162061148),0.732212759667
821,11515.0,,HMI SHARP,HMI,SDO,"11514,11515",HMI,,,4.99999987369e-05,SDO,,cm,-50.5930633545,-16.1546802521,-63.4363861084,-34.868598938,"POLYGON((0.916477 113.180801,0.658573 125.016995,0.615617 114.524916,0.906574 105.215898,0.916477 113.180801))",,POINT(0.805184846365285 112.447293200556),"POLYGON((-163.364107 -19.91875,-134.796319 -19.91875,-134.796319 -12.543344,-163.364107 -12.543344,-163.364107 -19.91875))",,POINT(-150.520783 -16.15468),-150.520783,-16.15468,"POLYGON((-63.436387 -19.91875,-34.868599 -19.91875,-34.868599 -12.543344,-63.436387 -12.543344,-63.436387 -19.91875))",,POINT(-50.593063 -16.15468),-50.593063,-16.15468,"POLYGON((-794.718 -340.3014,-508.7778 -356.475,-528.3204 -241.047,-825.192 -224.4456,-794.718 -340.3014))",,POINT(-701.982 -290.0142),0103000000010000000500000039B4C876BED588C03B70CE88D24475C043AD69DE71CC7FC09A999999994776C01B0DE02D908280C02FDD240681216EC0A8C64B3789C989C02063EE5A420E6CC039B4C876BED588C03B70CE88D24475C0,759.530752850495219,-701.982,-290.0142,112.447293201,"POLYGON((0.916477 113.180801,0.658573 125.016995,0.615617 114.524916,0.906574 105.215898,0.916477 113.180801))",,POINT(0.805184846365285 112.447293200556),0.805184846365
822,11516.0,,HMI SHARP,HMI,SDO,"11513,11516,11517",HMI,,,4.99999987369e-05,SDO,,cm,-44.1876487732,15.7420425415,-63.0373535156,-33.7771873474,"POLYGON((0.893145 78.746284,0.569399 73.996535,0.610335 58.846345,0.899515 68.339204,0.893145 78.746284))",,POINT(0.714232752301921 70.4432630224676),"POLYGON((-165.171145 11.257535,-135.910979 11.257535,-135.910979 20.600299,-165.171145 20.600299,-165.171145 11.257535))",,POINT(-146.32144 15.742043),-146.32144,15.742043,"POLYGON((-63.037355 11.257535,-33.777189 11.257535,-33.777189 20.600299,-63.037355 20.600299,-63.037355 11.257535))",,POINT(-44.18765 15.742043),-44.18765,15.742043,"POLYGON((-826.302 164.4174,-516.2964 148.0794,-492.6972 297.8436,-788.592 313.194,-826.302 164.4174))",,POINT(-634.866 225.5256),0103000000010000000500000023DBF97E6AD289C036AB3E575B8D64404694F6065F2280C0AD69DE718A82624057EC2FBB27CB7EC07DAEB6627F9D7240DBF97E6ABCA488C0C976BE9F1A93734023DBF97E6AD289C036AB3E575B8D6440,673.733355424354841,-634.866,225.5256,70.4432630225,"POLYGON((0.893145 78.746284,0.569399 73.996535,0.610335 58.846345,0.899515 68.339204,0.893145 78.746284))",,POINT(0.714232752301921 70.4432630224676),0.714232752302
823,11515.0,,HMI SHARP,HMI,SDO,"11514,11515",HMI,,,4.99999987369e-05,SDO,,cm,-48.6165008545,-16.1783065796,-61.3732795715,-32.718875885,"POLYGON((0.902831 113.681629,0.635581 126.648142,0.588542 115.864827,0.891406 105.589082,0.902831 113.681629))",,POINT(0.786039484607885 113.169344259216),"POLYGON((-163.50707 -19.935003,-134.852666 -19.935003,-134.852666 -12.541317,-163.50707 -12.541317,-163.50707 -19.935003))",,POINT(-150.75029 -16.178307),-150.75029,-16.178307,"POLYGON((-61.37328 -19.935003,-32.718876 -19.935003,-32.718876 -12.541317,-61.37328 -12.541317,-61.37328 -19.935003))",,POINT(-48.6165 -16.178307),-48.6165,-16.178307,"POLYGON((-779.922 -342.0636,-481.0218 -357.8658,-499.5558 -242.1924,-809.928 -225.9696,-779.922 -342.0636))",,POINT(-681.666 -291.7308),010300000001000000050000004C378941605F88C069006F81046175C0D8F0F44A59107EC007CE1951DA5D76C0DE718A8EE4387FC003780B2428466EC08195438B6C4F89C0744694F6063F6CC04C378941605F88C069006F81046175C0,741.468404737949754,-681.666,-291.7308,113.169344259,"POLYGON((0.902831 113.681629,0.635581 126.648142,0.588542 115.864827,0.891406 105.589082,0.902831 113.681629))",,POINT(0.786039484607885 113.169344259216),0.786039484608
824,11512.0,,HMI SHARP,HMI,SDO,11512,HMI,,,4.99999987369e-05,SDO,,cm,7.52845716476,-16.1570243835,-3.15774917603,26.2517261505,"POLYGON((0.460995 173.729233,0.607559 221.697461,0.501736 239.944042,0.261787 168.071712,0.460995 173.729233))",,POINT(0.348200467038332 201.282744823344),"POLYGON((-105.291539 -24.442714,-75.882064 -24.442714,-75.882064 -12.063092,-105.291539 -12.063092,-105.291539 -24.442714))",,POINT(-94.605333 -16.157024),-94.605333,-16.157024,"POLYGON((-3.157749 -24.442714,26.251726 -24.442714,26.251726 -12.063092,-3.157749 -12.063092,-3.157749 -24.442714))",,POINT(7.528457 -16.157024),7.528457,-16.157024,"POLYGON((-47.49798 -432.2532,381.2304 -427.9218,409.6464 -237.0432,-51.04002 -241.611,-47.49798 -432.2532))",,POINT(119.22 -306.0558),01030000000100000005000000F20703CFBDBF47C08E75711B0D047BC0F90FE9B7AFD377403F575BB1BFBE7AC027C286A7579A7940FE65F7E461A16DC0CC9717601F8549C0643BDF4F8D336EC0F20703CFBDBF47C08E75711B0D047BC0,328.456330603689196,119.22,-306.0558,201.282744823,"POLYGON((0.460995 173.729233,0.607559 221.697461,0.501736 239.944042,0.261787 168.071712,0.460995 173.729233))",,POINT(0.348200467038332 201.282744823344),0.348200467038
825,11516.0,,HMI SHARP,HMI,SDO,"11513,11516,11517",HMI,,,4.99999987369e-05,SDO,,cm,-42.5785827637,15.7046804428,-61.0462341309,-31.1222362518,"POLYGON((0.877226 78.708277,0.531953 73.106315,0.578058 57.195096,0.884796 68.148109,0.877226 78.708277))",,POINT(0.695265638115286 70.0389626832683),"POLYGON((-165.386096 11.200985,-135.462096 11.200985,-135.462096 20.526399,-165.386096 20.526399,-165.386096 11.200985))",,POINT(-146.918443 15.70468),-146.918443,15.70468,"POLYGON((-61.046236 11.200985,-31.122236 11.200985,-31.122236 20.526399,-61.046236 20.526399,-61.046236 11.200985))",,POINT(-42.578583 15.70468),-42.578583,15.70468,"POLYGON((-811.464 162.0246,-480.1338 145.818,-458.3172 295.4208,-774.654 310.6536,-811.464 162.0246))",,POINT(-616.44 223.8912),01030000000100000005000000C1CAA145B65B89C0696FF085C94064404703780B24027EC01904560E2D3A6240A9A44E4013A57CC082E2C798BB767240AC1C5A643B3588C0A60A4625756A7340C1CAA145B65B89C0696FF085C9406440,655.839571112814042,-616.44,223.8912,70.0389626833,"POLYGON((0.877226 78.708277,0.531953 73.106315,0.578058 57.195096,0.884796 68.148109,0.877226 78.708277))",,POINT(0.695265638115286 70.0389626832683),0.695265638115
826,11512.0,,HMI SHARP,HMI,SDO,11512,HMI,,,4.99999987369e-05,SDO,,cm,9.80662822723,-16.127822876,-0.909893274307,28.8496055603,"POLYGON((0.458515 178.185515,0.631889 224.247219,0.535301 242.277278,0.255444 176.497923,0.458515 178.185515))",,POINT(0.363279211502023 206.893280635045),"POLYGON((-105.249753 -24.423128,-75.490255 -24.423128,-75.490255 -11.971686,-105.249753 -11.971686,-105.249753 -24.423128))",,POINT(-94.533232 -16.127823),-94.533232,-16.127823,"POLYGON((-0.909893 -24.423128,28.849605 -24.423128,28.849605 -11.971686,-0.909893 -11.971686,-0.909893 -24.423128))",,POINT(9.806628 -16.127823),9.806628,-16.127823,"POLYGON((-13.69488 -432.297,415.902 -426.9768,446.9832 -234.8976,-14.7189 -240.5088,-13.69488 -432.297))",,POINT(155.004 -305.6184),01030000000100000005000000F949B54FC7632BC0986E1283C0047BC0DF4F8D976EFE7940BA6B09F9A0AF7AC0D656EC2FBBEF7B40789CA223B95C6DC055302AA913702DC08E06F01648106EC0F949B54FC7632BC0986E1283C0047BC0,342.678926160567983,155.004,-305.6184,206.893280635,"POLYGON((0.458515 178.185515,0.631889 224.247219,0.535301 242.277278,0.255444 176.497923,0.458515 178.185515))",,POINT(0.363279211502023 206.893280635045),0.363279211502
827,11515.0,,HMI SHARP,HMI,SDO,"11514,11515",HMI,,,4.99999987369e-05,SDO,,cm,-46.4228096008,-16.155456543,-59.336605072,-30.4513282776,"POLYGON((0.888514 114.246447,0.611472 128.574202,0.559754 117.488184,0.875441 106.015513,0.888514 114.246447))",,POINT(0.763831739696005 113.979173221658),"POLYGON((-163.676465 -19.976615,-134.791189 -19.976615,-134.791189 -12.562333,-163.676465 -12.562333,-163.676465 -19.976615))",,POINT(-150.76267 -16.155457),-150.76267,-16.155457,"POLYGON((-59.336605 -19.976615,-30.451329 -19.976615,-30.451329 -12.562333,-59.336605 -12.562333,-59.336605 -19.976615))",,POINT(-46.42281 -16.155457),-46.42281,-16.155457,"POLYGON((-764.196 -344.1882,-450.9408 -359.649,-468.4026 -243.7122,-793.746 -227.8356,-764.196 -344.1882))",,POINT(-658.332 -292.8216),0103000000010000000500000021B0726891E187C0B7D100DE028375C03B014D840D2F7CC0AAF1D24D627A76C0EA95B20C71467DC0C286A757CA766EC08716D9CEF7CD88C03411363CBD7A6CC021B0726891E187C0B7D100DE028375C0,720.517530425568566,-658.332,-292.8216,113.979173222,"POLYGON((0.888514 114.246447,0.611472 128.574202,0.559754 117.488184,0.875441 106.015513,0.888514 114.246447))",,POINT(0.763831739696005 113.979173221658),0.763831739696
828,11516.0,,HMI SHARP,HMI,SDO,"11513,11516,11517",HMI,,,4.99999987369e-05,SDO,,cm,-40.9004364014,15.7007331848,-59.1063995361,-28.929933548,"POLYGON((0.860767 78.576934,0.500559 72.124234,0.551842 55.473297,0.869716 67.801547,0.860767 78.576934))",,POINT(0.675113574575843 69.5239868529039),"POLYGON((-165.652318 11.214433,-135.475854 11.214433,-135.475854 20.568613,-165.652318 20.568613,-165.652318 11.214433))",,POINT(-147.446356 15.700733),-147.446356,15.700733,"POLYGON((-59.106398 11.214433,-28.929934 11.214433,-28.929934 20.568613,-59.106398 20.568613,-59.106398 11.214433))",,POINT(-40.900436 15.700733),-40.900436,15.700733,"POLYGON((-795.87 160.809,-449.3784 144.9354,-428.859 295.041,-759.588 309.9582,-795.87 160.809))",,POINT(-596.5926 222.7722),01030000000100000005000000295C8FC2F5DE88C0D9CEF753E3196440E78C28ED0D167CC0B515FBCBEE1D624039B4C876BECD7AC02DB29DEFA770724062105839B4BC87C06FF085C9545F7340295C8FC2F5DE88C0D9CEF753E3196440,636.828221318433748,-596.5926,222.7722,69.5239868529,"POLYGON((0.860767 78.576934,0.500559 72.124234,0.551842 55.473297,0.869716 67.801547,0.860767 78.576934))",,POINT(0.675113574575843 69.5239868529039),0.675113574576
829,11515.0,,HMI SHARP,HMI,SDO,"11514,11515",HMI,,,4.99999987369e-05,SDO,,cm,-44.2547492981,-16.1229286194,-57.2118415833,-28.2210521698,"POLYGON((0.872672 114.880051,0.587898 130.661063,0.530315 119.057448,0.857505 106.337837,0.872672 114.880051))",,POINT(0.741070004377416 114.845425410323),"POLYGON((-163.75776 -20.016288,-134.766972 -20.016288,-134.766972 -12.445016,-163.75776 -12.445016,-163.75776 -20.016288))",,POINT(-150.80067 -16.122929),-150.80067,-16.122929,"POLYGON((-57.21184 -20.016288,-28.221052 -20.016288,-28.221052 -12.445016,-57.21184 -12.445016,-57.21184 -20.016288))",,POINT(-44.25475 -16.122929),-44.25475,-16.122929,"POLYGON((-746.784 -346.3296,-420.6756 -361.341,-437.2776 -242.9604,-776.214 -227.5374,-746.784 -346.3296))",,POINT(-634.344 -293.7186),0103000000010000000500000083C0CAA1455687C0304CA60A46A575C0D712F241CF4A7AC0FA7E6ABC749576C0EA95B20C71547BC082E2C798BB5E6EC0C1CAA145B64188C0DA1B7C6132716CC083C0CAA1455687C0304CA60A46A575C0,699.044294964174696,-634.344,-293.7186,114.84542541,"POLYGON((0.872672 114.880051,0.587898 130.661063,0.530315 119.057448,0.857505 106.337837,0.872672 114.880051))",,POINT(0.741070004377416 114.845425410323),0.741070004377
830,11512.0,,HMI SHARP,HMI,SDO,11512,HMI,,,4.99999987369e-05,SDO,,cm,11.9898433685,-16.0785617828,1.36638903618,31.0645141602,"POLYGON((0.455724 182.746645,0.651399 226.470364,0.564356 243.870312,0.256529 185.24039,0.455724 182.746645))",,POINT(0.380263267363832 211.814252271253),"POLYGON((-105.179531 -24.20715,-75.481405 -24.20715,-75.481405 -11.98244,-105.179531 -11.98244,-105.179531 -24.20715))",,POINT(-94.556077 -16.078562),-94.556077,-16.078562,"POLYGON((1.366389 -24.20715,31.064515 -24.20715,31.064515 -11.98244,1.366389 -11.98244,1.366389 -24.20715))",,POINT(11.989843 -16.078562),11.989843,-16.078562,"POLYGON((20.59968 -429.3858,445.4934 -423.1956,477.945 -234.45,22.10124 -240.9696,20.59968 -429.3858))",,POINT(189.0942 -304.8084),01030000000100000005000000B610E4A084993440C0EC9E3C2CD67AC08BFD65F7E4D77B409031772D21737AC085EB51B81EDF7D4066666666664E6DC00B0C59DDEA193640744694F6061F6EC0B610E4A084993440C0EC9E3C2CD67AC0,358.698727603263194,189.0942,-304.8084,211.814252271,"POLYGON((0.455724 182.746645,0.651399 226.470364,0.564356 243.870312,0.256529 185.24039,0.455724 182.746645))",,POINT(0.380263267363832 211.814252271253),0.380263267364
831,11516.0,,HMI SHARP,HMI,SDO,"11513,11516,11517",HMI,,,4.99999987369e-05,SDO,,cm,-38.9753417969,15.6972484589,-57.3128662109,-27.1578674316,"POLYGON((0.844676 78.485931,0.474655 71.294885,0.530975 53.858384,0.855099 67.404638,0.844676 78.485931))",,POINT(0.651460046222972 68.8663112953452),"POLYGON((-166.064847 11.187628,-135.909847 11.187628,-135.909847 20.646398,-166.064847 20.646398,-166.064847 11.187628))",,POINT(-147.72732 15.697248),-147.72732,15.697248,"POLYGON((-57.312867 11.187628,-27.157867 11.187628,-27.157867 20.646398,-57.312867 20.646398,-57.312867 11.187628))",,POINT(-38.97534 15.697248),-38.97534,15.697248,"POLYGON((-780.738 159.0426,-424.0872 143.5878,-404.4768 295.3998,-744.69 309.9138,-780.738 159.0426))",,POINT(-573.183 221.5602),0103000000010000000500000096438B6CE76588C0E8D9ACFA5CE1634061C3D32B65817AC0D712F241CFF26140BA6B09F9A04779C00E4FAF9465767240EC51B81E854587C05BB1BFEC9E5E734096438B6CE76588C0E8D9ACFA5CE16340,614.514176982956201,-573.183,221.5602,68.8663112953,"POLYGON((0.844676 78.485931,0.474655 71.294885,0.530975 53.858384,0.855099 67.404638,0.844676 78.485931))",,POINT(0.651460046222972 68.8663112953452),0.651460046223
832,11515.0,,HMI SHARP,HMI,SDO,"11514,11515",HMI,,,4.99999987369e-05,SDO,,cm,-41.7487030029,-16.062915802,-54.9803771973,-25.7218475342,"POLYGON((0.855241 115.671086,0.562381 133.331575,0.496765 121.007553,0.837397 106.658101,0.855241 115.671086))",,POINT(0.713749025548123 115.923331227384),"POLYGON((-163.732356 -20.118637,-134.473828 -20.118637,-134.473828 -12.274037,-163.732356 -12.274037,-163.732356 -20.118637))",,POINT(-150.500683 -16.062916),-150.500683,-16.062916,"POLYGON((-54.980376 -20.118637,-25.721848 -20.118637,-25.721848 -12.274037,-54.980376 -12.274037,-54.980376 -20.118637))",,POINT(-41.748703 -16.062916),-41.748703,-16.062916,"POLYGON((-727.11 -349.4826,-385.8732 -364.0302,-401.6298 -241.3956,-756.756 -226.4346,-727.11 -349.4826))",,POINT(-605.526 -294.3324),010300000001000000050000007B14AE47E1B886C0CB10C7BAB8D775C0E02D90A0F81D78C06DC5FEB27BC076C055302AA9131A79C086C954C1A82C6EC0355EBA490CA687C0EE5A423EE84D6CC07B14AE47E1B886C0CB10C7BAB8D775C0,673.270598174136921,-605.526,-294.3324,115.923331227,"POLYGON((0.855241 115.671086,0.562381 133.331575,0.496765 121.007553,0.837397 106.658101,0.855241 115.671086))",,POINT(0.713749025548123 115.923331227384),0.713749025548
833,11512.0,,HMI SHARP,HMI,SDO,11512,HMI,,,4.99999987369e-05,SDO,,cm,14.0653381348,-16.0447177887,3.64998674393,33.113494873,"POLYGON((0.455762 187.362045,0.669689 228.403451,0.591251 245.090102,0.264329 193.684791,0.455762 187.362045))",,POINT(0.39875563449478 216.029288443074),"POLYGON((-105.101993 -23.989175,-75.638487 -23.989175,-75.638487 -12.049635,-105.101993 -12.049635,-105.101993 -23.989175))",,POINT(-94.686642 -16.044718),-94.686642,-16.044718,"POLYGON((3.649987 -23.989175,33.113493 -23.989175,33.113493 -12.049635,3.649987 -12.049635,3.649987 -23.989175))",,POINT(14.065338 -16.044718),14.065338,-16.044718,"POLYGON((55.08864 -426.3702,472.4166 -419.3802,505.8354 -234.9072,58.9884 -242.2596,55.08864 -426.3702))",,POINT(221.2458 -304.1916),01030000000100000005000000088F368E588B4B40ABCFD556ECA57AC038F8C264AA867D40075F984C15367AC041F163CC5D9D7F40CC5D4BC8075D6DC0E6AE25E4837E4D4055C1A8A44E486EC0088F368E588B4B40ABCFD556ECA57AC0,376.141241461502091,221.2458,-304.1916,216.029288443,"POLYGON((0.455762 187.362045,0.669689 228.403451,0.591251 245.090102,0.264329 193.684791,0.455762 187.362045))",,POINT(0.39875563449478 216.029288443074),0.398755634495
834,11516.0,,HMI SHARP,HMI,SDO,"11513,11516,11517",HMI,,,4.99999987369e-05,SDO,,cm,-36.9233779907,15.6587085724,-55.5163803101,-24.631067276,"POLYGON((0.827751 78.390746,0.437275 69.883019,0.501725 51.240975,0.839886 66.91775,0.827751 78.390746))",,POINT(0.625529558863302 68.1344667148859),"POLYGON((-166.474409 11.15131,-135.589097 11.15131,-135.589097 20.770978,-166.474409 20.770978,-166.474409 11.15131))",,POINT(-147.881408 15.658709),-147.881408,15.658709,"POLYGON((-55.516379 11.15131,-24.631067 11.15131,-24.631067 20.770978,-55.516379 20.770978,-55.516379 11.15131))",,POINT(-36.923378 15.658709),-36.923378,15.658709,"POLYGON((-764.832 157.1262,-387.3108 141.8658,-369.0486 296.2884,-728.826 310.6038,-764.832 157.1262))",,POINT(-547.6044 219.753),010300000001000000050000002DB29DEFA7E687C02B1895D409A463408CB96B09F93478C00F9C33A2B4BB61405F29CB10C71077C0AA8251499D847240F853E3A59BC686C03255302AA96973402DB29DEFA7E687C02B1895D409A46340,590.052506060570749,-547.6044,219.753,68.1344667149,"POLYGON((0.827751 78.390746,0.437275 69.883019,0.501725 51.240975,0.839886 66.91775,0.827751 78.390746))",,POINT(0.625529558863302 68.1344667148859),0.625529558863
835,11515.0,,HMI SHARP,HMI,SDO,"11514,11515",HMI,,,4.99999987369e-05,SDO,,cm,-39.4272689819,-16.0548763275,-52.7476081848,-23.4155101776,"POLYGON((0.836813 116.483911,0.539211 136.018171,0.466282 123.232926,0.816277 107.12009,0.836813 116.483911))",,POINT(0.687904683107722 117.102247638191),"POLYGON((-163.705639 -20.181454,-134.373541 -20.181454,-134.373541 -12.1875,-163.705639 -12.1875,-163.705639 -20.181454))",,POINT(-150.3853 -16.054876),-150.3853,-16.054876,"POLYGON((-52.747609 -20.181454,-23.415511 -20.181454,-23.415511 -12.1875,-52.747609 -12.1875,-52.747609 -20.181454))",,POINT(-39.42727 -16.054876),-39.42727,-16.054876,"POLYGON((-706.518 -352.0092,-353.208 -365.9898,-367.9014 -241.05,-735.864 -226.6638,-706.518 -352.0092))",,POINT(-577.6386 -295.6212),01030000000100000005000000A01A2FDD241486C0F931E6AE250076C017D9CEF7531376C04B598638D6DF76C0D50968226CFE76C09A99999999216EC0F4FDD478E9FE86C0B7627FD93D556CC0A01A2FDD241486C0F931E6AE250076C0,648.890010787190363,-577.6386,-295.6212,117.102247638,"POLYGON((0.836813 116.483911,0.539211 136.018171,0.466282 123.232926,0.816277 107.12009,0.836813 116.483911))",,POINT(0.687904683107722 117.102247638191),0.687904683108
836,11512.0,,HMI SHARP,HMI,SDO,11512,HMI,,,4.99999987369e-05,SDO,,cm,16.2353134155,-16.0966815948,5.81433534622,35.2555541992,"POLYGON((0.463341 191.559798,0.691435 229.868536,0.618662 246.304078,0.275915 201.139,0.463341 191.559798))",,POINT(0.42094504126388 219.851851510173),"POLYGON((-105.143695 -24.104002,-75.702475 -24.104002,-75.702475 -12.07107,-105.143695 -12.07107,-105.143695 -24.104002))",,POINT(-94.722717 -16.096682),-94.722717,-16.096682,"POLYGON((5.814335 -24.104002,35.255555 -24.104002,35.255555 -12.07107,5.814335 -12.07107,5.814335 -24.104002))",,POINT(16.235313 -16.096682),16.235313,-16.096682,"POLYGON((87.5832 -428.1972,498.666 -420.384,534.3744 -234.5286,93.8604 -242.7528,87.5832 -428.1972))",,POINT(254.445 -304.833),01030000000100000005000000BEC1172653E5554057EC2FBB27C37AC02DB29DEFA72A7F40A01A2FDD24467AC0FB5C6DC5FEB280404D158C4AEA506DC09E5E29CB10775740B98D06F016586EC0BEC1172653E5554057EC2FBB27C37AC0,397.071046431240063,254.445,-304.833,219.85185151,"POLYGON((0.463341 191.559798,0.691435 229.868536,0.618662 246.304078,0.275915 201.139,0.463341 191.559798))",,POINT(0.42094504126388 219.851851510173),0.420945041264
837,11512.0,DKI,SWPC,nil,nil,,various,,,5e-05,various,,cm,16.0,-16.0,11.0,21.0,"POLYGON((0.375659 209.314149,0.474393 226.719067,0.468412 227.690497,0.367316 210.147381,0.375659 209.314149))",,POINT(0.417404883054402 219.600791064905),"POLYGON((-99.95803 -16.299084,-89.95803 -16.299084,-89.95803 -15.700916,-99.95803 -15.700916,-99.95803 -16.299084))",,POINT(-94.95803 -16),-94.95803,-16.0,"POLYGON((11 -16.299084,21 -16.299084,21 -15.700916,11 -15.700916,11 -16.299084))",,POINT(16 -16),16.0,-16.0,"POLYGON((173.4906 -308.9778,325.7718 -306.7872,326.7534 -297.4218,174.0132 -299.6172,173.4906 -308.9778))",,POINT(250.9782 -303.372),010300000001000000050000005D6DC5FEB2AF654076E09C11A54F73C0D8F0F44A595C744094F6065F982C73C0E78C28ED0D6C74403F575BB1BF9672C0D50968226CC0654076711B0DE0B972C05D6DC5FEB2AF654076E09C11A54F73C0,393.731669108848791,250.9782,-303.372,219.600791065,"POLYGON((0.375659 209.314149,0.474393 226.719067,0.468412 227.690497,0.367316 210.147381,0.375659 209.314149))",,POINT(0.417404883054402 219.600791064905),0.417404883054
838,11515.0,DKC,SWPC,nil,nil,,various,,,5e-05,various,,cm,-43.0,-17.0,-47.5,-38.5,"POLYGON((0.779201 115.078491,0.684048 119.36265,0.680368 118.407054,0.776745 114.209005,0.779201 115.078491))",,POINT(0.73145308996972 116.562199045552),"POLYGON((-158.45803 -17.355234,-149.45803 -17.355234,-149.45803 -16.644766,-158.45803 -16.644766,-158.45803 -17.355234))",,POINT(-153.95803 -17),-153.95803,-17.0,"POLYGON((-47.5 -17.355234,-38.5 -17.355234,-38.5 -16.644766,-47.5 -16.644766,-47.5 -17.355234))",,POINT(-43 -17),-43.0,-17.0,"POLYGON((-665.718 -311.5404,-562.359 -316.3902,-564.504 -305.316,-668.256 -300.4524,-665.718 -311.5404))",,POINT(-617.142 -308.5326),0103000000010000000500000039B4C876BECD84C0226C787AA57873C01D5A643BDF9281C063EE5A423EC673C079E9263108A481C0931804560E1573C0355EBA490CE284C05E4BC8073DC772C039B4C876BECD84C0226C787AA57873C0,689.968559737876831,-617.142,-308.5326,116.562199046,"POLYGON((0.779201 115.078491,0.684048 119.36265,0.680368 118.407054,0.776745 114.209005,0.779201 115.078491))",,POINT(0.73145308996972 116.562199045552),0.73145308997
839,11513.0,DSO,SWPC,nil,nil,,various,,,5e-05,various,,cm,-30.0,17.0,-33.0,-27.0,"POLYGON((0.580372 64.371016,0.50216 60.320139,0.504379 59.69979,0.582051 63.813199,0.580372 64.371016))",,POINT(0.542457228099111 62.2350510662468),"POLYGON((-143.95803 16.828114,-137.95803 16.828114,-137.95803 17.171886,-143.95803 17.171886,-143.95803 16.828114))",,POINT(-140.95803 17),-140.95803,17.0,"POLYGON((-33 16.828114,-27 16.828114,-27 17.171886,-33 17.171886,-33 16.828114))",,POINT(-30 17),-30.0,17.0,"POLYGON((-493.5942 236.7978,-411.5358 234.5442,-410.7792 240.042,-492.6864 242.2908,-493.5942 236.7978))",,POINT(-452.7786 238.3692),0103000000010000000500000088F4DBD781D97EC0F697DD9387996D40265305A392B879C0764F1E166A516D40B1506B9A77AC79C0D34D621058016E4097FF907EFBCA7EC0A835CD3B4E496E4088F4DBD781D97EC0F697DD9387996D40,511.691641642307843,-452.7786,238.3692,62.2350510662,"POLYGON((0.580372 64.371016,0.50216 60.320139,0.504379 59.69979,0.582051 63.813199,0.580372 64.371016))",,POINT(0.542457228099111 62.2350510662468),0.542457228099
840,11516.0,DRO,SWPC,nil,nil,,various,,,5e-05,various,,cm,-43.0,13.0,-45.5,-40.5,"POLYGON((0.723039 74.682725,0.662446 73.493255,0.66275 73.309099,0.723266 74.513035,0.723039 74.682725))",,POINT(0.693447760664612 74.0428731609604),"POLYGON((-156.45803 12.938121,-151.45803 12.938121,-151.45803 13.061879,-156.45803 13.061879,-156.45803 12.938121))",,POINT(-153.95803 13),-153.95803,13.0,"POLYGON((-45.5 12.938121,-40.5 12.938121,-40.5 13.061879,-45.5 13.061879,-45.5 12.938121))",,POINT(-43 13),-43.0,13.0,"POLYGON((-657.804 180.168,-599.1222 177.5448,-598.8228 179.5518,-657.474 182.1726,-657.804 180.168))",,POINT(-628.914 179.829),01030000000100000005000000DF4F8D976E8E84C04C37894160856640925CFE43FAB882C08CDB68006F31664031992A1895B682C0D93D7958A87166406F1283C0CA8B84C044696FF085C56640DF4F8D976E8E84C04C37894160856640,654.118711425533206,-628.914,179.829,74.042873161,"POLYGON((0.723039 74.682725,0.662446 73.493255,0.66275 73.309099,0.723266 74.513035,0.723039 74.682725))",,POINT(0.693447760664612 74.0428731609604),0.693447760665
841,11514.0,DAO,SWPC,nil,nil,,various,,,5e-05,various,,cm,-30.0,-16.0,-33.5,-26.5,"POLYGON((0.619449 120.771675,0.536239 126.620282,0.534801 126.343397,0.618358 120.515335,0.619449 120.771675))",,POINT(0.577269199657386 123.308613879851),"POLYGON((-144.45803 -16.0884,-137.45803 -16.0884,-137.45803 -15.9116,-144.45803 -15.9116,-144.45803 -16.0884))",,POINT(-140.95803 -16),-140.95803,-16.0,"POLYGON((-33.5 -16.0884,-26.5 -16.0884,-26.5 -15.9116,-33.5 -15.9116,-33.5 -16.0884))",,POINT(-30 -16),-30.0,-16.0,"POLYGON((-502.0524 -298.947,-405.9792 -301.7298,-406.3404 -298.9608,-502.4988 -296.1756,-502.0524 -298.947))",,POINT(-455.0766 -299.0274),01030000000100000005000000F7E461A1D6607FC0FED478E926AF72C0E4839ECDAA5F79C0EFC9C342ADDB72C0EF384547726579C0F31FD26F5FAF72C0EB73B515FB677FC0D712F241CF8272C0F7E461A1D6607FC0FED478E926AF72C0,544.529244226901028,-455.0766,-299.0274,123.30861388,"POLYGON((0.619449 120.771675,0.536239 126.620282,0.534801 126.343397,0.618358 120.515335,0.619449 120.771675))",,POINT(0.577269199657386 123.308613879851),0.577269199657
842,11516.0,,HMI SHARP,HMI,SDO,"11513,11516,11517",HMI,,,4.99999987369e-05,SDO,,cm,-34.9521713257,15.6866464615,-53.4021987915,-22.2568874359,"POLYGON((0.806813 78.291952,0.401564 68.362588,0.473704 48.648446,0.820898 66.476094,0.806813 78.291952))",,POINT(0.600332862019918 67.2399199628581),"POLYGON((-166.56628 11.079175,-135.420968 11.079175,-135.420968 20.763751,-166.56628 20.763751,-166.56628 11.079175))",,POINT(-148.11625 15.686646),-148.11625,15.686646,"POLYGON((-53.4022 11.079175,-22.256888 11.079175,-22.256888 20.763751,-53.4022 20.763751,-53.4022 11.079175))",,POINT(-34.95217 15.686646),-34.95217,15.686646,"POLYGON((-745.218 154.4364,-352.0968 139.671,-335.427 295.215,-709.986 309.063,-745.218 154.4364))",,POINT(-522.1884 219.0798),0103000000010000000500000039B4C876BE4987C02EFF21FDF64D63400B24287E8C0176C0B6F3FDD47875614046B6F3FDD4F674C03D0AD7A370737240D9CEF753E32F86C05EBA490C0251734039B4C876BE4987C02EFF21FDF64D6340,566.283218771843849,-522.1884,219.0798,67.2399199629,"POLYGON((0.806813 78.291952,0.401564 68.362588,0.473704 48.648446,0.820898 66.476094,0.806813 78.291952))",,POINT(0.600332862019918 67.2399199628581),0.60033286202
843,11515.0,,HMI SHARP,HMI,SDO,"11514,11515",HMI,,,4.99999987369e-05,SDO,,cm,-37.2732505798,-16.0403862,-50.6721000671,-20.9172554016,"POLYGON((0.819012 117.333182,0.51524 139.262533,0.433978 126.139305,0.795758 107.642296,0.819012 117.333182))",,POINT(0.663350808230738 118.303665595569),"POLYGON((-163.836181 -20.264895,-134.081335 -20.264895,-134.081335 -12.146093,-163.836181 -12.146093,-163.836181 -20.264895))",,POINT(-150.43733 -16.040386),-150.43733,-16.040386,"POLYGON((-50.672101 -20.264895,-20.917255 -20.264895,-20.917255 -12.146093,-50.672101 -12.146093,-50.672101 -20.264895))",,POINT(-37.27325 -16.040386),-37.27325,-16.040386,"POLYGON((-686.304 -354.7314,-317.1714 -368.2584,-330.5964 -241.4226,-715.32 -227.4942,-686.304 -354.7314))",,POINT(-550.9194 -296.685),01030000000100000005000000DF4F8D976E7285C0B6847CD0B32B76C08D28ED0DBED273C095D40968220477C05AF5B9DA8AA974C044696FF0852D6EC0C3F5285C8F5A86C0DDB5847CD06F6CC0DF4F8D976E7285C0B6847CD0B32B76C0,625.726916890555344,-550.9194,-296.685,118.303665596,"POLYGON((0.819012 117.333182,0.51524 139.262533,0.433978 126.139305,0.795758 107.642296,0.819012 117.333182))",,POINT(0.663350808230738 118.303665595569),0.663350808231
844,11512.0,,HMI SHARP,HMI,SDO,11512,HMI,,,4.99999987369e-05,SDO,,cm,18.542388916,-16.0886764526,8.07410812378,37.5419044495,"POLYGON((0.472613 195.799487,0.713893 231.383787,0.647228 247.501602,0.292013 208.191807,0.472613 195.799487))",,POINT(0.445299842151602 223.550800896048),"POLYGON((-105.089972 -24.152088,-75.622176 -24.152088,-75.622176 -12.067898,-105.089972 -12.067898,-105.089972 -24.152088))",,POINT(-94.621691 -16.088676),-94.621691,-16.088676,"POLYGON((8.074108 -24.152088,37.541904 -24.152088,37.541904 -12.067898,8.074108 -12.067898,8.074108 -24.152088))",,POINT(18.542389 -16.088676),18.542389,-16.088676,"POLYGON((121.3806 -428.9646,526.1592 -420.2712,564.0522 -233.6196,130.1298 -242.7744,121.3806 -428.9646))",,POINT(289.4088 -304.4322),01030000000100000005000000E3361AC05B585E408CDB68006FCF7AC0304CA60A46718040CEAACFD556447AC0CF66D5E76AA08140401361C3D3336DC0AA60545227446040B84082E2C7586EC0E3361AC05B585E408CDB68006FCF7AC0,420.043352422437522,289.4088,-304.4322,223.550800896,"POLYGON((0.472613 195.799487,0.713893 231.383787,0.647228 247.501602,0.292013 208.191807,0.472613 195.799487))",,POINT(0.445299842151602 223.550800896048),0.445299842152
845,11516.0,,HMI SHARP,HMI,SDO,"11513,11516,11517",HMI,,,4.99999987369e-05,SDO,,cm,-32.5463981628,15.7284936905,-51.3083839417,-19.9768486023,"POLYGON((0.785102 78.064581,0.367507 66.370492,0.44851 45.619174,0.801465 65.856745,0.785102 78.064581))",,POINT(0.5690684546183 65.9826360689773),"POLYGON((-166.678513 11.091841,-135.346979 11.091841,-135.346979 20.863643,-166.678513 20.863643,-166.678513 11.091841))",,POINT(-147.91653 15.728494),-147.91653,15.728494,"POLYGON((-51.308383 11.091841,-19.976849 11.091841,-19.976849 20.863643,-51.308383 20.863643,-51.308383 11.091841))",,POINT(-32.5464 15.728494),-32.5464,15.728494,"POLYGON((-724.56 153.1566,-317.5962 138.9492,-302.3712 295.9056,-689.874 309.2208,-724.56 153.1566))",,POINT(-490.3164 218.481),0103000000010000000500000014AE47E17AA486C0B7D100DE0225634001DE02098AD973C09FABADD85F5E61406744696FF0E572C01FF46C567D7E7240A245B6F3FD8E85C04FAF94658853734014AE47E17AA486C0B7D100DE02256340,536.790573194015678,-490.3164,218.481,65.982636069,"POLYGON((0.785102 78.064581,0.367507 66.370492,0.44851 45.619174,0.801465 65.856745,0.785102 78.064581))",,POINT(0.5690684546183 65.9826360689773),0.569068454618
846,11515.0,,HMI SHARP,HMI,SDO,"11514,11515",HMI,,,4.99999987369e-05,SDO,,cm,-35.2312355042,-16.028295517,-48.4895896912,-18.5894489288,"POLYGON((0.799539 118.282044,0.494107 142.600258,0.404907 129.383457,0.77332 108.299301,0.799539 118.282044))",,POINT(0.639686936849669 119.5618211994),"POLYGON((-163.859721 -20.338559,-133.959579 -20.338559,-133.959579 -12.146403,-163.859721 -12.146403,-163.859721 -20.338559))",,POINT(-150.601366 -16.028296),-150.601366,-16.028296,"POLYGON((-48.489591 -20.338559,-18.589449 -20.338559,-18.589449 -12.146403,-48.489591 -12.146403,-48.489591 -20.338559))",,POINT(-35.231236 -16.028296),-35.231236,-16.028296,"POLYGON((-664.158 -357.3438,-283.0848 -370.263,-295.2084 -242.3442,-692.568 -229.0356,-664.158 -357.3438))",,POINT(-524.8548 -297.6966),010300000001000000050000002506819543C184C0D6C56D34805576C036AB3E575BB171C091ED7C3F352477C0C8073D9B557372C010E9B7AF034B6EC0068195438BA485C09A779CA223A16CC02506819543C184C0D6C56D34805576C0,603.403535566870801,-524.8548,-297.6966,119.561821199,"POLYGON((0.799539 118.282044,0.494107 142.600258,0.404907 129.383457,0.77332 108.299301,0.799539 118.282044))",,POINT(0.639686936849669 119.5618211994),0.63968693685
847,11512.0,,HMI SHARP,HMI,SDO,11512,HMI,,,4.99999987369e-05,SDO,,cm,20.7730312347,-16.0370445251,10.3787193298,39.8881568909,"POLYGON((0.484197 199.92464,0.736507 232.824404,0.67569 248.656719,0.31174 214.589229,0.484197 199.92464))",,POINT(0.469591490445316 226.787941106391),"POLYGON((-104.991411 -24.182495,-75.481973 -24.182495,-75.481973 -12.025131,-104.991411 -12.025131,-104.991411 -24.182495))",,POINT(-94.597099 -16.037045),-94.597099,-16.037045,"POLYGON((10.378719 -24.182495,39.888157 -24.182495,39.888157 -12.025131,10.378719 -12.025131,10.378719 -24.182495))",,POINT(20.773031 -16.037045),20.773031,-16.037045,"POLYGON((155.6472 -429.3936,553.5534 -419.7984,593.652 -231.972,166.9332 -242.0808,155.6472 -429.3936))",,POINT(322.8372 -303.2922),01030000000100000005000000143FC6DCB57463404A7B832F4CD67AC0DAACFA5C6D4C81400612143FC63C7AC0F0A7C64B378D8240C976BE9F1AFF6CC012143FC6DCDD64408AB0E1E995426EC0143FC6DCB57463404A7B832F4CD67AC0,442.955998136022572,322.8372,-303.2922,226.787941106,"POLYGON((0.484197 199.92464,0.736507 232.824404,0.67569 248.656719,0.31174 214.589229,0.484197 199.92464))",,POINT(0.469591490445316 226.787941106391),0.469591490445
848,11515.0,,HMI SHARP,HMI,SDO,"11514,11515",HMI,,,4.99999987369e-05,SDO,,cm,-33.2257995605,-16.0367393494,-46.3013343811,-16.3631019592,"POLYGON((0.779114 119.247349,0.474649 146.031895,0.377323 132.841896,0.749686 108.928271,0.779114 119.247349))",,POINT(0.616281087691226 120.951069101206),"POLYGON((-163.877503 -20.355684,-133.939273 -20.355684,-133.939273 -12.07416,-163.877503 -12.07416,-163.877503 -20.355684))",,POINT(-150.80197 -16.03674),-150.80197,-16.03674,"POLYGON((-46.301333 -20.355684,-16.363103 -20.355684,-16.363103 -12.07416,-46.301333 -12.07416,-46.301333 -20.355684))",,POINT(-33.2258 -16.03674),-33.2258,-16.03674,"POLYGON((-641.232 -359.0682,-250.158 -371.3202,-260.9724 -242.0178,-668.922 -229.392,-641.232 -359.0682))",,POINT(-498.5472 -298.9782),0103000000010000000500000060E5D022DB0984C06519E258177176C0931804560E456FC0DE02098A1F3577C0166A4DF38E4F70C0CD3B4ED191406EC04C37894160E784C0068195438BAC6CC060E5D022DB0984C06519E258177176C0,581.323726251629864,-498.5472,-298.9782,120.951069101,"POLYGON((0.779114 119.247349,0.474649 146.031895,0.377323 132.841896,0.749686 108.928271,0.779114 119.247349))",,POINT(0.616281087691226 120.951069101206),0.616281087691
849,11512.0,,HMI SHARP,HMI,SDO,11512,HMI,,,4.99999987369e-05,SDO,,cm,22.9513607025,-15.8903865814,12.7417268753,42.1930961609,"POLYGON((0.496643 204.019182,0.757661 234.261708,0.702813 249.71264,0.334931 220.317316,0.496643 204.019182))",,POINT(0.493304248084031 229.758071297622),"POLYGON((-104.834443 -24.088475,-75.383075 -24.088475,-75.383075 -11.956829,-104.834443 -11.956829,-104.834443 -24.088475))",,POINT(-94.62481 -15.890387),-94.62481,-15.890387,"POLYGON((12.741727 -24.088475,42.193095 -24.088475,42.193095 -11.956829,12.741727 -11.956829,12.741727 -24.088475))",,POINT(22.95136 -15.890387),22.95136,-15.890387,"POLYGON((190.6878 -427.9062,580.1046 -417.4356,621.822 -229.863,204.4146 -240.8898,190.6878 -427.9062))",,POINT(355.1916 -300.606),010300000001000000050000000B46257502D667402A3A92CB7FBE7AC04B598638D620824034A2B437F8167AC07F6ABC74936E8340560E2DB29DBB6CC07E1D3867448D6940637FD93D791C6EC00B46257502D667402A3A92CB7FBE7AC0,465.322511755620951,355.1916,-300.606,229.758071298,"POLYGON((0.496643 204.019182,0.757661 234.261708,0.702813 249.71264,0.334931 220.317316,0.496643 204.019182))",,POINT(0.493304248084031 229.758071297622),0.493304248084
850,11516.0,,HMI SHARP,HMI,SDO,"11513,11516,11517",HMI,,,4.99999987369e-05,SDO,,cm,-30.3245887756,15.7839326859,-49.1504478455,-17.3329792023,"POLYGON((0.761774 77.703253,0.328637 63.280264,0.422111 41.39347,0.780989 64.988012,0.761774 77.703253))",,POINT(0.539829723637347 64.6239374602037),"POLYGON((-166.726619 11.176804,-134.909149 11.176804,-134.909149 21.09932,-166.726619 21.09932,-166.726619 11.176804))",,POINT(-147.900759 15.783933),-147.900759,15.783933,"POLYGON((-49.150449 11.176804,-17.332979 11.176804,-17.332979 21.09932,-49.150449 21.09932,-49.150449 11.176804))",,POINT(-30.324589 15.783933),-30.324589,15.783933,"POLYGON((-702.078 153.036,-276.8934 139.3824,-263.2788 298.6998,-667.602 311.478,-702.078 153.036))",,POINT(-460.0776 218.2254),01030000000100000005000000B4C876BE9FF085C0FED478E926216340F163CC5D4B4E71C0B1BFEC9E3C6C6140FF21FDF6757470C0DA1B7C6132AB7240894160E5D0DC84C0CFF753E3A5777340B4C876BE9FF085C0FED478E926216340,509.208919037088378,-460.0776,218.2254,64.6239374602,"POLYGON((0.761774 77.703253,0.328637 63.280264,0.422111 41.39347,0.780989 64.988012,0.761774 77.703253))",,POINT(0.539829723637347 64.6239374602037),0.539829723637
851,11516.0,,HMI SHARP,HMI,SDO,"11513,11516,11517",HMI,,,4.99999987369e-05,SDO,,cm,-28.4897994995,15.9731884003,-47.2185897827,-14.8858642578,"POLYGON((0.740139 77.254763,0.293807 59.443311,0.416676 34.836386,0.766312 62.41403,0.740139 77.254763))",,POINT(0.516247624449911 63.1013012427581),"POLYGON((-167.0008 11.320158,-134.668074 11.320158,-134.668074 22.680754,-167.0008 22.680754,-167.0008 11.320158))",,POINT(-148.27201 15.973188),-148.27201,15.973188,"POLYGON((-47.21859 11.320158,-14.885864 11.320158,-14.885864 22.680754,-47.21859 22.680754,-47.21859 11.320158))",,POINT(-28.4898 15.973188),-28.4898,15.973188,"POLYGON((-680.952 154.0242,-238.653 140.8956,-224.5182 322.602,-640.668 334.7334,-680.952 154.0242))",,POINT(-434.2776 220.3092),01030000000100000005000000560E2DB29D4785C00612143FC640634037894160E5D46DC086C954C1A89C614031992A1895106CC01283C0CAA1297440D34D6210580584C02F6EA301BCEB7440560E2DB29D4785C00612143FC6406340,486.96321982917766,-434.2776,220.3092,63.1013012428,"POLYGON((0.740139 77.254763,0.293807 59.443311,0.416676 34.836386,0.766312 62.41403,0.740139 77.254763))",,POINT(0.516247624449911 63.1013012427581),0.51624762445
852,11512.0,,HMI SHARP,HMI,SDO,11512,HMI,,,4.99999987369e-05,SDO,,cm,24.9627227783,-15.8222904205,15.0905542374,44.1286849976,"POLYGON((0.506407 208.221578,0.773302 235.825639,0.725002 250.508187,0.360752 225.168016,0.506407 208.221578))",,POINT(0.516467547839823 232.118647859208),"POLYGON((-104.691656 -23.625746,-75.653524 -23.625746,-75.653524 -11.907038,-104.691656 -11.907038,-104.691656 -23.625746))",,POINT(-94.819487 -15.82229),-94.819487,-15.82229,"POLYGON((15.090554 -23.625746,44.128686 -23.625746,44.128686 -11.907038,15.090554 -11.907038,15.090554 -23.625746))",,POINT(24.962723 -15.82229),24.962723,-15.82229,"POLYGON((225.8868 -420.8964,603.486 -409.734,644.682 -228.1902,241.3248 -239.9136,225.8868 -420.8964))",,POINT(384.516 -299.1366),01030000000100000005000000F8C264AA603C6C4027C286A7574E7AC0D9CEF753E3DB824039B4C876BE9B79C0FA7E6ABC7425844060764F1E16866CC0B537F8C2642A6E40053411363CFD6DC0F8C264AA603C6C4027C286A7574E7AC0,487.170667954834926,384.516,-299.1366,232.118647859,"POLYGON((0.506407 208.221578,0.773302 235.825639,0.725002 250.508187,0.360752 225.168016,0.506407 208.221578))",,POINT(0.516467547839823 232.118647859208),0.51646754784
853,11515.0,,HMI SHARP,HMI,SDO,"11514,11515",HMI,,,4.99999987369e-05,SDO,,cm,-31.3323516846,-16.0743122101,-44.1708488464,-14.1375808716,"POLYGON((0.759037 120.384661,0.458007 149.888997,0.351907 137.028764,0.726052 109.706761,0.759037 120.384661))",,POINT(0.594222682726856 122.435381166191),"POLYGON((-163.953059 -20.465607,-133.919791 -20.465607,-133.919791 -12.080391,-163.953059 -12.080391,-163.953059 -20.465607))",,POINT(-151.114562 -16.074312),-151.114562,-16.074312,"POLYGON((-44.170849 -20.465607,-14.137581 -20.465607,-14.137581 -12.080391,-44.170849 -12.080391,-44.170849 -20.465607))",,POINT(-31.332352 -16.074312),-31.332352,-16.074312,"POLYGON((-617.64 -362.145,-216.7374 -373.7262,-226.2642 -242.883,-644.754 -230.9412,-617.64 -362.145))",,POINT(-473.073 -300.6312),0103000000010000000500000085EB51B81E4D83C0B81E85EB51A276C04182E2C798176BC0AF25E4839E5B77C04DF38E5374486CC0C74B3789415C6EC079E92631082684C0D95F764F1EDE6CC085EB51B81E4D83C0B81E85EB51A276C0,560.51510393783326,-473.073,-300.6312,122.435381166,"POLYGON((0.759037 120.384661,0.458007 149.888997,0.351907 137.028764,0.726052 109.706761,0.759037 120.384661))",,POINT(0.594222682726856 122.435381166191),0.594222682727
854,11512.0,,HMI SHARP,HMI,SDO,11512,HMI,,,4.99999987369e-05,SDO,,cm,26.9761829376,-15.7435741425,17.262550354,39.4919891357,"POLYGON((0.520145 211.711292,0.728609 233.472921,0.670677 248.598168,0.386709 228.944294,0.520145 211.711292))",,POINT(0.539938083473085 234.267375062742),"POLYGON((-104.7257 -23.403553,-82.49626 -23.403553,-82.49626 -11.899867,-104.7257 -11.899867,-104.7257 -23.403553))",,POINT(-95.012067 -15.743574),-95.012067,-15.743574,"POLYGON((17.26255 -23.403553,39.49199 -23.403553,39.49199 -11.899867,17.26255 -11.899867,17.26255 -23.403553))",,POINT(26.976183 -15.743574),26.976183,-15.743574,"POLYGON((257.8986 -417.3894,552.2784 -409.0686,589.0074 -230.8512,275.064 -239.5794,257.8986 -417.3894))",,POINT(413.4318 -297.438),01030000000100000005000000F8C264AA601E704000917EFB3A167AC0A779C7293A428140174850FC189179C0EC2FBB270F6882405E4BC8073DDB6CC01B2FDD2406317140AD69DE718AF26DC0F8C264AA601E704000917EFB3A167AC0,509.308567663297822,413.4318,-297.438,234.267375063,"POLYGON((0.520145 211.711292,0.728609 233.472921,0.670677 248.598168,0.386709 228.944294,0.520145 211.711292))",,POINT(0.539938083473085 234.267375062742),0.539938083473
855,11516.0,,HMI SHARP,HMI,SDO,"11513,11516,11517",HMI,,,4.99999987369e-05,SDO,,cm,-26.490978241,16.0487098694,-45.2713050842,-11.7258558273,"POLYGON((0.717315 77.001598,0.248898 53.541414,0.393438 28.532273,0.747514 61.381723,0.717315 77.001598))",,POINT(0.489798004202045 61.4878447863686),"POLYGON((-167.259554 11.289343,-133.714106 11.289343,-133.714106 22.955277,-167.259554 22.955277,-167.259554 11.289343))",,POINT(-148.479228 16.04871),-148.479228,16.04871,"POLYGON((-45.271304 11.289343,-11.725856 11.289343,-11.725856 22.955277,-45.271304 22.955277,-45.271304 11.289343))",,POINT(-26.490978 16.04871),-26.490978,16.04871,"POLYGON((-659.286 152.1888,-188.829 139.515,-177.2664 326.046,-618.966 337.7274,-659.286 152.1888))",,POINT(-405.978 220.5396),010300000001000000050000003F355EBA499A84C0832F4CA60A0663404A0C022B879A67C014AE47E17A706140F1F44A59862866C0DBF97E6ABC6074407D3F355EBA5783C0C4B12E6EA31B75403F355EBA499A84C0832F4CA60A066340,462.012826285331641,-405.978,220.5396,61.4878447864,"POLYGON((0.717315 77.001598,0.248898 53.541414,0.393438 28.532273,0.747514 61.381723,0.717315 77.001598))",,POINT(0.489798004202045 61.4878447863686),0.489798004202
856,11515.0,,HMI SHARP,HMI,SDO,"11514,11515",HMI,,,4.99999987369e-05,SDO,,cm,-29.4349708557,-16.0948162079,-41.9914932251,-12.0008058548,"POLYGON((0.738354 121.728823,0.444972 153.9553,0.328941 141.622391,0.700993 110.545323,0.738354 121.728823))",,POINT(0.571951433104353 124.038047634194),"POLYGON((-163.979744 -20.645112,-133.989056 -20.645112,-133.989056 -12.059798,-163.979744 -12.059798,-163.979744 -20.645112))",,POINT(-151.42322 -16.094816),-151.42322,-16.094816,"POLYGON((-41.991494 -20.645112,-12.000806 -20.645112,-12.000806 -12.059798,-41.991494 -12.059798,-41.991494 -20.645112))",,POINT(-29.43497 -16.094816),-29.43497,-16.094816,"POLYGON((-592.3788 -366.2724,-184.2918 -377.1072,-192.6354 -243.2406,-619.17 -232.0566,-592.3788 -366.2724))",,POINT(-447.0702 -301.9848),01030000000100000005000000CC5D4BC8078382C0E3361AC05BE476C0211FF46C560967C019E25817B79177C01C7C6132551468C05D6DC5FEB2676EC08FC2F5285C5983C0849ECDAACF016DC0CC5D4BC8078382C0E3361AC05BE476C0,539.505869438952459,-447.0702,-301.9848,124.038047634,"POLYGON((0.738354 121.728823,0.444972 153.9553,0.328941 141.622391,0.700993 110.545323,0.738354 121.728823))",,POINT(0.571951433104353 124.038047634194),0.571951433104
857,11512.0,,HMI SHARP,HMI,SDO,11512,HMI,,,4.99999987369e-05,SDO,,cm,29.1812648773,-15.6692724228,19.4929332733,41.7387886047,"POLYGON((0.538108 214.852919,0.749968 234.822489,0.697732 249.475977,0.415078 232.164753,0.538108 214.852919))",,POINT(0.565964432206931 236.36944140434),"POLYGON((-104.701348 -23.366118,-82.455492 -23.366118,-82.455492 -11.955644,-104.701348 -11.955644,-104.701348 -23.366118))",,POINT(-95.013015 -15.669272),-95.013015,-15.669272,"POLYGON((19.492932 -23.366118,41.738788 -23.366118,41.738788 -11.955644,19.492932 -11.955644,19.492932 -23.366118))",,POINT(29.181265 -15.669272),29.181265,-15.669272,"POLYGON((290.0682 -416.532,578.2266 -407.5542,616.374 -230.7474,309.222 -240.162,290.0682 -416.532))",,POINT(444.5034 -295.6692),010300000001000000050000006519E258172172408D976E1283087AC0302AA913D011824017B7D100DE7879C0A245B6F3FD428340F9A067B3EAD76CC0643BDF4F8D53734077BE9F1A2F056EC06519E258172172408D976E1283087AC0,533.857236009965504,444.5034,-295.6692,236.369441404,"POLYGON((0.538108 214.852919,0.749968 234.822489,0.697732 249.475977,0.415078 232.164753,0.538108 214.852919))",,POINT(0.565964432206931 236.36944140434),0.565964432207
858,11516.0,,HMI SHARP,HMI,SDO,"11513,11516,11517",HMI,,,4.99999987369e-05,SDO,,cm,-25.0292320251,16.1808357239,-44.6788368225,-9.43227386475,"POLYGON((0.71012 76.989111,0.217914 47.811699,0.379707 23.486495,0.742068 60.917385,0.71012 76.989111))",,POINT(0.470934388615854 60.0316176893898),"POLYGON((-168.873116 11.238161,-133.626554 11.238161,-133.626554 23.151475,-168.873116 23.151475,-168.873116 11.238161))",,POINT(-149.223512 16.180836),-149.223512,16.180836,"POLYGON((-44.678836 11.238161,-9.432274 11.238161,-9.432274 23.151475,-44.678836 23.151475,-44.678836 11.238161))",,POINT(-25.029232 16.180836),-25.029232,16.180836,"POLYGON((-652.638 150.804,-152.3016 138.042,-142.7412 328.494,-611.718 340.2348,-652.638 150.804))",,POINT(-384.8268 221.8968),01030000000100000005000000C976BE9F1A6584C07D3F355EBAD96240280F0BB5A60963C0D34D62105841614072F90FE9B7D761C096438B6CE787744039B4C876BE1D83C09D11A5BDC1437540C976BE9F1A6584C07D3F355EBAD96240,444.218252493613818,-384.8268,221.8968,60.0316176894,"POLYGON((0.71012 76.989111,0.217914 47.811699,0.379707 23.486495,0.742068 60.917385,0.71012 76.989111))",,POINT(0.470934388615854 60.0316176893898),0.470934388616
859,11515.0,,HMI SHARP,HMI,SDO,"11514,11515",HMI,,,4.99999987369e-05,SDO,,cm,-27.5540504456,-16.1131687164,-39.7210006714,-9.90936279297,"POLYGON((0.715102 122.933536,0.430924 157.950121,0.308545 146.778704,0.674072 111.509094,0.715102 122.933536))",,POINT(0.549898020584454 125.778665012379),"POLYGON((-163.915281 -20.582133,-134.103643 -20.582133,-134.103643 -12.035627,-163.915281 -12.035627,-163.915281 -20.582133))",,POINT(-151.74833 -16.113169),-151.74833,-16.113169,"POLYGON((-39.721001 -20.582133,-9.909363 -20.582133,-9.909363 -12.035627,-39.721001 -12.035627,-39.721001 -20.582133))",,POINT(-27.55405 -16.113169),-27.55405,-16.113169,"POLYGON((-566.1378 -366.7212,-152.5974 -376.7472,-159.4542 -243.474,-591.552 -233.127,-566.1378 -366.7212))",,POINT(-420.8136 -303.2622),010300000001000000050000001CEBE2361AB181C001DE02098AEB76C02CD49AE61D1363C024B9FC87F48B77C0FB3A70CE88EE63C0BA490C022B6F6EC023DBF97E6A7C82C0F2D24D6210246DC01CEBE2361AB181C001DE02098AEB76C0,518.702272882816601,-420.8136,-303.2622,125.778665012,"POLYGON((0.715102 122.933536,0.430924 157.950121,0.308545 146.778704,0.674072 111.509094,0.715102 122.933536))",,POINT(0.549898020584454 125.778665012379),0.549898020584
860,11512.0,DSO,SWPC,nil,nil,,various,,,5e-05,various,,cm,29.0,-16.0,24.0,34.0,"POLYGON((0.508729 230.432043,0.626703 239.315157,0.624449 239.848821,0.505397 231.02329,0.508729 230.432043))",,POINT(0.566225148093774 235.707251467808),"POLYGON((-100.19428 -16.185638,-90.19428 -16.185638,-90.19428 -15.814362,-100.19428 -15.814362,-100.19428 -16.185638))",,POINT(-95.19428 -16),-95.19428,-16.0,"POLYGON((24 -16.185638,34 -16.185638,34 -15.814362,24 -15.814362,24 -16.185638))",,POINT(29 -16),29.0,-16.0,"POLYGON((369.9162 -305.673,508.3812 -301.6728,509.331 -295.857,370.6074 -299.8626,369.9162 -305.673))",,POINT(441.2598 -300.9252),0103000000010000000500000086C954C1A81E774054E3A59BC41A73C0C3D32B6519C67F40FBCBEEC9C3DA72C09EEFA7C64BD57F40C1CAA145B67D72C072F90FE9B72977407958A835CDBD72C086C954C1A81E774054E3A59BC41A73C0,534.103161468905682,441.2598,-300.9252,235.707251468,"POLYGON((0.508729 230.432043,0.626703 239.315157,0.624449 239.848821,0.505397 231.02329,0.508729 230.432043))",,POINT(0.566225148093774 235.707251467808),0.566225148094
861,11513.0,DSO,SWPC,nil,nil,,various,,,5e-05,various,,cm,-17.0,17.0,-19.5,-14.5,"POLYGON((0.402729 52.847178,0.341394 44.855067,0.346965 43.800906,0.407192 51.832267,0.402729 52.847178))",,POINT(0.373824151864033 48.6882902350025),"POLYGON((-143.69428 16.752482,-138.69428 16.752482,-138.69428 17.247518,-143.69428 17.247518,-143.69428 16.752482))",,POINT(-141.19428 17),-141.19428,17.0,"POLYGON((-19.5 16.752482,-14.5 16.752482,-14.5 17.247518,-19.5 17.247518,-19.5 16.752482))",,POINT(-17 17),-17.0,17.0,"POLYGON((-302.7768 229.4274,-227.1306 228.2826,-226.5294 236.2152,-301.9752 237.3558,-302.7768 229.4274))",,POINT(-264.861 232.782),010300000001000000050000008638D6C56DEC72C0EFC9C342ADAD6C40711B0DE02D646CC030BB270F0B896C4014D044D8F0506CC02D431CEBE2866D40F2B0506B9ADF72C0567DAEB662AB6D408638D6C56DEC72C0EFC9C342ADAD6C40,352.617085299337134,-264.861,232.782,48.688290235,"POLYGON((0.402729 52.847178,0.341394 44.855067,0.346965 43.800906,0.407192 51.832267,0.402729 52.847178))",,POINT(0.373824151864033 48.6882902350025),0.373824151864
862,11516.0,DSO,SWPC,nil,nil,,various,,,5e-05,various,,cm,-27.0,14.0,-29.5,-24.5,"POLYGON((0.519001 67.627229,0.449095 64.176022,0.450572 63.665265,0.520155 67.172837,0.519001 67.627229))",,POINT(0.484852106667205 65.8102500775124),"POLYGON((-153.69428 13.87624,-148.69428 13.87624,-148.69428 14.12376,-153.69428 14.12376,-153.69428 13.87624))",,POINT(-151.19428 14),-151.19428,14.0,"POLYGON((-29.5 13.87624,-24.5 13.87624,-24.5 14.12376,-29.5 14.12376,-29.5 13.87624))",,POINT(-27 14),-27.0,14.0,"POLYGON((-452.7072 186.3408,-381.3138 184.5312,-380.9022 188.541,-452.2188 190.3476,-452.7072 186.3408))",,POINT(-417.1884 187.4022),01030000000100000005000000B37BF2B0504B7CC042CF66D5E74A6740C217265305D577C054742497FF106740386744696FCE77C05A643BDF4F916740D6C56D3480437CC0DE02098A1FCB6740B37BF2B0504B7CC042CF66D5E74A6740,457.346417564847684,-417.1884,187.4022,65.8102500775,"POLYGON((0.519001 67.627229,0.449095 64.176022,0.450572 63.665265,0.520155 67.172837,0.519001 67.627229))",,POINT(0.484852106667205 65.8102500775124),0.484852106667
863,11515.0,EKC,SWPC,nil,nil,,various,,,5e-05,various,,cm,-30.0,-16.0,-35.5,-24.5,"POLYGON((0.645198 119.928005,0.516061 129.277059,0.509786 128.146413,0.641131 118.921934,0.645198 119.928005))",,POINT(0.578140026395147 123.439962502154),"POLYGON((-159.69428 -16.356276,-148.69428 -16.356276,-148.69428 -15.643724,-159.69428 -15.643724,-159.69428 -16.356276))",,POINT(-154.19428 -16),-154.19428,-16.0,"POLYGON((-35.5 -16.356276,-24.5 -16.356276,-24.5 -15.643724,-35.5 -15.643724,-35.5 -16.356276))",,POINT(-30 -16),-30.0,-16.0,"POLYGON((-527.4414 -303.6354,-376.8174 -308.1696,-378.1698 -297.018,-529.3338 -292.4724,-527.4414 -303.6354))",,POINT(-455.0682 -300.5178),01030000000100000005000000A323B9FC877B80C00EBE30992AFA72C002BC0512148D77C06D567DAEB64273C0C66D3480B7A277C03F355EBA499072C03D9B559FAB8A80C0166A4DF38E4772C0A323B9FC877B80C00EBE30992AFA72C0,545.342108009348522,-455.0682,-300.5178,123.439962502,"POLYGON((0.645198 119.928005,0.516061 129.277059,0.509786 128.146413,0.641131 118.921934,0.645198 119.928005))",,POINT(0.578140026395147 123.439962502154),0.578140026395
864,11514.0,DSI,SWPC,nil,nil,,various,,,5e-05,various,,cm,-15.0,-15.0,-18.5,-11.5,"POLYGON((0.435172 135.018417,0.364827 148.0042,0.362015 147.690537,0.432957 134.668639,0.435172 135.018417))",,POINT(0.396567681412282 140.72276240696),"POLYGON((-142.69428 -15.103132,-135.69428 -15.103132,-135.69428 -14.896868,-142.69428 -14.896868,-142.69428 -15.103132))",,POINT(-139.19428 -15),-139.19428,-15.0,"POLYGON((-18.5 -15.103132,-11.5 -15.103132,-11.5 -14.896868,-18.5 -14.896868,-18.5 -15.103132))",,POINT(-15 -15),-15.0,-15.0,"POLYGON((-290.163 -290.3496,-182.34 -291.8526,-182.517 -288.6078,-290.4444 -287.1042,-290.163 -290.3496))",,POINT(-236.814 -289.5648),01030000000100000005000000F853E3A59B2272C0E86A2BF6972572C07B14AE47E1CA66C01DC9E53FA43D72C0068195438BD066C024287E8CB90972C07AA52C431C2772C0E4839ECDAAF171C0F853E3A59B2272C0E86A2BF6972572C0,374.070373051702632,-236.814,-289.5648,140.722762407,"POLYGON((0.435172 135.018417,0.364827 148.0042,0.362015 147.690537,0.432957 134.668639,0.435172 135.018417))",,POINT(0.396567681412282 140.72276240696),0.396567681412
